2.420862327093397173e-02
6.518565135850544756e-01
2.007964198595313110e-01
3.506868523514211633e-01
1.263684393717783017e-01
9.875046636298163705e-01
8.616257219731785488e-01
8.194990362546203944e-01
9.900101717807205937e-01
2.420862327093382255e-02
3.347557645003814558e-02
9.008427450935490022e-01
1.417212135657678895e-01
6.610791254897416952e-03
2.236017932638424688e-01
2.083757868313371869e-02
1.737464489282679325e-01
6.816816346005194482e-02
1.744885934849063625e-01
6.053504731648107207e-01
2.447000456308228433e-01
7.852791704530490691e-01
2.941290276601471465e-01
7.794497971173152129e-01
1.529670566025884970e-01
9.657129524706095092e-01
9.457487673851872056e-01
7.760487749162994220e-01
2.823081617377658503e-01
9.425549775321626633e-01
1.627907488405209643e-02
8.982750285943567059e-01
8.677947969310421117e-01
5.913188278904894790e-02
9.215476129047566189e-01
9.325379685790154971e-01
8.054256932365277954e-01
1.722772727542517812e-01
9.790313443106815061e-01
1.449817684330604872e-01
1.610474515906295534e-01
9.213919413724925844e-01
1.087403534559468615e-01
6.844443083279883044e-01
7.018844509717270252e-01
3.506868523486432188e-01
8.645355351659430587e-01
1.090294023432360759e-01
8.961022558847683284e-01
8.124305611080838707e-01
8.257426362071136339e-01
2.476605070227449745e-01
7.447450411360647671e-01
9.762036885109037776e-01
9.271338229354918470e-01
8.654903150551190860e-02
2.289806266066904405e-01
7.682183766134136338e-01
2.234475750427638019e-01
6.910986889571622827e-02
2.344692263060683124e-01
8.222715809359443240e-02
8.438586453887005900e-01
1.429669396196946995e-01
3.846167034207014779e-01
3.218900254412877110e-02
5.946455204329685884e-01
3.086132122603932881e-01
8.213515304024121555e-01
1.298725276026684305e-01
3.843717764889834632e-01
5.399319511451825676e-02
2.521499648296027241e-01
8.462753654191199626e-01
5.628462725465149114e-02
3.386535502333957171e-01
5.845318804768466769e-01
8.401583037905210882e-03
1.847711124975862651e-01
3.600418792916371818e-02
3.734891973710174895e-01
3.755582307470755610e-01
7.986845966940507580e-02
1.233667095995349128e-01
2.689678541846169963e-03
1.268146811366660000e-02
7.447450411359546329e-01
7.409965689733108984e-01
9.137397546690346761e-01
9.499392329996421136e-01
7.271203380047446263e-01
6.244864636980813621e-01
7.567965624880417241e-01
9.929036530789892012e-01
7.740764845110510439e-01
6.686348356282952876e-01
1.483779086579918305e-01
1.680511322308436417e-01
9.629478648223215309e-01
9.269204670189540307e-01
9.459330947888396901e-01
9.918234674290580255e-01
8.011258437310891933e-01
2.218629606407171717e-01
9.108212050199306908e-01
9.768639316581880783e-01
2.083757868313376033e-02
7.409965689733121197e-01
8.468712014993239334e-01
8.615627990969224603e-01
8.216379974881463655e-01
8.499506349941852168e-01
6.297522207664717209e-02
2.461570414203054780e-01
7.688463247062022887e-01
6.683722883555813787e-01
7.464647599722563642e-01
2.165350405046498339e-01
7.516983903741111805e-02
8.949691094879075326e-01
7.358354770652759669e-01
2.020507335490999701e-01
2.660523605767812771e-01
4.027848170922861959e-01
6.759895263621937822e-01
8.557641708988239504e-01
2.096637849364493822e-02
7.982613047039734955e-01
9.272674614399298854e-01
1.725152046546114259e-01
6.702277550331666722e-01
9.512183327352500273e-01
2.891162041335579858e-01
1.957670151554178825e-02
5.241507017887321318e-01
5.680413348582039612e-01
6.049185759599959855e-01
9.790313443106815061e-01
6.827765568320887102e-01
8.088378741459482102e-01
4.111484229163431953e-02
7.326716135875513958e-01
8.989823395858944632e-01
6.332616210001321688e-01
1.361739683838667642e-02
8.310493698271713414e-02
5.548021848176893922e-01
9.009279605601330787e-02
7.965016468628027813e-01
7.513410823936474969e-01
3.812080565494470608e-01
2.174745169716827409e-01
1.979903652223171662e-01
8.156719592360962834e-02
2.886521690859361056e-01
9.705063308563472990e-01
9.614349923678804366e-01
6.792058888136289774e-01
1.849418384573210394e-01
5.921142221935438849e-02
9.026774499142679875e-02
4.893730105975965805e-01
2.928622070082046447e-01
5.785371112900241641e-01
8.164431790268562583e-01
9.018681814894466964e-01
5.271776646832220664e-02
6.148111313184995153e-01
8.058618014157328258e-01
5.399319511458085252e-02
4.557533788390975005e-01
1.816329156024812097e-01
2.309374024920868990e-02
1.569384007428394345e-01
2.703154251638682504e-01
9.657129524704687329e-01
7.330769707751234598e-01
1.345492112297289600e-01
3.483765386575178868e-01
2.170984846696845660e-01
8.116824223029514562e-02
8.981748653958554485e-01
9.281386814590206757e-01
4.417775709848191790e-01
3.465352088322313368e-02
5.458437951805372723e-01
1.026416568598201157e-01
7.027786460853957529e-01
2.083757868313379849e-02
9.117797197223711514e-01
1.235212646239975398e-01
1.243324500096101987e-01
8.495054698427193518e-01
3.538172893754388815e-01
8.611090034113879632e-01
3.660769291392225178e-01
3.551088785084342003e-01
5.436757167013526182e-01
3.551088785087901933e-01
4.604940482610399566e-01
2.260782505396179698e-01
1.929595198281209567e-01
5.489188921090766282e-01
8.201983893134034975e-02
2.911772554827299353e-01
9.579158056592729231e-02
9.045936638888939507e-01
8.824422159660922915e-01
5.914827507047569766e-01
6.675806484912236716e-01
2.151427764339553517e-01
6.067574656665231103e-02
4.441892809570838208e-01
8.003025331571408385e-01
4.626302840142613136e-03
1.904736577579187740e-01
1.962400394164818540e-01
3.999784698402730071e-02
9.868827215698576794e-01
4.469400750310272286e-01
4.133514517576195590e-01
9.018681814894465854e-01
9.959500603643564043e-01
3.339344112939197640e-01
8.973564149485645514e-01
7.573314335631921024e-01
7.554799678229781046e-01
8.026257153377284181e-01
2.901421990516059313e-01
8.294227747290291441e-01
9.856179698694969016e-01
6.389538745985097190e-01
6.325521479611417863e-01
9.863932321099176947e-01
5.294167950996857552e-01
9.569175592507550565e-02
2.764994016687427614e-01
9.688819570508981627e-02
7.740630578634509762e-01
9.888675472809893563e-01
3.110507817285870225e-01
6.817716095285607236e-02
5.497450884356840373e-01
9.261636939006124836e-01
1.751770780445061071e-01
2.083757868313378114e-02
6.112117720731873316e-01
9.893331650213297301e-01
3.551088785086832789e-01
5.555845060664601487e-01
7.651211892208338305e-01
6.557439861336797904e-01
9.464653208943815677e-02
7.682183766134113023e-01
2.168254805932047502e-01
1.180245753059451785e-01
2.612730938933542357e-01
9.680586877278107849e-01
4.070611470467948578e-01
9.841202862957795228e-01
9.768639316581881893e-01
2.037095804087442064e-01
4.467414007296676703e-01
9.814099722381789404e-01
8.064557017193509925e-01
5.638577744664852176e-01
2.927292710697030342e-01
2.199174256489256074e-01
3.906929618289110839e-02
2.430643497330184089e-01
6.226812892606017336e-01
5.251530612943164922e-01
1.994530935009418762e-02
1.216638361214907316e-01
4.167753097032310117e-01
8.140757771653084340e-01
1.760934104141699819e-01
1.357349539818069883e-01
7.688463247062020667e-01
6.574840643396444584e-01
7.872908997333553927e-02
1.866564271834787736e-01
2.447000456308229543e-01
7.682183766134091929e-01
1.193661592219998208e-01
6.236880076372441906e-01
1.548601836262499809e-01
9.817504069908871145e-01
2.850174235478392104e-01
1.972659437514625441e-02
2.537454381938042056e-02
4.381243936570700659e-01
7.594979661543443950e-01
6.325521479611413422e-01
7.212627891690368553e-01
9.013261391279849821e-01
8.064782950001658790e-02
2.401439935892870081e-01
3.616886788773486516e-02
8.832776423876348426e-01
