2.259525616105735601e-02
7.518560436396779512e-01
1.007943391018978063e-01
2.509804747477548670e-01
2.636165267601884785e-02
2.259358059243359029e-02
9.616267948428790513e-01
8.559087940033531794e-01
2.258408387165760853e-02
2.259334249203683032e-02
2.260320130018502946e-02
8.386029410400129818e-04
4.171405441822961108e-02
2.259061566373550198e-02
1.236017925193890754e-01
2.259684333132027864e-02
7.374009762753014341e-02
2.259992584007190775e-02
7.448198377320050523e-02
7.053509098321391058e-01
1.447060724501080253e-01
8.558953548137933076e-01
1.941359891899606116e-01
8.558838815839915348e-01
5.295966718642966531e-02
2.257454954078344858e-02
2.255207608114908127e-02
8.558881291687131521e-01
1.823150936536530875e-01
2.256626666187014352e-02
2.259460752417039031e-02
9.982710809858253986e-01
9.677901695708095442e-01
2.259555451866229053e-02
2.154170625625559735e-02
2.237491170473137128e-02
8.558992674061176587e-01
7.227114925692403047e-02
2.259631139161909219e-02
4.497431977106550183e-02
6.104037570620039765e-02
2.138664782289086130e-02
2.262726153012887403e-02
7.844437172525814406e-01
8.018894831711836924e-01
2.509807244145518257e-01
9.645374812664060382e-01
2.262410133721454511e-02
9.960986886723903755e-01
8.559014273056960720e-01
8.559112440307614644e-01
1.476667616982073883e-01
8.445859804613968791e-01
2.258869514400292308e-02
2.242218887224757193e-02
2.260823387819510186e-02
1.289803189230802061e-01
8.559012318223662152e-01
1.234506142094559805e-01
2.261331453853811582e-02
1.344748414245384716e-01
2.259736446687507505e-02
9.438607604594553280e-01
4.295961789766780670e-02
2.846177838079579359e-01
2.259854089861451643e-02
6.946473122751051221e-01
2.086196258861987562e-01
8.559092571376649694e-01
2.986806843520077928e-02
2.843701660537407694e-01
2.260704853948302881e-02
1.521554107803816946e-01
9.462768983946862056e-01
2.260035401933776708e-02
2.386590618554279286e-01
6.845271050433685556e-01
2.260384753271538899e-02
8.476447843800827275e-02
2.259440037999307926e-02
2.734885462754234053e-01
2.755558847415878199e-01
2.258754585202011472e-02
2.336002975294965492e-02
2.258948963323131193e-02
2.259595249538907946e-02
8.445859990858176625e-01
8.408540387755797374e-01
1.373513054545344274e-02
2.258713911195660284e-02
8.271210807053258618e-01
7.244833964421247829e-01
8.558672936495893557e-01
2.259774134645453625e-02
8.558874692853053467e-01
7.686337638208706746e-01
4.837084976740504277e-02
6.804428904532891509e-02
2.257939716869244648e-02
2.258742795805046555e-02
2.255644744900842102e-02
2.258295240168435580e-02
8.559093133939909004e-01
1.218683455141955502e-01
1.081636720496911667e-02
2.259670817644300958e-02
2.259734558020997860e-02
8.408538729711609871e-01
9.468757664762214032e-01
9.615635137239166852e-01
8.559179724545754597e-01
9.499542782621210879e-01
2.260874752936883544e-02
1.461629820533803525e-01
8.558809983772581731e-01
7.683722121671457961e-01
8.464675474320475512e-01
1.165386674230493996e-01
2.259067610579249333e-02
9.949640086547775208e-01
8.358378972775120097e-01
1.020486561838804124e-01
1.660590723328197182e-01
3.027833593203009266e-01
7.759905662467703191e-01
9.557651171119462274e-01
2.259727073321935939e-02
8.558980502593643847e-01
2.255212391245930287e-02
7.250854424985662960e-02
7.702275867758043848e-01
2.258902793463181055e-02
1.891230637400174996e-01
2.259402427700526669e-02
6.241448157967822707e-01
6.680363893727176983e-01
7.049162457810094207e-01
2.259631139161909219e-02
7.827761825287664621e-01
8.559031353065165160e-01
2.259192993812849867e-02
8.326740177236520157e-01
9.989770889110863861e-01
7.332602281371641828e-01
2.259329476567992906e-02
2.259947962437799940e-02
6.547971724328477405e-01
2.261083748944279354e-02
8.559053524376212252e-01
8.513444994010155309e-01
2.812096227238528034e-01
1.174773537587827654e-01
9.798715488055527445e-02
2.260347089603812962e-02
1.886585076908876835e-01
2.259107560275116708e-02
2.258828301932332833e-02
7.792053031223677984e-01
8.493674565700053136e-02
2.261840547955958070e-02
2.260900116475584101e-02
5.893701583867002602e-01
1.928689108788846085e-01
6.785351372162132799e-01
8.559274843368452901e-01
1.863882862411779875e-03
2.259382996069517549e-02
7.148093711941592154e-01
8.559048857646358588e-01
2.259205906266073538e-02
3.557487540864034403e-01
8.162730244836341464e-02
2.259506092434199892e-02
5.693104580557807604e-02
1.703221332368152763e-01
2.257398499587177573e-02
8.330756598702409033e-01
3.454250629396667799e-02
2.483798680934706793e-01
1.171016563269571403e-01
2.259552905101766540e-02
9.981699712235913013e-01
2.230511178433915512e-02
3.417733298194953195e-01
2.259648660445165089e-02
6.458393658052892228e-01
2.264756183305714418e-02
8.027806143715510157e-01
2.259734558020997860e-02
1.177379412748635890e-02
2.351449921017459768e-02
2.432569674352538097e-02
9.495057748639263995e-01
2.538202718044321737e-01
9.611093786664344218e-01
2.660789678305324757e-01
2.551128137382913663e-01
6.436707524161304761e-01
2.551128137382913663e-01
3.604883693820315482e-01
1.260818452262998379e-01
9.295536454750698285e-02
6.489156671619811245e-01
2.261504696218901919e-02
1.911832342301393317e-01
2.261772342370102148e-02
4.587930456131900092e-03
9.824387803413777709e-01
6.914840352543145663e-01
7.675803558527564130e-01
1.151457412132068370e-01
2.260862486016671641e-02
3.441851137644979519e-01
8.559129751333383052e-01
2.259648314473288941e-02
9.046883089897682362e-02
9.623615621273447218e-02
2.259630097555461598e-02
2.259474731187366414e-02
3.469361286690644808e-01
3.133484420081829591e-01
1.863882862411779875e-03
2.259228518323190549e-02
2.339399293531453650e-01
9.973527118816304382e-01
8.558723310347995383e-01
8.554813696457229666e-01
8.559135731015170556e-01
1.901491576664680883e-01
8.558988623058821910e-01
2.258074513721480131e-02
7.389535598392726889e-01
7.325507052941702124e-01
2.258683400217898624e-02
6.294109499401316921e-01
2.261173994942314303e-02
1.765061304810452980e-01
2.260926199244554097e-02
8.559063744021738751e-01
2.258820056594681297e-02
2.110576809841050172e-01
2.262477623455395187e-02
6.497405121662038763e-01
2.253061698986229960e-02
7.517115090354850593e-02
2.259734558020997860e-02
7.112104294882323208e-01
2.258930687245360586e-02
2.551128137382913663e-01
6.555784717673862616e-01
8.558919684002769257e-01
7.557431500465501273e-01
2.259786903221795012e-02
8.559012318223662152e-01
1.168260976369140253e-01
2.283531867785492872e-02
1.612798032956037630e-01
2.258219482652800564e-02
3.070589571719527511e-01
2.260099401509718317e-02
2.258977912612739058e-02
1.037089281121719719e-01
3.467364452433894795e-01
2.258457233737912878e-02
8.558986408318398631e-01
6.638537302443137111e-01
1.927357224800209934e-01
1.199217281098690357e-01
2.260496709873590152e-02
1.430705438646099892e-01
7.226799972317121679e-01
6.251519360371057266e-01
2.258857162739796517e-02
2.261253553998691240e-02
3.167718602244952164e-01
8.559203507429371527e-01
7.608687316249547472e-02
3.572827896095778083e-02
8.558800342339426548e-01
7.574830499385023508e-01
2.259897125479795946e-02
8.665096498247813750e-02
1.447060724501080253e-01
8.559012318223662152e-01
2.280281598489991915e-02
7.236856830375850702e-01
5.485275279561407924e-02
2.258949180235554979e-02
1.850243840470156553e-01
2.257829464092055149e-02
2.259226643153608091e-02
3.381203994231937182e-01
8.558853557759673603e-01
7.325507052941702124e-01
8.212599086121323833e-01
1.320995858906751433e-03
2.260921552625121123e-02
1.401499090846199669e-01
2.259258940072659053e-02
9.832728681727930242e-01
