1.749493205396957241e-01
4.843115023478058445e-01
7.508307196013909168e-01
2.431247163417417922e-01
2.404518396912396980e-02
9.903619964622256688e-01
5.999848771051607965e-01
3.170214750225343603e-01
1.223991290459693487e-01
2.920979066658752066e-01
3.519001333498055217e-01
4.807979032976198580e-02
4.219091554417223749e-02
1.236350061181612919e-01
1.564589318031619491e-01
6.393584392972840869e-01
3.030718735580647527e-01
1.779161569183915562e-02
8.108417674442632839e-01
1.236188484218895545e-01
6.350925700310230404e-01
1.749787721844376642e-01
9.032984125767801187e-02
7.347537423230839915e-01
1.710676605033660258e-01
8.970250099934047316e-01
4.336933937926688021e-01
5.660611719712843604e-01
3.706175508659304008e-01
2.591326517766546211e-01
3.761925555754601080e-01
8.351159046434823985e-01
5.281473174458302111e-01
7.423507919332483773e-01
1.348669212945902141e-01
1.817903470511910424e-01
2.447102109310513030e-01
1.466928894177959297e-01
1.382161668059487813e-01
6.693223734717126394e-01
3.122268280595589807e-01
2.642260779350816824e-01
8.509642431141153374e-01
4.484333841441066199e-02
7.152469462837580672e-01
8.733910795859460841e-01
3.524785239961505390e-01
6.420593284891207286e-02
1.404020838766060209e-01
4.406960618091391169e-01
9.698450362790475010e-01
5.634498762705834052e-01
5.160752646096691265e-01
8.656510636767008604e-01
2.871554304793196288e-01
7.982887312234573374e-01
5.400523304077213815e-01
5.769058168886501692e-01
5.530492933226297536e-01
5.040907357151702683e-01
7.368758087710550742e-01
4.555722873223239100e-01
9.419123744482263971e-01
5.207924036203472884e-01
8.262536379306704148e-01
1.031819759059330460e-01
9.120118056458065281e-01
9.280582566346233797e-01
7.910209850678957544e-01
1.706994341290948847e-01
5.208361243410717378e-01
8.105754521082900732e-01
1.342616542465888685e-01
1.449457826709242385e-02
2.427582810685847137e-01
4.075167578153148229e-01
6.339227853576978600e-01
2.230349930936593172e-01
1.817926138430101812e-01
8.599677366634723708e-01
3.340204462708430411e-01
1.234019963799449782e-01
7.487873883246315421e-01
8.392125342211118610e-01
6.159730108102965396e-01
9.647958003158871865e-01
4.931419592334772561e-01
6.057594754332692455e-01
5.769229230610877224e-01
1.787486929393910517e-01
7.550689939834632769e-01
1.375104488899011046e-01
4.307100797708051515e-02
9.514969747462483918e-01
4.781278580815475632e-01
9.174400456298976714e-01
2.137425928923064322e-01
7.873467555812049268e-01
6.189998901832879374e-01
8.081659241970213792e-01
8.822636421173539745e-01
5.850211075520475035e-01
2.693503338559393723e-01
3.007481353344504393e-01
7.529741818457624802e-01
1.515163126374130254e-01
1.615058673848074056e-01
1.961867493488510805e-01
9.729725135438703765e-01
9.044435119727836092e-01
1.561261869756674914e-01
3.264038581949076923e-01
6.522165719031229880e-01
8.497049032950998448e-02
1.857511543220250749e-01
6.095714657162092376e-01
7.055355763211061948e-01
1.726183364332203596e-01
9.029567690379545208e-01
4.706257285026398951e-01
3.814626015128955161e-01
1.572490281802307044e-01
2.406038759828070250e-01
4.447021022643492527e-01
1.788038040830854658e-01
5.434197982055983811e-01
1.723789803099438078e-01
8.045112422675662067e-01
8.143268549188389938e-02
6.057594754361947942e-01
7.486280408786472051e-01
4.998087280322541792e-01
1.010058748575412280e-01
5.505140750423959117e-01
5.636348810153473110e-01
2.582508164973627562e-01
9.139038026455288399e-01
3.996421291158780420e-01
3.390350128204795005e-02
9.780461401467273053e-01
4.447462091082969859e-01
1.213596290481202544e-01
9.979831282414848292e-01
4.600201150103820358e-01
9.494631547007136296e-01
6.188901220202216447e-01
3.719970805695491656e-01
1.024890207720149105e-01
2.113732312297056104e-01
3.088592669659326884e-01
2.922007168949153355e-01
2.549749239435825099e-01
5.667766470060474626e-01
1.111545119087481853e-01
8.822636421173861709e-01
5.880667598846068406e-02
9.112974159107696259e-01
3.711093194378068394e-01
2.582002903581788189e-01
3.310685035049563130e-01
2.599574362285915763e-01
7.447060236179340320e-01
1.080916305068159028e-01
4.409176893956613386e-01
3.066980450270334613e-01
5.968219150247856541e-01
3.926569287735894864e-01
3.313659832036519037e-01
8.494456735107690226e-02
8.993317501137881864e-01
2.133631956758486325e-01
2.237982484870678079e-01
4.827723150533079766e-01
7.589671776515385382e-01
9.265546067857831636e-01
8.303368835589979291e-01
2.052921145126012925e-01
3.442983348494421114e-01
2.643952704738870563e-01
9.233638234331983941e-02
5.483198256948971228e-01
3.952642314344975705e-01
6.115767832167147144e-01
5.720045651226348671e-01
1.012104316774950358e-01
6.432044698604821864e-01
3.273039081680657048e-01
3.068444102762198922e-01
8.819078864134658469e-01
8.756962345277246040e-01
3.362863383824371555e-01
1.426557691653886628e-01
6.057594754302848550e-01
2.310819721855445485e-01
5.098701187155730424e-02
1.072685020215318266e-02
2.451122350846578757e-01
8.328767954815321506e-01
3.310404425947438001e-01
1.652289033099948179e-01
2.364480170872564901e-01
2.064631493064108814e-01
5.816530692214769704e-01
1.695175220961218643e-01
3.771721350896080349e-02
1.646103389802051203e-02
3.714721248109184581e-01
7.261451955580764187e-03
4.177141273002929478e-01
8.248403749676604946e-01
2.108226402807442112e-01
8.041428456865501451e-01
1.255015207862261450e-01
4.687028405228226280e-01
9.490250798515942332e-02
1.900791130955466202e-01
8.015530056224126065e-01
1.787486929568814220e-01
1.849934800151194492e-01
3.227245053039882738e-01
2.336923158651441901e-01
4.979686230755452359e-01
5.293149910461391050e-01
7.156846813562915688e-02
7.135873343656329304e-01
9.337162466516498727e-01
9.356796103535847120e-01
7.216690674308018361e-01
2.115259702066412117e-01
4.827723150533271834e-01
7.719946669079158497e-01
6.037395341593342346e-01
9.253842372156376728e-01
3.483503070391307244e-01
2.528115995577576713e-01
2.200209497966804095e-01
1.898457206399123964e-01
1.585373286058552877e-02
9.747906398283012752e-01
6.105204448568517517e-01
4.207889805704855823e-01
3.964554577267963009e-01
5.612741270168704055e-01
8.239778444624836773e-01
2.914814809127472817e-01
1.140044987026675866e-01
9.597667590388161418e-01
1.231490103858292467e-02
4.405079935909734790e-01
8.654811568415914369e-01
2.420511729010613733e-01
1.478203824729212579e-01
7.254804585519099014e-01
9.106378980155142855e-02
7.830815798744522604e-01
9.459363744633911830e-01
9.623149151811386526e-01
9.865009711336076847e-01
4.944551873606796155e-01
7.468231679674091072e-01
1.985514885711861521e-01
6.057594754332134013e-01
5.942992960897995891e-01
4.781278580815280232e-01
2.519521707473929562e-01
3.640509017283909410e-01
3.402432007733345865e-01
2.225993818633685006e-01
1.326061480809255233e-01
1.411610290963271619e-01
7.240489851060878668e-02
8.170677844281906133e-01
2.247872479036160387e-01
2.501181776980721527e-01
3.179156288643691930e-01
2.295462582760498249e-01
4.939889843316361273e-02
7.786481125286748295e-01
7.487873883247020412e-01
2.556303194338914175e-01
9.559184976827481695e-01
1.940961554526290378e-01
9.434721787852685670e-01
2.074003530641435888e-01
8.011874740661323324e-01
8.105754521081616204e-01
6.653262987354040536e-01
2.416728621106324915e-01
2.473752060646587925e-01
2.054103495244696820e-01
4.082150413391111288e-01
8.178450943865646083e-01
8.351159045981788598e-01
1.948139922280188452e-01
1.207899635811914840e-01
1.125248836981400380e-01
2.275484837732283938e-01
9.490041826752816378e-01
9.182400348395716172e-01
3.259398386483812193e-01
