8.992273131621474347e-01
9.183459196142534919e-01
9.325541450262680998e-01
8.975126356963064600e-01
9.151711099456560916e-01
8.997933260506084663e-01
8.999517822122060640e-01
9.358190785875545314e-01
9.332896323761673552e-01
9.301192566816357532e-01
9.180919398194671288e-01
9.413506789925020213e-01
9.288085123358679196e-01
9.312851670478199395e-01
9.240186401800518645e-01
8.963924517365313704e-01
9.381128141446742896e-01
9.361645141935460712e-01
9.044080541943667617e-01
8.962345923238960177e-01
9.312216408281124291e-01
9.472715330727274896e-01
9.315379694872757410e-01
9.286953174691030544e-01
8.999432454217516364e-01
9.456213501992004611e-01
9.288881263295278856e-01
9.470269041231982321e-01
9.394234528282148222e-01
9.355223889597557019e-01
9.099161622958094053e-01
9.385389168570357210e-01
9.379208082530384738e-01
9.396035641661443227e-01
8.989070144261481765e-01
9.411803643475902259e-01
9.044304735537562756e-01
9.068180666766502140e-01
9.008645347107491208e-01
9.311084161556582028e-01
9.435390533556204939e-01
9.396666328917647748e-01
9.002978094450240221e-01
9.426174700036071830e-01
9.121325083791287369e-01
9.441567724170750742e-01
9.491145729371289752e-01
9.340533612469182900e-01
9.325541450262935239e-01
9.028181348844658283e-01
9.377917958534406351e-01
9.340533612469184011e-01
9.357820226813272635e-01
9.489969022242552565e-01
9.339466276335325334e-01
9.313315521520768581e-01
9.407310466497392776e-01
9.167233742799644203e-01
8.984470769766295106e-01
9.039395356612582866e-01
9.407119215473326301e-01
9.051131747546267148e-01
9.432556097188291577e-01
9.409134457741304969e-01
9.373183164053805472e-01
9.436492115560699556e-01
9.260098530624109037e-01
9.313315521520768581e-01
9.350068386349829064e-01
9.143814092711468611e-01
8.995751229402912941e-01
9.343790696601627088e-01
8.999432454217408672e-01
9.387202338505811205e-01
9.326882381360078744e-01
8.940611337140648152e-01
9.311084161556580918e-01
9.370136134040769615e-01
9.329299900350577213e-01
9.362575150838654547e-01
9.204838179911433160e-01
9.332896323761673552e-01
9.332896323760174750e-01
8.975588418970767979e-01
9.325541450262931908e-01
9.363354166446234972e-01
9.051131747533276428e-01
9.277663492346124308e-01
9.001431055068398468e-01
9.170362952653225985e-01
9.164118219668695442e-01
9.404742222263996476e-01
9.104680872475117148e-01
9.212606595924111019e-01
9.165743625258234717e-01
8.944867326085529369e-01
9.405610732549719577e-01
9.380141304761721033e-01
9.416148389063699886e-01
9.368791913377687575e-01
8.875460774968341182e-01
8.957811916911306849e-01
1.079179429991951045e-01
6.112040506491289715e-01
9.732956953338547379e-01
5.708464879508775569e-01
2.595010109937467280e-01
2.359890921474534498e-01
3.654076844835094651e-01
3.826710765629060540e-01
8.521395628336102535e-01
8.075765728392384490e-01
5.366263425960837025e-02
8.855885371770313430e-01
9.746245770106619633e-01
1.172289868779468613e-01
9.803613283282559543e-01
9.016807153712285139e-01
9.603231441815451852e-01
1.114467057850563325e-01
8.442818112067185243e-01
7.037195081606638369e-02
4.432219329677323238e-01
9.539796707977771240e-01
6.018139817643041178e-01
9.497840544602259572e-02
9.775781811566731649e-01
9.058055987970307088e-01
8.846614442028662983e-01
8.596129921671069596e-01
7.234115071680773112e-02
5.564478928576513939e-01
9.149800726462898881e-01
8.741757274785381115e-01
9.289291957865228877e-01
7.637909903107362730e-01
8.529928719501321810e-01
9.230665667999606860e-01
9.195777242696101528e-01
9.101927959434309434e-01
1.658855995506913414e-02
6.830401853260898992e-01
8.473117446889226745e-01
8.998509976317017323e-01
3.499595599698452908e-01
5.316666064493941191e-01
4.791699597653664155e-01
4.297077593645964866e-01
1.937100614871972715e-01
1.004822794091511651e-01
2.146982538602321966e-01
9.771953388740883817e-01
3.606070182864615226e-01
1.562533560777101260e-01
5.877473007011600054e-02
3.826710765629059985e-01
4.779155355764669877e-01
8.119864451933134220e-01
2.905413589176457090e-01
7.814432403328410714e-01
8.603724465998696669e-01
6.379400323956391228e-01
8.676736247196545904e-01
1.428426473684899500e-01
7.428250118222483600e-01
9.660853095169779081e-01
2.439747309735494640e-01
8.332887273297896469e-01
9.027004362184595232e-01
9.116990205038718598e-01
7.116633611022187278e-01
9.316703833980646277e-01
8.235973109108627455e-01
8.272501211812909316e-01
5.431371821170550840e-01
3.176012169271278940e-01
9.303723278377249439e-01
8.272501211828571233e-01
8.125120498436910754e-01
5.872912165657945271e-01
9.249288907650679015e-01
6.018139817643044509e-01
8.786999121813466873e-01
3.431567713116287499e-01
1.189055264757926389e-01
9.150493158856960463e-01
2.219143082219535851e-02
3.654076844854724504e-01
9.261516245905401234e-01
9.411091633823803759e-01
9.649127127489571798e-01
9.846639810884157962e-01
4.223738102278124518e-01
8.535205698066289370e-01
8.556908051665697013e-01
2.836315439065966726e-01
3.348302272874698615e-01
2.631910311999008933e-01
7.504905611389325326e-01
9.779806678167185519e-01
