3.283464582897956396e-01
5.391424505712724136e-01
1.947730239888449677e-02
5.762635250883404447e-01
4.642656776018705966e-01
3.406565888831658562e-02
2.423638200672481036e-01
7.338023629941076154e-01
2.523563887391805372e-01
3.537149371726779901e-01
7.969387588430676406e-01
1.278007183654263912e-01
7.527662353628806757e-01
4.257896298660310275e-01
9.081195909671905264e-01
1.604370423357824038e-01
8.586495203823253375e-01
2.343984392974395037e-01
8.883313441404685484e-01
2.174486549761924792e-01
9.288119425016543307e-01
4.086596239849825118e-01
2.109241852190921473e-01
8.556666988638195193e-01
4.891379649158714704e-01
2.650694845802148980e-01
8.474435382906433389e-01
6.429740408798075846e-01
8.415848094832889537e-01
2.977166342264394028e-01
7.954661943439654825e-01
4.092399785176061705e-02
9.657596212063714880e-01
9.064202588673356820e-01
9.629244714796657556e-01
7.711666072425127361e-01
8.247772508592823293e-01
7.508446002155414467e-01
2.697827289324408739e-01
8.946742450083935427e-01
4.545810850550693338e-01
3.892689996709574052e-01
2.041070238441599072e-01
9.083432303625377235e-01
6.501502949171050760e-01
9.756792969806138416e-01
1.154409089380219189e-01
9.824455263869050770e-01
8.887391532989699083e-01
8.849556032048940812e-01
2.190622455794373757e-01
5.893368655666992861e-01
4.740771858722511722e-01
9.598950854420024159e-01
7.937294097207439059e-01
1.277429861304370251e-01
9.124389473721452593e-01
8.677655041138471192e-01
2.265913544023368531e-01
3.318211637544618009e-01
4.955549386799848466e-01
2.820785330493033594e-01
1.053393567658391927e-01
1.077199850052245125e-02
2.509759210525642353e-02
2.575465187510979637e-01
8.835346014034195505e-01
2.523563887392427096e-01
3.550033000363366636e-02
8.917121968884682559e-01
5.668006694657357070e-01
8.265183764635770647e-01
6.647947976283524046e-03
1.899535515546330322e-01
4.642656776018405651e-01
7.767779857162226964e-01
2.719542327611517152e-01
1.193306649408901327e-01
7.438847552616240089e-02
2.022588526301484502e-01
9.370890226899084574e-01
1.509791233613511086e-01
3.612538549892799211e-02
9.550503319368645050e-01
9.793835284333669566e-01
2.919441101304350306e-01
8.248281585566253904e-01
9.203947241362557818e-01
9.259709854888496794e-02
8.793786087462844847e-01
8.468031858842069992e-01
9.046583125812707182e-01
7.610213411180253296e-01
9.554421034693763026e-01
8.687381178262614245e-01
3.710500629414819618e-01
9.694992837760227911e-01
9.279079347122736188e-01
8.883752012281741495e-01
9.253024321056332324e-01
9.317764134135010368e-01
9.347682869608467948e-01
9.209784932659379475e-01
9.069189826209771432e-01
9.047677469385375648e-01
9.122181974935983373e-01
9.317394615932821367e-01
8.908743871499451572e-01
8.933303139085009281e-01
8.935525664751299280e-01
8.995888406746532784e-01
9.130062505024242325e-01
9.005153900063354033e-01
9.131211922446766938e-01
9.053561421120398522e-01
9.284280491268652735e-01
9.340606405721368910e-01
9.015363345889590985e-01
9.022785473676184775e-01
9.010252500047551960e-01
9.329361678311118844e-01
9.157465297213298605e-01
8.944539095123020811e-01
9.191877104417492950e-01
9.029807844783214188e-01
8.947696057392988678e-01
9.283494217800741799e-01
8.965182983513458881e-01
8.974747988783194907e-01
9.177131492480246067e-01
9.078645792254771418e-01
8.875458207319538717e-01
9.029430088485840278e-01
8.869392364448425159e-01
9.200600683104608324e-01
8.906395883029987193e-01
9.138705542108025437e-01
9.203947241362552267e-01
9.274608225606502110e-01
9.323655428084102192e-01
9.172607531159011618e-01
9.082590788853878161e-01
9.023741151604085520e-01
9.128279838371378130e-01
9.073143574359505692e-01
8.971981018409292963e-01
8.980056576637850396e-01
8.882808179334947818e-01
9.149052132684646343e-01
8.978278218648447773e-01
9.237577203924890457e-01
9.089662506563925826e-01
9.416441081811064429e-01
8.945652727291710793e-01
9.171300632979276779e-01
8.839418338864519775e-01
9.067198632840788308e-01
9.308350894212513715e-01
9.021744833562860277e-01
9.297248892539041742e-01
9.015843488605813638e-01
9.315010666293385144e-01
9.331351614882317236e-01
8.874491020536934283e-01
9.183410937203435598e-01
9.141047614031817536e-01
9.292130854245710392e-01
9.334615094643555766e-01
9.137353820225915246e-01
9.020334580179647510e-01
9.012184948616482894e-01
8.931566463040092607e-01
9.040082085350552576e-01
8.903954820986486052e-01
9.021559567803546509e-01
8.838321151772435824e-01
9.268848228530979227e-01
9.110563256005906885e-01
8.889949168818117586e-01
9.034455514148262978e-01
9.222112405877117558e-01
8.992519295178393879e-01
9.118763328877211860e-01
9.078154885196566548e-01
9.112848435339071518e-01
9.083401140927037654e-01
8.891116188397943931e-01
8.982070582941404924e-01
9.064803540860405517e-01
9.238214722367412701e-01
8.998268644292085616e-01
9.018869313088344608e-01
9.071975781938593775e-01
9.034204512475775273e-01
9.188337070262782014e-01
9.087879429335271597e-01
9.185787582147315611e-01
8.964072237425684264e-01
9.131770084267778476e-01
9.235105856755400078e-01
