9.215223133175076686e-01
9.215209894520594025e-01
9.215303199661589728e-01
9.215188222583222677e-01
9.215241806540037661e-01
9.215099820461444269e-01
9.215232412887701674e-01
9.215309320276701133e-01
9.215300636203577200e-01
9.215232482824626814e-01
9.215242706503173897e-01
9.215395916085228345e-01
9.215303098340535959e-01
9.215254007648777668e-01
9.215260836964404012e-01
9.215252733553669362e-01
9.215406466153990284e-01
9.215204001954594437e-01
9.215298678031977886e-01
9.215096106852868063e-01
9.215358410010958679e-01
9.215262602554054050e-01
9.215268206841332743e-01
9.215274998003148976e-01
9.215334510489483488e-01
9.215233101623400147e-01
9.215271022971731618e-01
9.215340759576564622e-01
9.215269923672376740e-01
9.215287386795365521e-01
9.215272415680155760e-01
9.215315348037541598e-01
9.215283818884519862e-01
9.215220123185567935e-01
9.215240040029849533e-01
9.215373690397601347e-01
9.215384148654656160e-01
9.215371658630328033e-01
9.215115983173236547e-01
9.215276162647694225e-01
9.215307798828255015e-01
9.215183399378984452e-01
9.215337969469619139e-01
9.215214730006815458e-01
9.215295500115158189e-01
9.215413809419343849e-01
9.215246299429359356e-01
9.215264704149359609e-01
9.215303199661589728e-01
9.215347676278750066e-01
9.215387295471798579e-01
9.215264704149359609e-01
9.215237880355602318e-01
9.215412205418952452e-01
9.215414845809640765e-01
9.215384468458799327e-01
9.215309837408531823e-01
9.215218055010824250e-01
9.215173507260553398e-01
9.215323525140208805e-01
9.215291845529047787e-01
9.215268017391943234e-01
9.215319896937412825e-01
9.215375137770027703e-01
9.215307660361300446e-01
9.215387417107079315e-01
9.215329001140124543e-01
9.215384468458799327e-01
9.215236372038841939e-01
9.215138263779716343e-01
9.215254101707784917e-01
9.215218832065229515e-01
9.215255047955185352e-01
9.215246401827874578e-01
9.215192886424304897e-01
9.215336311439820127e-01
9.215276162647694225e-01
9.215301166885344619e-01
9.215200557095651890e-01
9.215339421197105141e-01
9.215237363849206886e-01
9.215300636203577200e-01
9.215300985169728731e-01
9.215225293340815194e-01
9.215303199661589728e-01
9.215302903034678916e-01
9.215360744217763189e-01
9.215312881470500983e-01
9.215262902320496829e-01
9.215238292295180322e-01
9.215159542970073892e-01
9.215250396091418938e-01
9.215261057451068494e-01
9.215392483728349626e-01
9.215099318780586302e-01
9.215091736364409147e-01
9.215261422343524744e-01
9.215308812631008983e-01
9.215290777103953834e-01
9.215259474391230832e-01
9.215277113477775561e-01
9.215278582215187253e-01
8.440172130852432314e-03
7.013714166575197861e-01
9.215292176325389217e-01
6.620382676519250831e-01
1.735627681316274928e-01
1.735628136502544439e-01
3.023560039596349114e-01
3.023844261781629683e-01
9.215249859200178584e-01
9.073029541753487859e-01
9.541059346540960995e-01
9.215140762059265134e-01
9.215248744515956991e-01
1.764144569733656215e-02
9.215326656707213404e-01
9.215270459749663745e-01
9.215259442780172616e-01
1.189125132820234403e-02
9.215163222158453404e-01
9.708299960704722675e-01
3.451541977894579949e-01
9.215313979336293704e-01
6.936908898313969285e-01
9.955132076103005989e-01
9.215282973075998862e-01
9.215260665504907411e-01
9.215266802650307065e-01
9.215228229013183725e-01
9.727541129670994602e-01
6.511417460655150036e-01
9.215169612149216594e-01
9.215280167030143188e-01
9.215305541368075115e-01
8.634141584163015359e-01
9.215193409647501888e-01
9.215303885791993332e-01
9.215259455997469873e-01
9.215292010259155120e-01
9.215578090129413757e-01
7.822477053068558339e-01
9.215204686474177675e-01
9.215269319214262067e-01
3.023491718738396394e-01
6.262638298944337434e-01
3.826838228747282411e-01
3.317219850722876173e-01
9.504884335332537681e-02
9.965175392122025983e-04
1.185884084369571434e-01
9.215244267366198283e-01
3.023805371770567074e-01
5.682855849214969723e-02
9.591980311028751593e-01
3.023844261781629683e-01
3.826871757348522252e-01
9.116989740977521350e-01
1.958373565973524077e-01
8.811144479860695267e-01
9.215291952081825499e-01
7.343564629433959601e-01
9.215226206912889850e-01
4.334067678779299909e-02
8.424173090194883029e-01
9.215278049014973272e-01
1.735744507758176236e-01
9.215169380121871479e-01
9.215215252564802340e-01
9.215342890169926360e-01
8.111085076853052911e-01
9.215262210069643523e-01
9.213661554953010979e-01
9.215164957713800620e-01
6.334238321529575000e-01
3.023423512364723509e-01
9.215235678306630263e-01
9.215023481206099376e-01
9.121867360620263820e-01
6.839722644499167670e-01
9.215344813145444069e-01
6.936908898313969285e-01
9.215191155041071447e-01
3.023396694191795020e-01
1.935972922658448295e-02
9.215268693195000083e-01
9.225339161882600836e-01
3.023673968133118173e-01
9.215280230957590968e-01
9.215263457910248812e-01
9.215298145554104980e-01
9.215312644844102508e-01
3.247925148522463057e-01
9.215214633402302180e-01
9.215183347903127542e-01
1.901272989810565972e-01
3.023512079582761913e-01
1.735995738288954315e-01
8.500577499867602027e-01
9.215264068969600819e-01
