-3.184244299751112006e+00 -7.491603975043029662e-01 -1.465113819498546688e+00
1.129232374865585919e+00 2.644894403491751866e+00 -8.172222171958285486e-01
3.054591832941376595e+00 -6.603532706638644001e-01 -9.868014042211883941e-02
-4.044452117943093228e+00 1.577480161098431033e+00 -6.117805153717909006e-01
-4.035935643098466641e-01 -1.812405721889233545e+00 2.502422048337408222e-01
4.532559764920470607e-02 -2.439496515898023077e+00 8.890494208182663227e-01
2.225842886658404129e+00 1.734744408356498679e+00 4.538498995460877317e-01
-1.063862891831418578e+00 1.273143443971618716e+00 -2.200630187148491235e-01
-1.408486009748144197e+00 -1.146048594294560186e+00 -7.716100828326899475e-01
-1.468899614051403013e+00 1.475725666750696163e+00 -1.037418526796286766e+00
-1.154250819307229170e+00 2.658333714045145069e+00 1.250072031107528847e+00
-9.171488949903623400e-01 -2.448017581877872217e+00 -1.170826806237331708e+00
-1.109719350218789424e+00 -3.405114676352568370e+00 -1.065639492401880606e+00
-2.471600164093178620e+00 -1.866122903493206087e+00 1.418952477927006628e+00
-1.552880729367150048e+00 -7.463127294641935805e-01 7.127547409462202666e-01
2.999644377572724174e+00 1.372346967968633757e+00 -1.130433889586490992e-01
-2.878991972252638032e+00 3.099790726703866905e+00 -6.135278623707046686e-01
-5.157624448759412505e-01 -2.136318733351811883e+00 8.633233818747014787e-01
2.291658851474485115e+00 -1.288856222601224122e+00 8.348805976463873069e-02
-3.458206298001570200e+00 -2.620800764743498323e+00 4.779351623267313331e-01
2.934996856584680902e+00 1.491409626280256528e+00 -1.915320146162291792e-01
-2.011731755990479265e+00 -5.457754889220517436e-01 -1.171547078613216053e+00
-2.526107622682075338e+00 -3.389173428468120086e+00 5.401176489214662979e-01
2.995537530169360529e+00 -3.596356910539210139e-01 -8.792298387214995958e-02
-1.525401854827781012e+00 -4.097952405778867435e-01 4.400260099902538746e-01
1.458317760120265705e+00 -1.841988216593733574e+00 -5.819798729388481195e-02
-1.872103574741661725e-01 3.855915646785714745e+00 6.626981101233756499e-01
1.586119580686873753e+00 1.807100569984756655e+00 1.679438776600173655e-01
-4.481683941841498320e-01 1.883378549376504951e+00 5.032567828475971172e-01
-2.822829935039104399e+00 1.606363446978775977e+00 1.428748011408265350e+00
-1.238843793402639726e+00 3.903366526608219367e+00 5.155262777959674914e-01
2.746420248799274155e+00 -1.979528823063335663e+00 2.525356976868592951e-01
1.603817321535427221e+00 2.301933828593304643e+00 6.663896014285046743e-01
2.973517521807356179e+00 -4.129161949108795526e-01 -1.033842092591185924e-01
-2.390417881127115951e+00 -1.572337671773514467e+00 -1.430254536274560451e+00
-4.374960097193068442e+00 -5.179059669857822845e-01 -5.164744823047362488e-01
-3.471077574141987476e+00 1.471826368435894317e+00 -1.251989299111533116e+00
-1.557817921446294607e+00 -9.191368785789985063e-01 8.215024544107011328e-01
-2.183719043438465235e+00 -1.400947524479738471e+00 -1.381100477000709592e+00
2.855316733488397318e+00 5.745553560783100977e-01 -1.202471979572117267e-01
-1.212631556204295746e+00 1.481443099880250580e+00 -8.118999215663906810e-01
-1.556128465277476058e+00 9.693250280460669055e-01 -8.478169979613092710e-01
2.673265033413201319e+00 -2.177261705204263542e+00 2.285817695448344455e-01
-1.248048674470301656e+00 -3.221227454367375120e+00 -1.151007503605338211e+00
2.967142445494774350e+00 1.603987438068269766e-01 2.874908307676866254e-02
1.733585914668163808e+00 -1.715153844350100210e+00 -1.008189744959897965e-01
-1.634497955730805918e+00 3.784802027802225854e+00 -5.573725339890807096e-01
-1.366995409909082193e+00 -2.461559908115560358e+00 -1.279532588214869149e+00
-1.353942349911407828e+00 -7.769416268203488407e-01 -1.735221281624259593e-01
6.285665167858341118e-02 3.612495543358849037e+00 8.541705227318582283e-01
2.067526146156309086e-01 -3.662086838035471636e+00 -7.845195796069474037e-01
2.594985910640323912e+00 2.405722961835234486e+00 -9.966986035167289815e-02
1.388495923535743692e+00 2.180191339004903472e+00 5.901500687590127692e-01
1.829201600063800726e+00 -1.744280453574247103e+00 -2.960039743159135206e-01
-1.435441466222322271e+00 1.275851223225240361e+00 8.947209362316821402e-01
2.468506998727661994e+00 -1.209666871705613600e+00 2.275068573521395743e-01
1.926562910288575070e+00 2.313559252486346196e+00 6.363866255327733645e-01
1.997184377658542065e+00 1.947118391185941988e+00 5.244657619243286995e-01
2.343458160040026161e+00 2.438710439312307798e+00 4.465948209299351324e-01
1.514520552728514824e+00 3.013541343005693207e+00 -6.934706495641178581e-01
3.060340739795631926e+00 -4.278982085351362707e-01 5.213634210757655402e-02
2.300131409611121114e-01 3.251562011103883876e+00 -9.890294087007605039e-01
8.758674988370853676e-01 -2.779765658417669094e+00 8.829499326991853136e-01
1.447520108475455425e+00 2.236493793484022774e+00 -6.331467501085452643e-01
2.635506228101575310e+00 -1.800132241966002411e+00 3.991301208894342811e-01
-1.937411484847222365e+00 -2.077002844633062839e+00 -1.366337116526693540e+00
1.542213198072009961e+00 -2.287350915820072217e+00 6.617059141933471222e-01
1.160349390574086925e+00 -3.072840783566523015e+00 8.040916158282932491e-01
2.883353980067859812e+00 -1.163577978450795802e+00 2.642023204313087015e-01
-2.991328933812303692e+00 -7.665285342413984404e-01 -1.485613844139405115e+00
1.695540052090773742e+00 2.811165090459426086e+00 -6.811221898959362031e-01
2.489173433739105601e+00 -1.368884846275266964e+00 3.374433094520034038e-01
-2.941363017047878170e+00 -1.899685585455435088e+00 -1.348534569635224223e+00
-4.546954085599320128e-01 -3.151305253013796381e+00 -1.118850447454736496e+00
-4.123124720265843202e+00 1.491452546683470270e+00 5.155946460572361500e-01
-6.229163895034562914e-01 4.007214827601291773e+00 4.290204201851766652e-01
2.476304690458966729e+00 1.089430946955569635e+00 9.183065661238355715e-02
-3.515289726725738806e+00 9.653401068549765096e-01 -1.339127214591240733e+00
-3.931404426999902224e+00 -6.376285568296858886e-01 1.126782510746002552e+00
2.501855380269232487e+00 -2.388105814006365790e+00 -3.175708284663589231e-01
-1.948149598819369333e+00 3.468648630589571180e+00 8.478507141638050859e-01
-3.437008857354441282e+00 -2.484166547548974702e+00 7.051750120180791948e-01
2.865688487180994670e+00 -5.089578894857490488e-01 9.659131578146126773e-02
2.060684308390543507e+00 -1.493167764062821368e+00 8.246548209591916812e-02
2.276690341519574723e+00 1.322930805008791344e+00 -1.330928559378276033e-01
4.586272947860015048e-01 -2.138226067108040418e+00 4.773532142480474971e-01
9.283075106911123919e-01 2.079469009456922812e+00 -3.795540354631897206e-01
2.284725921585445185e+00 1.456707950455246037e+00 -3.034437249977335882e-01
2.557211961385825738e+00 2.213585824478703223e+00 -3.582350765660192171e-01
-2.354838058038228432e+00 -4.448665905744121352e-01 1.366097872071558861e+00
2.936465628125025429e+00 -6.862679084989865563e-01 1.711017224606039000e-01
-1.330958765798054166e+00 -8.285880377421950271e-01 1.698910031667915377e-01
-1.360334432121200310e+00 -3.753877383401972079e+00 -7.229954999686301065e-01
6.554760209623966549e-01 -2.201040172970464059e+00 -5.559601824316746654e-01
1.223020262486999243e+00 3.422880391251638343e+00 5.860677668331425449e-01
1.329230874132117712e+00 -2.100037504314734793e+00 5.083973045428229476e-01
-4.413467725950864562e+00 7.710017527269600324e-01 2.047227593459773620e-01
3.032395863670109826e+00 -1.230102699197140881e+00 -9.115238591362014031e-02
2.893578461734015672e+00 1.799232976911737891e+00 -6.080365889873798335e-02
2.516757813789297415e+00 -1.491240696731829907e+00 3.893269927775994121e-01
2.020318515192140119e+00 -3.106522299148018806e+00 1.168498249682244361e-01
1.892600441740200923e+00 1.743741243437166855e+00 3.401113034995039142e-01
-1.985315292891301597e+00 1.547922446185615586e+00 -1.333920181454163911e+00
-2.197196401689482936e+00 2.475418860620150596e+00 -1.332581862433614317e+00
3.087205615935630920e+00 -7.093151322370851997e-01 -2.152819388142752921e-02
-1.657863585571532905e+00 -7.389855981542493568e-01 -8.651984655520840173e-01
-1.437520264310603091e+00 -5.148173643342638384e-01 1.190796653958808016e-01
-1.497976131241332443e+00 -9.708906278058369865e-02 3.163456767173147138e-02
2.334715496302011972e-01 -2.105191688063204669e+00 -4.724873675699501341e-01
1.607281982893480565e+00 -3.113144583061269177e+00 5.960827522708768145e-01
-3.951285415202701934e+00 -1.539417767783195723e+00 -7.963861788918924489e-01
-2.253271682320574509e+00 3.585898622653611145e+00 4.451214080263227735e-01
2.729198832770259653e+00 9.145603403413187227e-01 -2.085712987675108487e-01
-1.018305963646266132e+00 -1.307802216398675554e+00 -1.176564446540573350e-01
-4.406267908079405160e+00 -3.590975336529763084e-01 4.768572616262217179e-01
2.789891011049839609e+00 1.905346501209495891e+00 2.297124491246170519e-01
2.966137916048516843e+00 2.856073818120939412e-01 -6.909088914716871033e-02
-4.005510774417476938e+00 -9.882185611157842109e-01 -9.748036116727598621e-01
1.606641081109483560e+00 -3.142759219081209920e+00 -5.765537670731484265e-01
9.377640105510671731e-01 3.582655566768602196e+00 5.877261086377926214e-01
-2.095523348601756597e-01 1.985329619248485500e+00 -4.855834247727532915e-01
-2.045716389674958613e+00 -9.266397464864664091e-01 1.257359636836897998e+00
-3.377589531520764687e+00 1.318855265707123969e+00 1.334591444384580994e+00
3.593686736494546285e-01 2.711653527207572356e+00 -9.524526852304511237e-01
-3.389296981974032619e+00 -6.515463895742188427e-01 -1.423394223152255167e+00
2.010026760145450897e+00 2.499724467761392344e+00 -6.139401404443322052e-01
-4.111526252515867341e+00 -1.305413461716805612e+00 6.864530118306824136e-01
2.556670667131587749e+00 -1.337718519070168144e+00 3.392468827484528271e-01
-2.401106717770987942e+00 -3.501904226292922750e+00 -4.567594346713104159e-01
2.059942814402198064e+00 1.487436605365298536e+00 -4.569975193980595901e-02
3.070689941170783310e+00 -6.476813315164361429e-01 -7.145659542163421141e-02
1.559953316605452889e+00 3.298109136260408469e+00 -4.727940363375329746e-01
-2.653527313968476076e+00 -2.912849684111491477e+00 9.992319822387051298e-01
2.446977674137600811e+00 2.639224378606538579e+00 3.536501719132716104e-02
1.695680524974079395e+00 1.880154670377908843e+00 3.903722238486806995e-01
-3.019493561212280408e+00 1.681897428252201454e+00 1.378257558828720919e+00
1.360958965660789888e+00 -2.843678819074106023e+00 -7.848957621812319152e-01
-6.227601363933535916e-01 2.855458556496275779e+00 1.165644716617416865e+00
-1.056249877082932720e+00 -3.755248790418154403e+00 7.860452207319944540e-01
1.290998851777042100e-01 -2.082387947543391071e+00 4.697844551910062560e-01
-1.381904021085678946e-01 3.764287743684465948e+00 -7.604299974158947872e-01
-1.398649344001088313e+00 -1.102762272820428047e+00 7.229853390849254602e-01
-3.050006022102791370e-01 -3.153173882243100579e+00 -1.097782472577147006e+00
5.930435289791519127e-01 3.137082622134976795e+00 9.375048975007801433e-01
6.157041596194746669e-01 -2.973416020948581817e+00 -9.463371808977386612e-01
2.731454737990751891e+00 1.758502814030364236e+00 3.424823140674227440e-01
-5.097591763438832357e-01 1.843967808707517086e+00 -4.934328647453774530e-01
-2.901476649232447080e+00 -3.236619466612193019e+00 2.493897764834694386e-01
-1.942351361665992870e+00 2.485981184571532943e-01 1.074960872082894925e+00
-1.143643422789363928e+00 1.257797152762554882e+00 -4.379570154506830515e-01
-2.295865782773987895e+00 2.192360702244859905e+00 -1.381366756731261969e+00
-3.793346962974781800e+00 1.872151838675328639e+00 7.877053058507472727e-01
2.292708397633370865e+00 2.251115041429519348e+00 5.261594841979920778e-01
-2.435466587228024338e+00 -2.241894158823930727e+00 1.362522974113380636e+00
2.033853400407797718e+00 -3.106641966243170128e+00 -1.243632961878514062e-02
-1.813587647023315652e+00 -3.717929846208048339e+00 5.711237249274535577e-01
1.311870294475391940e+00 -3.599477978834882297e+00 2.214940520401544044e-01
-7.407729852108297930e-01 2.454698103958701250e+00 1.122478936063877386e+00
-2.362146829558931849e+00 1.537712992983215399e+00 1.426501620212903498e+00
-8.935234361895588728e-01 1.533566973875224004e+00 -4.363996080285694745e-01
-2.769713439496516383e+00 1.669373260757579747e+00 1.426116982426289370e+00
2.889383999951547821e+00 -3.904771547988888925e-01 -5.495029117440670963e-02
-1.258800584801428313e+00 -1.166039916380835928e+00 5.489502010512040675e-01
-2.521551445677938097e-01 3.697813282773912746e+00 -8.381733765243837286e-01
-1.556870737833478513e+00 1.949235472376945832e+00 1.253685916783965348e+00
2.033784488446005234e+00 1.564634857257973799e+00 -2.120900951634175080e-01
-4.359208968800146189e-01 2.194606917632866416e+00 -8.733535589052652259e-01
-2.218920798597973310e+00 3.689852993190592123e+00 6.857876155340061723e-03
-1.894526179883498029e+00 -2.613117826093275475e+00 -1.316634108105475320e+00
1.638899321511032348e+00 -3.092850224810504312e+00 -5.899177353838512827e-01
-2.161891674403195296e+00 3.157876999270031737e-01 -1.254468229917591326e+00
-2.455739064224768509e+00 3.938774696471076253e-01 1.404550748313088349e+00
9.128768174534092061e-01 2.308619012282983718e+00 -6.660076346866246055e-01
3.026785941659853929e+00 -7.749771609574961362e-01 1.402669159054411308e-01
1.248736058294191764e+00 -2.280977466006373078e+00 6.520028048820563082e-01
2.138986641511098963e+00 -1.460699678047284511e+00 -1.672936920230979618e-01
-3.980057337126168715e+00 2.612929493787581881e-01 1.127033181827220121e+00
-8.219934059723195130e-01 1.709043684449927492e+00 6.283193939445521625e-01
-2.731631377693291896e+00 1.857682125737372125e+00 1.401135982998889418e+00
-1.210780718764000508e+00 -1.649230275737064488e+00 -9.383878901820986718e-01
2.308272548812780656e+00 2.803580661741591040e+00 -1.052217351081026347e-01
-1.161543104464884818e-01 2.138097758870704190e+00 -6.697582570442049965e-01
2.772402526708756643e+00 1.956635322805818866e+00 -2.261706653435920644e-01
1.651971030875000190e+00 1.875641767624198319e+00 -3.617244861745521622e-01
-1.198780978397654851e+00 -1.263631702265357148e+00 5.623077790973215473e-01
2.707918050184754843e+00 1.159090259428220637e+00 2.963073058199607868e-01
-1.515719004481643095e+00 2.641342247112460573e+00 1.297257335005481016e+00
-2.529995578798738265e+00 3.341858358876284019e+00 6.199288728305833995e-01
1.930146656759745394e+00 -2.197861862779336040e+00 6.140367415743460677e-01
2.065312398484117740e+00 -2.628612031508711588e+00 5.588932946804868740e-01
-8.865007806577414051e-01 1.640615424312648063e+00 -6.092153369668790175e-01
-3.856842942029680366e+00 -1.972485609890469505e+00 5.936967808598566654e-01
2.177785242242804564e+00 1.467509983877289148e+00 2.285587772118674588e-01
-2.791304956488406486e+00 9.771125086904900447e-01 -1.478176655147342755e+00
-1.682636056192656993e+00 -3.841658848075085952e+00 3.882313232053553054e-01
-2.810086074399240630e-01 -1.931873864326873580e+00 4.348124848309374846e-01
-1.853054264784953054e+00 8.827914544240089700e-01 1.114922823273749586e+00
2.179903560141840835e+00 -1.693338854880040767e+00 4.232141757817516337e-01
-8.530998577440768171e-01 1.510791415707329666e+00 -2.792247318861784677e-01
-1.956522091988747380e+00 -7.551899077314596642e-01 -1.165976693040408518e+00
-3.454571840598861243e+00 1.155256204949210552e+00 -1.333777118114613636e+00
-2.559362188738461441e+00 1.125347404829711712e-01 1.434198575270889897e+00
2.374964591897929189e+00 2.111732947334347354e+00 5.025781371750852600e-01
-3.251497563228309406e+00 -9.458619001597835529e-01 1.433879394330455082e+00
-1.118731747392184728e+00 -3.625360732067629321e+00 -9.089612909181697953e-01
-4.595929509656138667e-01 -2.306995835051622201e+00 -9.619372626102655754e-01
-3.584694260434224677e-01 1.918734290985543378e+00 4.828660502485382922e-01
-3.050223597208115422e-01 -2.315543007130484110e+00 -9.112775119183650352e-01
6.465369073064325400e-02 2.360554607418837936e+00 8.285165286823875652e-01
2.901335265640560213e+00 -1.755688572290086125e+00 -9.733626896093379444e-02
-4.210841319474336153e+00 5.222776588974828993e-01 8.343438689875084524e-01
2.585561557720824410e+00 -1.377396162943054225e+00 3.565691593616863164e-01
-1.872920315838585870e+00 -1.421449821337632535e+00 1.265010831559268079e+00
8.804347967507615280e-01 3.088684301572607982e+00 -8.785082594322380922e-01
-1.080406049318192618e+00 -1.231188152920482004e+00 1.096949450049108793e-01
-2.204306702753541902e+00 -6.067322015450446471e-02 -1.271917503294406337e+00
2.596460029680825343e+00 -1.321597800384616050e+00 -3.389907299132899898e-01
-2.271559130812941696e+00 -4.658201885991239410e-01 1.327807572603736386e+00
-1.693605254515203162e+00 -2.084688269709817632e-01 7.537501976269961323e-01
-1.813914826163378846e+00 3.082510400696417463e+00 1.167507157400924367e+00
-4.090059200751290369e+00 1.205714453233264205e+00 7.785915094405554404e-01
1.125017167427297737e+00 2.268341499811110662e+00 -6.372749316154355803e-01
1.362893252786155251e+00 2.053162551443263872e+00 -4.646364867127062426e-01
-9.452928496625089272e-01 -1.411690107466567978e+00 -2.413042824378214268e-01
2.942896153204552334e+00 2.217632980049575320e-01 -2.833788072917948347e-02
8.936741937841857775e-01 -3.105182436433561399e+00 -8.720028491430744655e-01
9.189263317143290255e-01 -2.947946885928566907e+00 -8.845840184649259585e-01
3.007175826562640708e+00 2.936073491204707966e-02 2.181673560070044617e-04
-4.345451657769211273e+00 5.544880958646151159e-01 -5.784968364696354559e-01
8.653373203957663851e-01 2.200231608215199142e+00 -5.559742218156863425e-01
2.705254677994238133e+00 -9.886171793157128018e-01 -2.323872628391424888e-01
2.781235789931962188e+00 2.065947178356295932e+00 -7.776947539634400386e-02
1.149230206432370283e+00 -2.787489601849695298e+00 -8.342475516243584854e-01
-9.420877261012756687e-01 2.084609310289341266e+00 1.039610932600787407e+00
-3.853126176142728010e+00 1.649345106737630795e+00 8.602659830588018641e-01
-1.527320438950625636e+00 2.214043623909323077e-01 3.410910683993170212e-01
-2.623971953110042943e+00 -4.205652735655376340e-01 1.455503401408712039e+00
-4.506145639173352868e-01 -2.244884443683895281e+00 9.175110782780886431e-01
2.323952267094555879e-01 -3.449773297310143594e+00 9.165122958354774418e-01
2.380490980221256603e+00 1.565302556254407396e+00 4.027576266753933876e-01
1.954431568935938723e-01 2.218263616189736442e+00 6.546086772051664671e-01
-3.241951829238427507e-01 2.194082094809682193e+00 -8.232675183390437690e-01
1.502055983582792464e+00 1.827770601403399420e+00 -9.215611103117091196e-02
2.632545188258061053e+00 -1.779322551829120691e+00 4.017937499749307806e-01
-2.278098629221092519e+00 2.597063478376688384e+00 1.288477248035276412e+00
-1.473840317650775056e+00 -1.348246058554279037e+00 9.747067137912077683e-01
4.931306630725986184e-01 -3.429252258877209414e+00 -8.654971108636549948e-01
-2.902285496171770895e-01 -1.849224812788680117e+00 1.635003431480824276e-01
1.820269387510715653e-01 3.302356646820427954e+00 9.841786438293580463e-01
1.756353711106560578e+00 -1.694277216327919833e+00 4.612290444204699552e-02
-2.741834369593897147e+00 1.343938653021967022e+00 -1.460244303146789768e+00
-1.411243549283809129e+00 -7.200888924738243491e-01 3.507099952391150577e-01
2.997693205549731399e+00 9.833152454056175856e-03 8.973744300066852520e-04
-1.617520971708058974e+00 -2.036631540867877455e+00 -1.290473266161521471e+00
2.913779574258830607e+00 -1.175907425698021758e+00 -2.481052315759839089e-01
8.503737886835823767e-01 -2.275456576803370545e+00 6.366469430809053032e-01
5.047436731137729948e-01 -3.913244515076295116e+00 2.946339706120033597e-01
-1.282288291915326464e-02 -2.180697742992893318e+00 6.785430476522534837e-01
9.577776553080954436e-01 2.052737787239201861e+00 -3.307130542514272187e-01
2.911788508698595734e+00 -4.359854924554005251e-01 -9.640781186060969066e-02
-3.087651049093663946e+00 -1.265044547378026407e-01 1.496968080249445610e+00
2.134384589193104809e+00 1.503528684196077769e+00 2.319363310095892416e-01
2.125897170188940422e+00 1.766638702818430939e+00 4.518086605445387205e-01
1.167970641793630415e+00 3.447357182892951677e+00 5.954916526750018146e-01
-1.447493046801509919e+00 6.242952552692555557e-01 -3.623938390015631339e-01
-1.411707546161418358e+00 3.719287267646469441e+00 7.532320812358096473e-01
-1.786373572959740308e+00 3.408624922820276293e+00 9.630705410507486297e-01
-4.276981524594345885e+00 9.359236147821211604e-01 -5.697318578866389371e-01
-3.186390359686718465e+00 -2.129058922919636387e+00 1.169530499411379543e+00
-1.954211514352561130e+00 -1.039959170238491826e+00 -1.224686900586405169e+00
-1.551944281976823881e+00 -2.572041509825730543e+00 1.306212501157672623e+00
2.332676069250329220e+00 -1.488382896374450315e+00 3.497881488591608745e-01
-4.393175846677098484e+00 9.208478886868881608e-01 -1.000044460658897905e-01
-3.638469787743164208e+00 1.660578820728956462e+00 1.072124886500087415e+00
-1.795930250821051066e+00 2.851775513840187237e+00 1.259953680232595019e+00
-2.611065242949055065e+00 8.509615524789919672e-01 -1.459530949911865827e+00
-1.481724494518287694e+00 -3.648180947420634812e+00 -8.180683292782202631e-01
2.826639410207891778e+00 -1.004169826488007899e+00 2.547683513396251653e-01
2.921194155730899134e+00 -4.054851511007567799e-01 9.001942850999800072e-02
-3.961443399088225625e+00 1.897786997175961776e+00 4.475997056811290564e-01
6.507849143677788550e-01 -2.331876802525154169e+00 6.980909354969258018e-01
-2.916620969694528664e+00 -3.884806799513735309e-01 1.495604011182477544e+00
8.201219666353763982e-01 -3.739707426020787651e+00 4.443772362309343915e-01
-4.307206935044463059e+00 4.728892435356688573e-01 6.827557859390422923e-01
2.338230235226875564e+00 -1.227896496947002536e+00 -1.124645712525649231e-02
2.471800941827726472e+00 -1.419051906424187326e+00 3.562340273890680087e-01
2.822897966584569485e+00 6.327162335071210286e-01 -1.255945347956350377e-01
-4.065212882780307346e+00 1.479228431588784698e+00 6.511320863102744161e-01
-2.418600008969503001e+00 1.134034292072772176e+00 1.426717878838824616e+00
-1.602589642084144117e+00 7.817199121435604303e-02 5.488442257791776857e-01
-4.713267555029083677e-01 2.864134460792208348e+00 1.139385444238823153e+00
2.550113136845569173e+00 -1.567361590413698602e+00 -4.080613602321830347e-01
2.610655624166632549e+00 -1.966130637650522317e+00 3.929507592992252940e-01
-1.764727965188043202e+00 -3.266521350337676932e-02 8.512679118977550807e-01
-3.337622093738823015e+00 -2.787675581505802747e+00 -4.117719267689765594e-01
-1.285458449474446763e+00 -1.254684916910552506e+00 -6.936441066630967267e-01
-1.585535115137064910e+00 3.868644995450415403e-01 5.887685172345091811e-01
7.630691716894233423e-01 -2.383997117475077143e+00 7.315608861937173968e-01
1.383243560310108977e+00 -2.129649223624892951e+00 -5.478095294220520772e-01
-1.454986755849937641e+00 2.400063164755942946e+00 -1.292603467865261369e+00
