9.328134477818406101e-02
3.395264972777934931e-01
2.654832746784182573e-01
2.655023552541529996e-01
8.661678785196174069e-01
6.771892259157293870e-01
8.660651302472673896e-01
8.661011892495542597e-01
6.771698762905459246e-01
9.328160393314456622e-02
2.047304741309199094e-01
4.405459488313419603e-01
5.304558586001412168e-01
8.676852977317504045e-01
8.676715902333519415e-01
7.608469264259101195e-01
9.327050788357961475e-02
7.670201879908589149e-01
8.676741296276079263e-01
6.772008820139057139e-01
8.676621922052126790e-01
7.608557710662304796e-01
9.328662017524795569e-02
9.328972316453514046e-02
5.304468400119597415e-01
5.304327746867144588e-01
8.661740519494497414e-01
2.654676171006389862e-01
3.395232235593150238e-01
9.327969758183807247e-02
8.663661137450324734e-01
4.404824773149131900e-01
9.326483996471574001e-02
2.930331462816911925e-01
8.661714555522848080e-01
1.318091838139271998e-01
3.395447699039015887e-01
8.486625743476233774e-02
8.661557387243693507e-01
2.654759308113204819e-01
7.670425103135442013e-01
7.608433562007914652e-01
7.608401382781538880e-01
9.329081115329869445e-02
2.047517962874866870e-01
8.676719762493849686e-01
2.047271712284077227e-01
5.516013143212724623e-01
4.404526154943319560e-01
8.855169055987323345e-02
7.608335334146992812e-01
6.771906988391882543e-01
2.929600740985628948e-01
8.676925489865576768e-01
8.676596107761215260e-01
7.608340763929504202e-01
2.654864220772271133e-01
8.676695778522421909e-01
7.608859079285716920e-01
9.329750260784762383e-02
5.304585566194583990e-01
7.608412972669508223e-01
9.329378859575411520e-02
7.670452382546404380e-01
7.608192186723076178e-01
8.676830020119628006e-01
6.771878487934213098e-01
8.676825489250682422e-01
8.676755084925023009e-01
8.661688079573356402e-01
7.608771338236373083e-01
7.609006513958698203e-01
7.608506500665033201e-01
8.661712327161463776e-01
8.676820253181352083e-01
6.771775783274014415e-01
6.771737225357168377e-01
8.676796517974130207e-01
2.835121615346241630e-01
2.047293626678632905e-01
8.661725548331480340e-01
8.676605412145677043e-01
9.330415413190544516e-02
2.835149497914502548e-01
8.676727627484509542e-01
9.329422404961887350e-02
8.661656183890286131e-01
4.405213974892984163e-01
8.676635411367792372e-01
6.771706020176638807e-01
6.771867626318628375e-01
6.771758078819234417e-01
6.771637878765114360e-01
7.608373497582914258e-01
6.771832701066000659e-01
1.026656865974231586e-01
6.771821803818955932e-01
8.676550535888980509e-01
9.328486742868562220e-02
9.329802935369871375e-02
2.654480713093325117e-01
6.771720565787555657e-01
2.655036064621079106e-01
7.608606933731074662e-01
2.655209298743023139e-01
6.771649218335389353e-01
8.852648985640457213e-02
5.304485880032682177e-01
9.327514522256971641e-02
8.660538711600770378e-01
7.608205512024029948e-01
5.757244526143036056e-01
9.331033130447703716e-02
9.329344375765313835e-02
2.654776594616375940e-01
9.329914538162106807e-02
6.771692432989757648e-01
8.661011447489626036e-01
2.654779075792571552e-01
8.676964894128107453e-01
7.608587519020384438e-01
6.771730793495930323e-01
4.405429059978859807e-01
8.676673558915201090e-01
2.929504284148520821e-01
8.676811662471414222e-01
8.676727476532763994e-01
9.332929995853223026e-02
7.608358018256644595e-01
8.676668175082471457e-01
9.331348322214484681e-02
9.329348773333485945e-02
8.676645394105118037e-01
9.330298207445619774e-02
5.304491302068378156e-01
9.332101232619559317e-02
2.930224967018868476e-01
2.655104671487062418e-01
5.304690693378523170e-01
8.676816176321655583e-01
6.771633020633585076e-01
7.607521274301695113e-01
7.608307936551588213e-01
7.608381838403819319e-01
5.304558586001412168e-01
8.676709571593247405e-01
6.771696149229859962e-01
9.329692366635011780e-02
8.676583846268905997e-01
8.676769477975670997e-01
8.676731842881721946e-01
8.676739460877451737e-01
7.608003809048289323e-01
7.608381199828346819e-01
6.771596527362793161e-01
2.047816337376087981e-01
6.771745702832967506e-01
7.608490626491858366e-01
7.606739817198633347e-01
7.608263300485060832e-01
4.404830103647753292e-01
9.329962436642263990e-02
4.405572117014911471e-01
6.771893298031287367e-01
8.676817335392841279e-01
9.329883712111583516e-02
2.929636919670502992e-01
8.676680556163407498e-01
9.328755996202002521e-02
1.046437011511781312e-01
9.323981429846625590e-02
6.736629096226096625e-01
7.608447766354318187e-01
9.336253135506288048e-02
9.161421676038477013e-01
9.328692889122014442e-02
9.326095747739855668e-02
9.329286319465955601e-02
7.670176402591296627e-01
8.676923583883315860e-01
8.676781542424978344e-01
8.676848144260228546e-01
6.771731336658908251e-01
1.026417111528000609e-01
6.771295827411660806e-01
7.608127117167953202e-01
8.676542430450093768e-01
9.329378859575411520e-02
9.330333417093081283e-02
9.328285791013221639e-02
7.670201879908589149e-01
7.608315325689092301e-01
9.326771644916531656e-02
8.851307004780309406e-02
7.376479090095218183e-01
9.330827430566869529e-02
6.771688941690081620e-01
8.676446368933041775e-01
9.330827430566869529e-02
3.395488575604612147e-01
6.348210734294268409e-01
7.608580140781669998e-01
9.328658575585117851e-02
3.395710073138673013e-01
7.608323146123939784e-01
6.771515981492725045e-01
4.405383050267032141e-01
8.676776801048282639e-01
8.637337357424769435e-02
1.026601438562810970e-01
5.304592070749772903e-01
7.608114996920692930e-01
9.329930858555959827e-02
7.376551017150767553e-01
6.771870690896897305e-01
8.368927744260191981e-02
9.161422219177044468e-01
4.404833193925499213e-01
6.771643406646857821e-01
2.654776396788531279e-01
8.661654319489533460e-01
5.304510681688818785e-01
7.669904291080651415e-01
8.676765515519343497e-01
9.328797444974674946e-02
8.676699222069117479e-01
5.304561512256394940e-01
6.771499872700341705e-01
9.331908249171402825e-02
6.771862470304464976e-01
2.654840699320968334e-01
4.405201306284721730e-01
8.676542388051617927e-01
5.304620271266625720e-01
2.654784958562358965e-01
9.329269348769235470e-02
8.677547538488923351e-01
8.676870583322886521e-01
8.676727627484509542e-01
8.676617395755733542e-01
6.771990775205352087e-01
6.771671776710403989e-01
8.661578838697803207e-01
8.676740310553997526e-01
9.328346684482634321e-02
9.324342153940393119e-02
4.405362348192674582e-01
1.165368458769299315e-01
6.771746669799043605e-01
8.676638636356750478e-01
2.048243055660245726e-01
7.376318052446393381e-01
6.771795332957978308e-01
9.329068252602669420e-02
8.851397954341298779e-02
2.930342715299669165e-01
6.771761739025174975e-01
6.771721668376615710e-01
8.661715063407435800e-01
2.654762310152177784e-01
7.608238754703309237e-01
9.328075718466696808e-02
6.771774529241938456e-01
8.851552629427465735e-02
6.771868408262801120e-01
7.607310161407470073e-01
8.677162264246507384e-01
2.654736205146794314e-01
6.771888567128170333e-01
9.330742550334701624e-02
9.329763653173182847e-02
5.304413498640854208e-01
9.329179505555781904e-02
9.330216249875111778e-02
8.853233166352279804e-02
8.661584659036016820e-01
9.328392757514301914e-02
2.929399020948644239e-01
9.330429020081050517e-02
6.771626656974871761e-01
7.670435914477905515e-01
6.771963108499214901e-01
8.852377597299572465e-02
2.655000344465445195e-01
4.405545909237743030e-01
8.853446827415058229e-02
8.676754755037668909e-01
9.328233298470005319e-02
4.876297660126172606e-01
3.395061948250219785e-01
5.304411720817705511e-01
5.304386749225032949e-01
9.329042307546162038e-02
9.329274772257202530e-02
4.404707237385691587e-01
9.330151809043107924e-02
8.852278037177277459e-02
8.676910130051336267e-01
8.676646830714207503e-01
3.395099547980384713e-01
