1.147569470741389430e-01
1.036804500913540011e-01
1.328026543753883792e-01
1.014247834473709364e-01
1.072562909298769990e-01
1.309821933992794951e-01
1.192786428219564515e-01
8.805926344777768866e-02
1.190953340874139899e-01
1.131784192653486204e-01
9.075678531995341747e-02
1.254390902025562249e-01
9.035960776301664443e-02
1.092092444998906259e-01
1.073412931585519675e-01
1.234102036090422988e-01
8.644214300374221394e-02
1.200780702214836598e-01
9.414267536886436472e-02
1.213119522294671127e-01
1.190679981641162705e-01
1.101398687133808424e-01
1.211644819618111074e-01
8.032853598502837089e-02
1.059173700750793701e-01
1.184244796256282845e-01
9.172967881969112947e-02
9.865218002843528788e-02
9.257603241271730732e-02
1.165262425975084060e-01
8.734898749970869403e-02
1.323115669617452028e-01
1.322877923562052471e-01
1.026972183063939031e-01
1.324162645611309808e-01
8.744171832704078495e-02
9.013325652732505355e-02
9.112682404237870681e-02
1.181960655432655327e-01
9.817890883134196278e-02
1.077102848434257354e-01
1.111502153460610098e-01
1.214980583690534049e-01
1.109052304933108857e-01
9.787954665208367655e-02
1.340033668747337425e-01
1.264350739956406622e-01
1.319964858509572736e-01
8.059273990418797107e-02
9.282370463968968310e-02
1.212370912086336017e-01
1.014558486809516991e-01
1.070742063565665453e-01
1.292626454572823602e-01
8.660583964489025621e-02
1.251264453283891520e-01
1.149380787112851271e-01
7.948932059109506398e-02
1.204669927212822927e-01
1.144893920282118172e-01
1.054694955904344617e-01
1.175190826397325417e-01
1.272931497804611345e-01
1.330809650074525896e-01
1.326204322042846273e-01
1.188472369931423550e-01
7.480201208159067972e-02
1.190953340874163491e-01
1.357913956411486156e-01
9.222368230435878944e-02
1.027052107335495179e-01
8.668551382137637540e-02
1.325066314095277864e-01
1.222224830630235931e-01
1.075398931429319138e-01
8.724678011245869114e-02
1.180851269071500481e-01
1.254618061350527558e-01
1.274878012249448522e-01
1.214980583690533633e-01
1.402234130082758434e-01
1.233875952421262523e-01
1.307844034004436162e-01
1.495743861992817059e-01
1.348987997898262459e-01
1.168734925141769188e-01
8.614657542348261310e-02
1.124907746910640965e-01
1.283593252830136644e-01
8.078481039313321899e-02
8.329970491234660324e-02
9.349261421070688416e-02
8.861650352319855317e-02
1.366268089204004665e-01
9.276474799709154284e-02
1.121954407535387249e-01
1.343400753744632137e-01
1.173448541887140983e-01
9.826057339209182118e-02
1.172666927539085385e-01
1.799132860266747513e-01
1.723545449437849097e-01
4.110410665572290512e-01
7.034613492574808280e-01
7.360869770321356587e-01
5.932508667880065367e-01
2.380958346147895033e-01
1.332162912749842824e-02
5.569247482027930157e-02
3.770045348679733344e-02
8.657791040132704063e-01
5.751328013519350080e-01
8.254028051991213477e-01
5.751328013519354521e-01
7.274296527447315919e-01
1.464707212719785212e-01
2.412323574429723894e-01
8.031413514426950506e-01
7.867579847865902032e-01
8.322233686243867279e-01
1.380268123553655690e-01
5.038093643111812847e-01
9.509154031152017295e-01
4.399728317402465949e-01
7.730287778892902528e-01
9.330656879890393274e-01
2.918335656137724388e-01
9.243434908004894979e-01
9.002702102168688159e-01
4.615168806031888504e-01
6.806735563259358468e-01
2.420507114945056465e-02
7.741330789479934360e-01
2.526467731874451964e-02
4.219105507781635289e-01
9.926605682024578492e-01
5.581854939322092868e-01
1.122641979371676452e-01
1.438313525274553528e-01
2.182668622879979092e-01
4.567909724364823676e-01
1.076421185073797721e-01
7.945067118189812483e-01
5.788118969075373155e-01
6.905111435347772719e-01
9.387612783990738619e-01
9.152590012922312557e-01
7.954788053155248395e-03
1.359730741123592879e-01
9.433913799437033676e-01
3.297598323264663289e-01
6.593661296184767373e-01
1.567171034439678867e-01
6.593240057731282466e-02
4.425809347473402822e-01
3.597445682452977272e-02
7.019633135703869931e-01
2.294866215314796953e-01
7.876661241167082217e-01
2.260777986084005764e-01
8.248047288110599284e-01
1.501812475270609404e-01
1.541359355079843507e-01
1.602655976578191976e-02
4.616322017136212930e-01
5.540313253140001226e-01
2.171394581945128854e-01
2.394225386210571127e-01
5.654883553066470947e-01
7.919205619048657052e-01
8.114650962840415094e-01
9.726067777871904019e-01
7.453175758353429714e-01
9.884495007970741653e-01
8.540296272321476478e-02
1.829109864147763012e-02
2.992252577519667334e-01
6.196030935970318065e-01
9.144984041304068945e-02
7.638686724659059513e-01
1.171997264017144297e-01
8.642214691552556616e-01
5.996065036823601258e-01
9.625143536177939441e-02
6.140907952065070008e-01
6.711452241425270859e-01
3.871991502162505649e-02
8.968770039726335908e-01
7.051439963159475965e-01
1.399946623257833922e-01
8.263526729894599132e-02
8.049237253428693784e-01
6.937293849181467298e-01
9.102384619426426293e-02
4.377201652800231102e-01
6.612647607770727465e-01
1.405152247332384086e-01
9.724152251247291101e-01
5.723735803693283941e-01
3.297598323264877562e-01
