1.940166640148305588e-01
5.269455479942655174e-01
8.490065847983969682e-01
1.940297583802114423e-01
1.218385001305487547e-01
8.286330291309293439e-02
5.528229733474765428e-01
2.179385310534569520e-01
1.939985318661684444e-01
1.941735208372696031e-01
2.524595087307617836e-01
1.470446126474386217e-01
1.415139407325686216e-01
1.939941637938284169e-01
1.940057881297531928e-01
5.528447996097456407e-01
2.041645911306053662e-01
1.148474810385554795e-01
8.612961454273249107e-01
1.940038404698518903e-01
5.528358668035748824e-01
1.940235743140084623e-01
1.899883280138589536e-01
8.339806612110944872e-01
1.940054604859472176e-01
9.267285379788734456e-01
4.428231127480487528e-01
5.528184797224044988e-01
2.719631199408221733e-01
1.940332000556459491e-01
2.766613752146038219e-01
8.612950445797972199e-01
5.528119939430009566e-01
8.415652993810497362e-01
1.939951963542773661e-01
1.940252256127075470e-01
1.940178034041794564e-01
1.940069598993553468e-01
1.940090095639498136e-01
5.723346449015623838e-01
2.130896870170232993e-01
1.940242026804799846e-01
8.613032662696479269e-01
1.439094450773313327e-01
8.141977629812713335e-01
9.100598167892240964e-01
2.528669756979421424e-01
1.634379080496091985e-01
1.940084366446207242e-01
4.428927017792135823e-01
9.267946264462784134e-01
5.528178179803702186e-01
5.527464611174934817e-01
9.100653892642613929e-01
1.940830139241689345e-01
8.612871234389034569e-01
5.528063170956584171e-01
5.528293144332212528e-01
5.528142118145942252e-01
5.269720278872646047e-01
8.360474290441677336e-01
5.268836931115512545e-01
9.267782430126521032e-01
5.528175968281218156e-01
8.612948764572033733e-01
1.939877416746000338e-01
9.267668640058208673e-01
9.267795422886956347e-01
8.612960942347971383e-01
1.940031924827650134e-01
5.528048163882250954e-01
8.612831717766492590e-01
1.939826343606279313e-01
1.133404511283815502e-01
1.940207744053780436e-01
3.085970175357373724e-01
5.528394061869715825e-01
1.940179399657571968e-01
1.940096190762634620e-01
9.100240397871942610e-01
2.344066828125695168e-01
1.940077401653185762e-01
8.475042760659152741e-01
8.612993437358735793e-01
5.528245314532151955e-01
9.268064795209423057e-01
5.269604220353582003e-01
5.528314037109756107e-01
5.528330108652543817e-01
1.940193630527277946e-01
8.523068913482825248e-01
1.939982280471803378e-01
1.422522527288507532e-01
9.267923533366833055e-01
5.269407083084048926e-01
9.267779850508798267e-01
1.940175241213352442e-01
8.612836663917193825e-01
5.528229176230436970e-01
8.612882607571825666e-01
9.100836732089623293e-01
5.528247346479305824e-01
1.940329234951594650e-01
2.019460031171181336e-01
8.507925050611484519e-01
1.940105363565939323e-01
1.939972465108116273e-01
1.940207462285009621e-01
9.267790929712824699e-01
9.267593580784531104e-01
1.940024747406552674e-01
2.270560613277187167e-01
5.538552390060291764e-01
1.843267955068109976e-01
1.940124219056656441e-01
5.528301200288747719e-01
8.044131759522263891e-01
1.939989339407371949e-01
9.267628044650020325e-01
5.269133791134077427e-01
2.827082364426761751e-01
1.940091200361122314e-01
1.940215888769663000e-01
4.428840762233985373e-01
1.940060481464649655e-01
5.528157944181075756e-01
1.940104059287201532e-01
8.612903033609424774e-01
1.811063690876660581e-01
5.528324024716604335e-01
8.474742757141300320e-01
5.269613135671384896e-01
1.939890500950856300e-01
5.528291254333459470e-01
5.528340504302458047e-01
1.940276660340849724e-01
9.267669281255980218e-01
3.005409476477847730e-01
1.330585396994300729e-01
9.268185478755647244e-01
4.429004244656730149e-01
1.939684064574719591e-01
9.592653900552321200e-02
5.269156079304778695e-01
9.267813331847611913e-01
5.528352764659492102e-01
2.728465417177144414e-01
1.939939806626813368e-01
1.940113908096256501e-01
2.097210772545085311e-01
1.941771166009644556e-01
1.940255920757676944e-01
5.528205446539432577e-01
1.939856849752301660e-01
9.100815954412546649e-01
1.580355459972516419e-01
9.267631308690138514e-01
2.720187898935126358e-01
1.940309281870511715e-01
2.318759457149180137e-01
1.940282057151050399e-01
8.438546878168828869e-01
1.939949581643816146e-01
4.428868292930463468e-01
2.076892429615578850e-01
5.528306977421515445e-01
2.945858232326378778e-01
2.318814728519802970e-01
1.843254013301102168e-01
9.267186223700877301e-01
1.940142750440196073e-01
1.940156390873211678e-01
5.269568789753812377e-01
8.562527092933213124e-01
9.267775919871198420e-01
8.612937534020177477e-01
1.940159108365329954e-01
2.450193296114107078e-01
1.940252320394957875e-01
1.915405471922564939e-01
5.528002398327156452e-01
2.972309392699001296e-01
5.528269279766531152e-01
5.528176014233427971e-01
1.940056621923564595e-01
5.528408385911807166e-01
2.279937552132497436e-01
2.077225518954136096e-01
9.100896563783785753e-01
9.100823043579414628e-01
2.369617570396234940e-01
1.940058481403402202e-01
5.528194292287430534e-01
1.940167713002282357e-01
1.494287372700343619e-01
1.096289198122920583e-01
1.940243610386786499e-01
8.612954539295171186e-01
2.318705077003633541e-01
1.940028072813822502e-01
1.940303764090162142e-01
1.940261011086579224e-01
5.528254555568417050e-01
1.940105883789682295e-01
1.369862817062050819e-01
1.144281225871233570e-01
2.724746659433139873e-01
1.062407817525473086e-01
3.217934584406242915e-01
8.613103868505942451e-01
1.940212406065306427e-01
8.613014147342412663e-01
1.940159278581777558e-01
5.269245440099448174e-01
1.940262107247864021e-01
1.940215853138001767e-01
8.612905521096604344e-01
1.940158307519267433e-01
1.940060228868482617e-01
2.236872729452258346e-01
1.940221965442434360e-01
5.269569998235300590e-01
5.528254960402798623e-01
1.707145410193499357e-01
8.126428536094871813e-01
9.267722386419023906e-01
9.267707654901413683e-01
8.207123542577889896e-01
1.940226206516243723e-01
5.269651783808995127e-01
8.612795771406047685e-01
5.528258091571843780e-01
9.267643882761867902e-01
2.490493390105588678e-01
1.940317315586071178e-01
1.940157620509849745e-01
1.940122304408002929e-01
1.143962784330197074e-01
9.267790302228443577e-01
5.528369168138398404e-01
3.238194121137988879e-01
2.978035246360301591e-01
5.528140033372289652e-01
8.612833846971250651e-01
1.940973459544138580e-01
1.940032530538363664e-01
9.267902400945970953e-01
1.110104862636406287e-01
4.429033425786514933e-01
9.100285210675213010e-01
1.940113249143995411e-01
1.940053670291598531e-01
8.245184626907415826e-01
1.904447176848017564e-01
8.612878591725779964e-01
9.267926442032987655e-01
9.267839436449503143e-01
8.238682576373633493e-02
5.269622917891126912e-01
8.459048429960001059e-01
1.940162017477248813e-01
5.528314037109756107e-01
5.528253681890227256e-01
5.269576254075126753e-01
1.940163981663412529e-01
2.647425543665046788e-01
2.406445254015627255e-01
1.940192405744755877e-01
1.939991499188032376e-01
1.940077466277197737e-01
1.717339063779621811e-01
8.612862466069106659e-01
1.940159854828901465e-01
1.940246064419065830e-01
2.186935491689526168e-01
1.940177856435601478e-01
1.482091775059145855e-01
8.612883694418044245e-01
8.475042760659152741e-01
1.940335011842697077e-01
9.267941113671781528e-01
1.940079331620482572e-01
9.267829491101229333e-01
1.940194562441181769e-01
8.612904792398594633e-01
8.613079872915746504e-01
5.683753993224843759e-01
1.940209372407998012e-01
1.940206925506030300e-01
1.940104088558282924e-01
3.092575435126225236e-01
8.612905162340667165e-01
8.612985870544894729e-01
1.940136830114513045e-01
1.940064569814317630e-01
1.940190758097461166e-01
1.940176025990441033e-01
9.267836279080906570e-01
9.267731365406052246e-01
2.269907711235300551e-01
