9.446034380614006798e-01
5.402625799699889431e-01
2.568104981362164807e-01
9.056187613813184711e-01
6.100738036468513759e-01
9.412281898249185152e-01
9.422799728221689097e-01
1.717281371027285786e-01
2.479260640186301823e-01
3.064443067905873730e-01
5.355402620537595970e-01
1.126370148472874838e-01
3.273391125540054403e-01
2.796562641273021010e-01
4.270683014859744109e-01
9.379240458750567333e-01
1.248307931486086070e-01
1.608977104848443029e-01
8.743661890170301154e-01
9.246382021983816646e-01
3.012982323919389804e-01
2.166651585911345129e-02
9.832261607506641576e-01
3.460570080857943709e-01
8.981789002412357004e-01
2.363229352148440640e-02
3.411022521659046736e-01
4.214237192033581936e-02
9.927245054958344639e-01
9.920008969620857098e-01
9.713406090609086885e-01
1.085865999714349384e-01
9.915822685284003679e-01
1.209923925488076424e-01
8.977759551651826042e-01
8.908324198007974704e-02
8.422348170399480694e-01
7.983681996908300604e-01
8.962258154686073564e-01
2.838941586577370391e-01
5.692530805482887840e-02
1.146419308370853207e-01
9.499663196517231789e-01
5.359506923054188632e-02
6.862782256757891108e-01
5.551530691192137906e-02
1.181617379806878219e-02
2.264546132036637238e-01
2.624923434891903717e-01
8.420717026413031547e-01
1.351576893609501007e-01
2.264546132036636961e-01
9.920008969620859318e-01
1.181617379815974415e-02
2.057731046864706981e-01
9.809486939537328531e-01
5.505407356550259118e-02
5.832852728729489566e-01
8.944235925757819672e-01
8.544967360995523453e-01
8.035048190972031434e-02
9.421320647264643799e-01
5.182343204130533676e-02
1.093855381001894028e-01
6.260271656825232289e-02
4.720391481843345255e-02
3.866960851667415877e-01
9.809486939537865879e-01
1.902873932156688430e-01
6.258676973979309111e-01
9.603323210290783951e-01
2.198406027344494973e-01
8.970107613835782701e-01
8.349719526351488674e-02
2.604488488235555121e-01
9.258817356507185181e-01
2.934214968741295504e-01
1.506655724401415319e-01
2.479260640224620060e-01
1.782635786286968782e-01
5.079992686406544777e-01
2.403683644470946124e-01
2.403683644470894776e-01
9.389989426980083209e-01
2.568104981362159256e-01
1.661242410745516485e-01
9.458261240730549968e-01
3.560264625706801023e-01
9.328769726261306738e-01
5.767159284043071876e-01
5.897181731248275494e-01
1.083978225959046499e-01
7.809889122151756347e-01
9.768220639201229405e-01
9.797257511792731854e-01
9.189398359716005604e-01
6.185213620468426807e-03
1.278859809236253531e-01
7.310489551145427090e-02
9.900236168835501172e-01
9.594516064916908116e-01
9.619546545371472357e-01
9.920064804725661212e-01
9.705643611661953774e-01
4.198415792205504910e-04
9.725316758121107519e-01
9.866525087709014930e-01
9.881161786991645712e-01
9.816072012753264131e-01
9.804657618314573941e-01
9.564173037218168805e-01
9.625987591803240040e-01
9.975235856670320311e-01
9.585496401404300926e-01
4.697400505996963092e-03
9.922509092560584110e-01
5.088253955197815856e-03
9.661351162550295690e-01
3.112174960407611615e-03
9.925680500791654870e-01
9.586103215260322052e-01
9.979374052474454526e-01
9.780479978784846207e-01
9.963263211289359322e-01
9.707025377438743829e-01
9.928215617923673575e-01
9.979943515611082727e-01
9.707936942889874299e-01
9.580688414214483251e-01
9.613957537889684657e-01
9.955706622280378060e-01
9.730414135013634169e-01
9.746762543703885173e-01
9.578304811481143100e-01
9.950536365684584661e-01
9.622181467359034457e-01
9.603589485551727867e-01
9.826302480760163993e-01
9.750228412629291519e-01
9.706337611757520634e-01
8.271776869388258215e-04
9.660914920295848862e-01
9.577170206422329635e-01
9.636681483571787332e-01
9.828100271009806432e-01
9.738708226462396977e-01
9.764226158236196662e-01
9.784599042921049428e-01
9.898810711806603768e-01
9.932484011757739539e-01
9.891237201239592158e-01
4.198415792179569709e-04
9.820106948045407291e-01
9.898171687922819872e-01
9.971574849099029692e-01
9.801139493993653584e-01
9.768431900384528799e-01
9.620517918653890277e-01
9.859772348431200539e-01
9.613569114142888061e-01
9.563570982030878964e-01
9.693970872825333762e-01
9.542507028056201879e-01
9.903875946127738139e-01
9.627822506921946966e-01
1.756961336562860940e-03
9.877233130871401201e-01
9.597769259502190176e-01
9.667773617312378498e-01
9.706337611757483996e-01
9.650580058947746398e-01
9.867289703060002637e-01
9.621546248066767948e-01
9.610479842993912003e-01
9.735090101015769770e-01
9.832268219322856107e-01
9.962673450070930192e-01
9.620217313397586567e-01
9.626364449807514045e-01
9.717266815060690011e-01
9.853840611801522043e-01
9.707025377438742719e-01
9.598055050893044005e-01
9.828100271009775346e-01
9.912815662890814838e-01
9.735991138512050114e-01
1.948656655858423343e-03
9.816072012753394027e-01
9.932310222128246657e-01
9.999969735660523273e-01
5.053648590389946127e-03
1.294957075832859749e-03
9.791101063674610971e-01
9.589988175478725285e-01
9.561857600930437906e-01
9.863683514820189568e-01
9.832268219322853886e-01
9.863309052058598647e-01
9.655023363737632591e-01
1.226728356958467839e-03
