2.695142570219507538e-01
7.013109786836192461e-01
9.055787915095816487e-01
1.964788829554001970e-01
3.128835193183165941e-01
4.004342775556258838e-01
6.601577896325420136e-01
9.803637126116359138e-03
7.945015153596423074e-01
9.838230853280968344e-03
9.176940615555553293e-01
9.797059486568775177e-03
1.224792754840898709e-02
7.399229004275404975e-01
9.835103235141494371e-03
4.112391795880556700e-01
9.407361270951107857e-01
9.813843014059455902e-03
8.052476128204723027e-01
9.786735561734790159e-03
9.332236175784771604e-01
7.908652736457766341e-01
4.943047660334706078e-02
9.962450125114490351e-01
4.391580422470460765e-01
8.112797360131640545e-01
3.247694072503485296e-01
5.461178277504880052e-02
7.901827001428923802e-01
9.413494232127685990e-01
1.006472728548784071e-02
8.178610637043154385e-01
9.785661410743495825e-03
4.112696265078066293e-01
8.457519930813598430e-01
9.803017880595728956e-03
1.371013520849051759e-01
7.531792130934272800e-02
1.231394613898146306e-01
4.391327374456907018e-01
8.036537380775090611e-01
9.645246143121610771e-01
2.542637835663816848e-01
1.272356216600671608e-02
8.683160531853306718e-01
9.910944887864259201e-01
9.559010568661130414e-01
2.195791468765080912e-01
9.831465565241850890e-03
7.667076245347123065e-01
9.829550347399849605e-03
1.276037936472854684e-01
8.486291441266412550e-01
4.112411001521479870e-01
2.498900082588422777e-01
1.123786690159087887e-01
1.018649430782485737e-01
9.658101011963479143e-01
3.363692978538256051e-02
6.508821572783745069e-01
9.830568169245308338e-03
9.947921856599465373e-01
4.112583376546486980e-01
9.395671073578215626e-01
9.395486858482638981e-01
7.098858226590315512e-01
9.805113471802412092e-03
8.195841361211557707e-01
9.824308288040910914e-03
2.724886193241101706e-01
9.821290338684536894e-03
9.821721719473364837e-03
4.391403747688331638e-01
4.112285457772072439e-01
9.814847051221417540e-03
2.578859572940266354e-01
9.841404184613291445e-03
1.490759216341305260e-01
7.194921744276772113e-01
4.391440334440014914e-01
6.973663621044960959e-01
2.209132761741951501e-01
9.831465565241850890e-03
2.031481864135329662e-01
4.391505919017534287e-01
9.836203420290522831e-03
9.778009578288740511e-03
9.793186433689815562e-03
1.745559685684911974e-02
8.618574193388131022e-01
2.651110387602133578e-01
4.502989522154704494e-01
9.778997759793036856e-03
1.006472728548784071e-02
1.439068460845171482e-01
6.512494328222016848e-02
1.869062582182762777e-01
4.112451826976190050e-01
9.899196223676456352e-01
2.357984213876757329e-01
7.194961081953796800e-01
9.350011154797859729e-04
2.806402029719335528e-02
8.947466499067235901e-01
6.135373860828938902e-02
9.819991907862439875e-03
9.784852892427474066e-03
9.926601365864559656e-02
9.263081968574820024e-01
8.711233651429644009e-01
9.408919057412705456e-02
6.290460824351359198e-03
9.783047507490453751e-03
9.776975363911111563e-03
1.687398216050759459e-01
9.841404184613291445e-03
9.800795688881322812e-03
2.362571576705275178e-01
9.804839867478728488e-01
7.038461331714314373e-02
4.391363964998076241e-01
9.789572589705308747e-03
9.810903896544780414e-03
1.683004129896283896e-01
8.196028917336765918e-02
9.799966231565497912e-03
2.990683403363772475e-02
9.814053868095059044e-03
1.340409909779595177e-01
7.961711376961156938e-01
1.260182101058072157e-01
9.781786168975929383e-03
2.055588426794578150e-01
7.069225135245122971e-01
1.857594976918136576e-01
9.444846378888166472e-01
7.038475977266777095e-01
9.807516831640961455e-03
9.809558045144156982e-03
8.328537306018040098e-01
9.788579301073319430e-03
8.268283845354396089e-02
9.817586363871059693e-03
9.898994207762497680e-03
9.822742801748909208e-03
9.839144052857677902e-01
9.640834481613652640e-01
9.799920674027916973e-03
9.918832360355612360e-03
9.841938813019070198e-03
9.831465565241850890e-03
9.804284484392520801e-03
2.677855051115918816e-01
7.997825132449181140e-01
9.810109967705730669e-03
2.908930974209243958e-01
9.342930124053692165e-01
7.598005835263029750e-01
9.794335917313014978e-03
2.191479909638213153e-01
4.812143430406982253e-02
9.819899170205332456e-03
9.831761289471130719e-03
8.603767465391214397e-01
9.702487934886860899e-01
7.202248266719991909e-02
2.771212935117921550e-01
1.246848343956405702e-01
4.416507453483999035e-02
9.388331716384979986e-01
9.647712035404725217e-01
9.814003265834779499e-03
2.489016668196551429e-01
9.330207125053100459e-01
9.814612561551507020e-03
9.829698146830222888e-03
7.556741509769578924e-01
3.478719702759187071e-01
4.112376652039123615e-01
9.167934168115134952e-01
9.815571750990079516e-03
9.812818045406446893e-03
8.174188876040933138e-01
9.792637629197025947e-03
9.172847570373687809e-01
8.138453680602506513e-01
9.814414897267012897e-03
3.529614820809873904e-02
1.224976713803202326e-02
9.834108413720558939e-03
3.266170679500445262e-01
9.841437947275306561e-03
2.782424147270582959e-01
1.092857191005655593e-01
3.252675181547128036e-02
7.678735900372597456e-01
8.666131713266146397e-01
4.112444093585725380e-01
9.805230615798089452e-03
4.112238864217905299e-01
4.112666035913320473e-01
9.655335992465285955e-01
6.055036057352603668e-02
7.327269468027931554e-01
9.779253354515874894e-03
2.183580416153065584e-01
2.635023584665718843e-01
9.841404184613291445e-03
1.224792754840898709e-02
1.936398856533960988e-01
9.811312580779793166e-03
9.797164894437365018e-03
1.009024260695500289e-02
9.830264127335222243e-03
9.805537967851163383e-03
8.185601148416992157e-01
1.328019863142634593e-01
9.573180263545905122e-01
8.396181580811199474e-01
9.812823542213008898e-03
8.683160800520979272e-01
9.818073140344456620e-03
9.790878618260317329e-03
9.805807149680051057e-03
7.367238900833076309e-01
9.818567238357743532e-03
6.483209007125362126e-03
2.851998081856552680e-01
9.847366289852558380e-03
9.918832360355612360e-03
9.841186727331448572e-03
1.526270487186895397e-01
9.879734570179519310e-03
9.110283032200933162e-01
9.828361604678427857e-03
2.577068475335199671e-01
4.550023668936382243e-02
1.704282391764821714e-01
9.820859745620549169e-03
9.822321762324065161e-03
4.004158998958458060e-01
9.816463476268756302e-03
1.224792754840898709e-02
7.812524242647624906e-01
1.372347245809274474e-01
9.825409585464014300e-03
9.786420359097686150e-03
9.819416819752834272e-03
8.652546032268540466e-02
9.559114504432923987e-01
1.630444450013615321e-01
8.827347153154044834e-01
9.825042715439982408e-03
6.717130078232097512e-01
2.867922197649702687e-01
9.783052291964362823e-03
6.509775397503261285e-01
1.822260747719146590e-01
9.800248032289182731e-03
1.123788960144058019e-01
7.949486780708565903e-02
8.491202782583688879e-01
9.035557317114183418e-01
1.118746167898396204e-01
6.600845588274644182e-01
7.674099114588355253e-01
9.811036813178479754e-01
9.816423682441731066e-03
1.262239529137873240e-01
2.393553728385099666e-01
7.120788761569172287e-01
9.898994207762497680e-03
9.827367371838235596e-03
9.807497327440262494e-03
7.234139823402463421e-01
8.090627297152688246e-01
6.508854841608880948e-01
9.218913110290382074e-01
8.771185032322048603e-01
1.406408407703082786e-01
8.274967395686965224e-03
9.179654605351559304e-01
1.231605283328896794e-01
9.833952756296679767e-03
8.627094594657745974e-01
9.005339110606214170e-01
2.176840238609475953e-01
2.220608501991327977e-01
4.112351780768782605e-01
9.824762392092288230e-03
9.793851817915704902e-03
9.847747617538229331e-03
9.794504704850694188e-03
9.817258608578627310e-03
9.833856572678600916e-03
7.194931012678198456e-01
9.826217368551598899e-03
7.838223147987601891e-01
9.783834254408266956e-03
9.810618039303026228e-03
