3.692810724743937900e-01
6.019417230678493214e-01
8.057354195378079176e-01
2.963632798050753192e-01
4.122635877793856540e-01
4.490863447476307613e-01
5.681260225071181891e-01
9.986094541582162254e-01
6.946924155306261062e-01
6.738984930218576419e-02
8.177948591338493056e-01
9.352360778290838006e-01
1.115053115649104892e-01
6.412221934673986157e-01
4.416094719404744379e-02
4.709134755213868484e-01
8.409342837674897986e-01
9.712175304660920494e-01
7.056371804494536715e-01
9.496211618620654660e-01
8.334492075496762187e-01
6.913452017874461841e-01
1.491708051117268674e-01
8.964703326280905049e-01
5.264261782853701943e-01
7.118043512704370634e-01
4.238828664200086638e-01
1.543626756298434599e-01
6.903523089942351643e-01
8.414741269424466097e-01
1.076725474707795338e-01
7.185302740861485571e-01
9.197672031654284819e-01
5.003210394128798644e-01
7.458095181032962095e-01
9.627344096159969888e-01
2.370613665920377755e-01
1.750954923731628810e-01
2.228356222490128768e-01
5.137593832754269174e-01
7.039143409178998390e-01
8.646634045008849689e-01
3.538216470522452251e-01
1.124274935358054728e-01
7.686298747493878203e-01
8.912755859541393599e-01
8.559930583494420597e-01
3.193782357680810535e-01
5.996296613303638001e-02
6.670359054798162823e-01
5.423465441408178989e-02
2.274346502385743984e-01
7.486494602425506351e-01
4.818321958687616924e-01
3.495236223865011427e-01
2.121544591023520054e-01
2.016199615866949846e-01
8.661863893045252949e-01
1.333717616061226574e-01
5.546440198687114798e-01
4.027984938484348992e-02
8.951407486889981779e-01
4.913097321259614070e-01
8.397450987097023756e-01
8.397327513778368724e-01
6.109271674627931858e-01
9.162460451217999680e-01
7.208094432231171300e-01
6.639090923348205109e-02
3.722553824266161548e-01
5.403891717945501910e-02
2.923957970874040829e-02
5.139507809614719536e-01
4.617859351692378267e-01
1.485575753936320929e-02
3.575795326831956999e-01
8.967927955542495666e-02
2.490508960222219403e-01
6.205746703909510442e-01
5.158012814250184652e-01
5.981928635031448227e-01
3.207766623640148640e-01
5.996296613303145340e-02
3.028733299533019063e-01
5.162380501297776370e-01
5.403891717945512319e-02
9.202564166751954211e-01
9.527807401576176005e-01
1.171666216728327325e-01
7.620435490361032738e-01
3.648492244607945967e-01
5.406150126641167120e-01
9.335161590150505839e-01
1.076725474707795199e-01
2.438697264844423285e-01
1.648691884074425240e-01
2.867317070283861291e-01
4.828293893060233710e-01
8.901877362890665557e-01
3.355049670787295657e-01
6.232223462817687576e-01
9.012802867536857665e-01
1.276871174974356649e-01
7.947596910737081410e-01
1.611149839777845649e-01
2.192202878981816191e-02
9.240727882256076775e-01
1.990611007338751459e-01
8.264979528763215511e-01
7.714070972726081443e-01
1.938609425983029988e-01
9.066481753591045800e-01
9.263775787899548586e-01
9.298606500019117593e-01
2.685596661547416386e-01
8.967927955542480400e-02
9.606727872615461461e-01
3.359093526243240313e-01
8.807650543309508695e-01
1.701496835816602715e-01
5.135878799007677076e-01
9.237293964225152809e-01
2.148445277782459490e-03
2.681871165016986303e-01
1.817569016538320426e-01
9.438971593467551102e-01
1.295849248977554435e-01
9.653456880301030107e-01
2.340127703678698823e-01
6.966694576563604580e-01
2.258169852033896918e-01
9.451205115072376373e-01
3.053801053124448606e-01
6.082172962798872984e-01
2.856447633882907566e-01
8.446188969867981511e-01
6.046387645857356219e-01
9.766109038810981691e-01
9.769548066252176088e-01
7.331611773692674472e-01
9.340466412338664925e-01
1.825143704702947289e-01
7.587180797484258978e-03
1.030928097306127583e-01
2.296807898032125761e-02
8.841055750759695409e-01
8.643294847518371293e-01
9.181540386498624473e-01
1.030928097306393204e-01
6.151624598287930984e-02
5.996296613303075951e-02
9.149614969663908415e-01
3.675055894678710966e-01
7.002253459474232500e-01
9.736540078329990466e-01
3.905255325122271026e-01
8.344655516506745974e-01
6.602939113986170394e-01
9.607265411407256428e-01
3.189145793927481987e-01
1.478307851627475022e-01
3.246129659471235634e-02
5.314579780183012470e-02
7.603900870421684832e-01
8.705145586762597087e-01
1.718137948207940635e-01
3.768667821035638354e-01
2.244478024222036627e-01
1.438272762142735750e-01
8.388917239119465519e-01
8.650771650677033797e-01
9.843400089675536924e-01
3.484936390728738398e-01
8.330507868152584594e-01
9.488997246903582150e-01
2.392069879429308682e-02
6.560767871198850409e-01
4.447707868369208950e-01
4.627459978724299816e-01
8.168162110774190854e-01
1.278619018660519246e-02
3.316508514288996068e-03
7.179001613664327541e-01
9.272522481019342955e-01
8.175170684659587295e-01
7.142288504638685254e-01
2.311402407598667219e-02
1.350371264076565547e-01
1.115053115649411730e-01
3.628876324473834236e-02
4.255651550487952184e-01
5.923377927761538236e-02
3.779465114528905434e-01
2.090210892746552362e-01
1.322144037287025786e-01
6.687108641225132377e-01
7.668295394762607575e-01
4.885674245395806858e-01
9.755573162800094122e-01
4.684397910639694906e-01
4.827600665333079411e-01
8.657533768808639563e-01
1.602694339089083264e-01
6.338670929195334702e-01
9.328798311193337023e-01
3.179827119727736129e-01
3.631966405757827698e-01
8.967927955542477625e-02
1.115053115649197180e-01
2.934235127274248955e-01
9.743000350065359472e-01
9.309191649909576149e-01
1.063055241424828712e-01
9.487524891290237683e-01
9.875891850225517743e-01
7.193018400566546511e-01
2.326159756684047508e-01
8.574749707580642255e-01
7.399493789753778250e-01
1.116811300130379769e-02
7.686526860233618974e-01
9.925505817107728168e-01
9.410707154207851310e-01
9.889559110403218778e-01
6.378351967474495954e-01
9.078023832802836757e-02
9.068799829939659940e-01
3.849454631170478036e-01
6.738984930229854897e-02
1.030928097306436642e-01
7.037613742738983713e-02
2.525659219169242298e-01
1.021337962689775197e-01
8.110407186830433934e-01
7.078932950786018252e-02
3.573410142728788430e-01
1.451886367895651453e-01
2.703399847039926751e-01
4.006978421054719491e-02
9.853872807382513255e-02
4.584572953234389292e-01
4.452383701345738291e-03
1.115053115649122517e-01
6.815049678238340736e-01
2.372169728123270926e-01
5.799035973210475703e-02
9.659012231066326226e-01
3.335551093298735198e-02
1.863777009261642359e-01
8.559996869556851795e-01
2.629600229676596901e-01
7.827662905007441996e-01
4.126286294516646330e-02
5.757748301306931937e-01
3.865146210942157490e-01
9.302082746556372683e-01
5.595688134244225509e-01
2.820295458978661074e-01
9.486748651854823855e-01
2.122646321407970771e-01
1.792834055757613065e-01
7.492997479329672750e-01
8.035683524315984094e-01
2.116036473258643136e-01
5.655520955087947055e-01
6.680140092049522416e-01
8.813409257902137250e-01
2.964540587972776253e-02
2.260385093557494007e-01
3.390371077677803990e-01
6.133294486087763620e-01
1.030928097306105518e-01
3.215966129712329036e-02
9.711315647318756739e-01
6.250488815740362636e-01
7.095992879836385825e-01
5.566427409967540374e-01
8.219211223163376268e-01
7.773300392881210552e-01
2.406249010286645174e-01
9.085740331845717499e-01
8.181880288208365215e-01
2.230246780752731806e-01
1.539007121540863186e-02
7.627298371860617987e-01
8.007689558665411766e-01
3.168406034063537824e-01
3.219284987554114075e-01
4.619141139507063620e-01
6.084271066892918623e-05
9.322726665499155851e-01
7.795405603103905401e-02
9.343941028681739258e-01
9.875333600468843009e-01
5.996296613300353823e-02
6.232223462817699788e-01
1.860321937082593316e-02
6.842769322139675703e-01
9.330420941239137012e-01
8.163276673907246539e-03
