2.261194279645763888e-02
7.514294273148001135e-01
1.009508594628104050e-01
2.514783641079187948e-01
2.693700412559516671e-02
2.260219034612811345e-02
9.604056055572608441e-01
8.582577347947710766e-01
2.260768372384560146e-02
2.260663091965505606e-02
2.261183291271440243e-02
2.736091816433650786e-04
4.248985311582510749e-02
2.260333052205688517e-02
1.237458563279042745e-01
2.261054510453713862e-02
7.451575350340736148e-02
2.262296315271795921e-02
7.507880709697395405e-02
7.048051548863766280e-01
1.447166260890303535e-01
8.582331326236419811e-01
1.943108874646185535e-01
8.582072471337292008e-01
5.364042607339575275e-02
2.259886580698011044e-02
2.259839068908142679e-02
8.581973009080460235e-01
1.825473731903912711e-01
2.260044339308086084e-02
2.261156337929661614e-02
9.978001198317445475e-01
9.669986052176430258e-01
2.261706061058149642e-02
2.074713390948602909e-02
2.260162590723905837e-02
8.582416400318706451e-01
7.308822896942394898e-02
2.259681200216171609e-02
4.557385655864588936e-02
6.163129584564849828e-02
2.074442033033883220e-02
2.268599825033198319e-02
7.839283853662508683e-01
8.016082648885639594e-01
2.514860003214381967e-01
9.615058145930049927e-01
2.262973446896535817e-02
9.957616227939403153e-01
8.582495596201848986e-01
8.582549822562256514e-01
1.476876423032512375e-01
8.444854037852856932e-01
2.259354459944498683e-02
2.254802859602986209e-02
2.262206672378728328e-02
1.291961977876706635e-01
8.582129148964526832e-01
1.235270800651553369e-01
2.261044694763170160e-02
1.345207796661921917e-01
2.260833948913877969e-02
9.433680858985865614e-01
4.362526423180891622e-02
2.850801565833386286e-01
2.260756181398940190e-02
6.940775994893941814e-01
2.087994481049768314e-01
8.582336282017319906e-01
3.048439995963860699e-02
2.848466655159423988e-01
2.261311265272925031e-02
1.521601716748488820e-01
9.457305129186307502e-01
2.260437194577150782e-02
2.391058640272796521e-01
6.838351098335078149e-01
2.260807804397189924e-02
8.518171928545768823e-02
2.260843628673494046e-02
2.739659170969908630e-01
2.760022593052465778e-01
2.262303197787989342e-02
2.417302341262074841e-02
2.259866374740088224e-02
2.261152222883942159e-02
8.444873214848273024e-01
8.407736381635615430e-01
1.274597125617990545e-02
2.258009396231195828e-02
8.270240773491257524e-01
7.238995400507395317e-01
8.567082662520433267e-01
2.260811362731485197e-02
8.582245259022565076e-01
7.681936876276846959e-01
4.903485551618924632e-02
7.074456068760576199e-02
2.260425576733375574e-02
2.256306351502494409e-02
2.260331221541571692e-02
2.260078268909115548e-02
8.582255645703830149e-01
1.219075551364709187e-01
1.003155518839582080e-02
2.261092172880562953e-02
2.261379746004129124e-02
8.407737957619825231e-01
9.458047583493374155e-01
9.603991093623531761e-01
8.582456767317199198e-01
9.485143232809130076e-01
2.262852213653604450e-02
1.461711984000906572e-01
8.582288928040529008e-01
7.679976355503895791e-01
8.463520700823027321e-01
1.166617443500456985e-01
2.262939750259742450e-02
9.946250514606654880e-01
8.357286151567353549e-01
1.021942591079177814e-01
1.662542330960862236e-01
3.034959244884259943e-01
7.755305633597524562e-01
9.548821043834887501e-01
2.261045747004903836e-02
8.582307270703757318e-01
2.248845758414609944e-02
7.385072143004116352e-02
7.697128905719147207e-01
2.259791282934994761e-02
1.893047334931638737e-01
2.259846642198697769e-02
6.232998249444893224e-01
6.671203130508329693e-01
7.044136015204365275e-01
2.259681200216171609e-02
7.823181782864537803e-01
8.582484748754307669e-01
2.261853593466005286e-02
8.325751737293903831e-01
9.984275874817214458e-01
7.326541858819983766e-01
2.261028516983842537e-02
2.261758648797441984e-02
6.539005547527254603e-01
2.262149499218717857e-02
8.582289634994180183e-01
8.512343345575237308e-01
2.817236408762771038e-01
1.175498723292099923e-01
9.818480004851758147e-02
2.261761315996662150e-02
1.888439355250410290e-01
2.259968331004322956e-02
2.259150982127906132e-02
7.787473716629307319e-01
8.520707398152657652e-02
2.262512226407836433e-02
2.263664893507751422e-02
5.786125614423950347e-01
1.930190751986771147e-01
6.778659768333414881e-01
8.582365369776404629e-01
8.764864497538768246e-04
2.261537591368343453e-02
7.142762654030474501e-01
8.582424233956796877e-01
2.261223285200316541e-02
3.570022784495442969e-01
8.204708974247652831e-02
2.261387088345363436e-02
5.754407485282869716e-02
1.704426590569878830e-01
2.259310710905838848e-02
8.329948507510414046e-01
3.526823620449180685e-02
2.489680309359057764e-01
1.171782552027422208e-01
2.262391831255377433e-02
9.977463692051324884e-01
2.222837492009415578e-02
3.436003301235310836e-01
2.261161150813663021e-02
6.451117318386627719e-01
2.262271077814945880e-02
8.025157611300148819e-01
2.260905768413838668e-02
1.086537987250311456e-02
2.423330747014861702e-02
2.492162088726069050e-02
9.485084753043735439e-01
2.542823944964845428e-01
9.603628497739170600e-01
2.665155143408889926e-01
2.555057064055160643e-01
6.429532542050047095e-01
2.555057064055160643e-01
3.617837884306837615e-01
1.261425183665055572e-01
9.317640058435928962e-02
6.481465384606028834e-01
2.262176173464557766e-02
1.913339124703525573e-01
2.260483022266866759e-02
3.582271090504497279e-03
9.820349376594939006e-01
6.909425038135850183e-01
7.672150043831502675e-01
1.153160754721579140e-01
2.261747582872897233e-02
3.457035618032078816e-01
8.582362838298630558e-01
2.260336917404081464e-02
9.073734515609610529e-02
9.649046513573551753e-02
2.261031878128470438e-02
2.260892632770797328e-02
3.479697891448414460e-01
3.141208727492125763e-01
8.781817516003711469e-04
2.260503695226086934e-02
2.343689201187980353e-01
9.969932017733169616e-01
8.572161151331280093e-01
8.553991536226459580e-01
8.582354288112019614e-01
1.903610697308276978e-01
9.072130098475643667e-01
2.259997203966284882e-02
7.383230581160993289e-01
7.320020652396919125e-01
2.260340182044127608e-02
6.284189926634951018e-01
2.262169253427442212e-02
1.766475570190987887e-01
2.263431381754383090e-02
8.582145157705516336e-01
2.259764149216679507e-02
2.112426380794437120e-01
2.261422994451411581e-02
6.488246119529965661e-01
2.249847443297612812e-02
7.560605000675529874e-02
2.261485370366833614e-02
7.106856853625381776e-01
2.261088017002232248e-02
2.555057064055160643e-01
6.545005307821966101e-01
8.582231543702057985e-01
7.553371670243365088e-01
2.262901648818057068e-02
8.582129148964526832e-01
1.169780052730876735e-01
2.294103265996290386e-02
1.614585588682273531e-01
2.259223870337213544e-02
3.077715334653225998e-01
2.259963826005056270e-02
2.260249341494469794e-02
1.038154532792429641e-01
3.479364155110750700e-01
2.260112115336383731e-02
8.582394008366563964e-01
6.629900808307215287e-01
1.928792169067393703e-01
1.199719981916320954e-01
2.260802963575761493e-02
1.431069164501735658e-01
7.222091363203411163e-01
6.242659172054813022e-01
2.260796032867446945e-02
2.254758709465026420e-02
3.175249210119130416e-01
8.582467076582777077e-01
7.643059494447998481e-02
3.632869456199125380e-02
8.582092359329338560e-01
7.570231276516118379e-01
2.262144966493123688e-02
8.691928560610300003e-02
1.447166260890303535e-01
8.582129148964526832e-01
2.265185879526325843e-02
7.231637973663249674e-01
5.550101321639561852e-02
2.260492142528027285e-02
1.852565828322330910e-01
2.261178275840903737e-02
2.260957522383441262e-02
3.400905602481477663e-01
8.581978644455953154e-01
7.320020652396919125e-01
8.211651193260001147e-01
6.435810241959722148e-04
2.262021396844840840e-02
1.401703505950198103e-01
2.261662920625190018e-02
9.828107221801837268e-01
