2.692826812230374456e-01
7.019411066505129027e-01
9.057372215532042414e-01
1.963682757731267658e-01
3.122623802312139984e-01
3.984712481231754699e-01
6.681245393842973890e-01
9.817171334125712745e-03
7.946908431037270626e-01
9.854288454045269374e-03
9.177958950502441704e-01
9.802335461271932671e-03
1.187010785423107083e-02
7.412222464668652977e-01
9.836909395479176768e-03
4.092680792372382914e-01
9.409343836626731239e-01
9.767163484080364916e-03
8.056391849480269984e-01
9.793369325522511409e-03
9.334506368916004604e-01
7.913562164718035419e-01
4.916857232714255677e-02
9.964766179678516966e-01
4.361004735720785952e-01
8.118097627382647730e-01
3.238808243775091467e-01
5.435950808032199988e-02
7.903508824717474512e-01
9.414741166415508955e-01
9.906950476138921130e-03
8.185398209051346630e-01
9.780847253392782950e-03
4.092686365866040621e-01
8.458060012106416448e-01
9.800701623396352105e-03
1.370619122180910254e-01
7.509093666973144787e-02
1.228339786866019662e-01
4.360844090840455545e-01
8.039120858080710530e-01
9.646669821681190804e-01
2.538189783876655947e-01
1.242777975043266210e-02
8.686330680957795591e-01
9.912842634438850942e-01
9.559945251846283520e-01
2.193826720160198807e-01
9.832195841571434239e-03
7.670344545625725763e-01
9.822236832195947384e-03
1.274329780532256484e-01
8.486456479716607548e-01
4.092598301716906528e-01
2.495263634955788012e-01
1.121522429391661330e-01
1.016167862964978269e-01
9.661861370555178130e-01
3.337036163500758934e-02
6.546425883750432995e-01
9.804566088004382229e-03
9.951380991582862157e-01
4.092686202884497915e-01
9.397452401868469085e-01
9.397325317957481161e-01
7.109257408211802076e-01
9.783853133129589291e-03
8.208179822792960323e-01
9.846855184041686249e-03
2.722567650115251814e-01
9.799974957221823865e-03
9.822449131536856518e-03
4.360869382099801239e-01
4.092543732693526559e-01
9.824753404387199379e-03
2.575809553139427055e-01
9.830136843318109524e-03
1.490522031624079702e-01
7.204052089586747698e-01
4.360928472107860610e-01
6.981912631990536688e-01
2.207807428506559366e-01
9.832195841571434239e-03
2.028740068324650925e-01
4.360827881752127322e-01
9.823842614913168292e-03
9.787574670603494884e-03
9.805752789946785980e-03
1.716645310109905787e-02
8.620422727469867485e-01
2.648507544903924149e-01
4.406140351255005694e-01
9.804837757217450475e-03
9.906950476138921130e-03
1.438707494024339673e-01
6.486570606981867382e-02
1.867336522381655983e-01
4.092616450781675352e-01
9.901870781052534154e-01
2.355080048899521050e-01
7.204490775557664817e-01
1.276871943511021434e-03
2.768640603529665470e-02
8.947548602945726293e-01
6.111086275607805623e-02
9.824579846477773243e-03
9.798421698502000898e-03
9.905938887635622192e-02
9.264992629312160943e-01
8.714017502097637369e-01
9.385789904969848996e-02
6.645826855984620501e-03
9.798683205508817301e-03
9.787711254397033975e-03
1.685587696784808798e-01
9.830136843318109524e-03
9.806869721262751957e-03
2.359074986011620023e-01
9.807643344892528203e-01
7.014500456785083271e-02
4.360867241461732213e-01
9.792550668285347759e-03
9.815197971579741471e-03
1.681890813573505838e-01
8.175357812976664917e-02
9.804266436058424461e-03
2.958385528569086945e-02
9.813947393964635169e-03
1.340133756663060560e-01
7.966789685230093454e-01
1.258151071536413590e-01
9.814890673362027321e-03
2.053853196803855918e-01
7.082232501873271246e-01
1.856491695046880164e-01
9.446189544839399543e-01
7.046360816265739846e-01
9.805509290168736708e-03
9.816676273025033012e-03
8.331587867686152116e-01
9.789335002006425979e-03
8.251141900699915377e-02
9.811440243148245727e-03
9.837947098163477011e-03
9.830193853792209766e-03
9.841135910141527443e-01
9.643288351506444922e-01
9.797447665559871899e-03
9.829610914184544815e-03
9.830725571892143244e-03
9.832195841571434239e-03
9.815484035245562733e-03
2.675071134444532150e-01
8.002300277275609108e-01
9.803755773176889635e-03
2.905245422426886437e-01
9.344660542173899298e-01
7.602949435713133308e-01
9.818141114613390674e-03
2.189180572580905204e-01
4.782874052402662918e-02
9.822917422246764049e-03
9.818011855046028524e-03
8.603846056366338813e-01
9.705186056873844613e-01
7.180925436599451539e-02
2.768680962531757661e-01
1.244458979914594976e-01
4.382539441125017643e-02
9.388911972015766549e-01
9.650769417393315619e-01
9.797051846431439892e-03
2.484958593749517497e-01
9.330501707695711966e-01
9.809185332401576529e-03
9.821587956251503007e-03
7.560758483038853006e-01
3.447679465924746722e-01
4.092694100030662696e-01
9.168134643683556462e-01
9.804203609296671326e-03
9.820719889971789296e-03
8.179072863940922700e-01
9.797706234673781919e-03
9.175195380586179672e-01
8.142263337997004413e-01
9.818732571961474864e-03
3.503557405489614307e-02
1.187021924855898372e-02
9.819022348414030432e-03
3.255667297220813383e-01
9.832135581634576099e-03
2.779468859708728035e-01
1.090193624492201557e-01
3.221314781727763199e-02
7.687174378743572012e-01
8.668291451326048946e-01
4.092817505701258352e-01
9.812384884774467617e-03
4.092584588455019379e-01
4.092673077039180596e-01
9.657571282966700421e-01
6.026616435518256099e-02
7.338676231045820897e-01
9.802317354326486182e-03
2.179866263863254050e-01
2.631980149514249745e-01
9.830136843318109524e-03
1.187010785423107083e-02
1.934247707178009534e-01
9.812042236081489413e-03
9.786080849212260360e-03
9.925676009219343635e-03
9.803564536720770980e-03
9.808308780870392610e-03
8.193135348138790297e-01
1.326142612829378786e-01
9.574747589311084495e-01
8.399519786556743917e-01
9.819988679011716626e-03
8.686566262124285620e-01
9.808619961017235600e-03
9.805946832994684795e-03
9.813354360942225588e-03
7.378366228385110359e-01
9.839233372880642342e-03
6.874923353923518762e-03
2.849465830674059452e-01
9.828747974406202084e-03
9.829610914184544815e-03
9.846561696826220192e-03
1.525671977566191995e-01
9.952267417118920018e-03
9.110367023124538166e-01
9.830119115051185602e-03
2.573431099521740761e-01
4.518658925251031744e-02
1.703421716958849474e-01
9.811230411230104434e-03
9.829439810648056206e-03
3.985548884658569602e-01
9.811448204362627906e-03
1.187010785423107083e-02
7.815044705781957202e-01
1.372178341243744382e-01
9.836600785186302293e-03
9.811265209762521158e-03
9.820661209753382692e-03
8.637468906718291650e-02
9.560017238299605147e-01
1.629620264653404982e-01
8.827614704833643966e-01
9.834305841332735901e-03
6.757731861606187662e-01
2.865148654022518504e-01
9.778251688559726554e-03
6.595670017351411563e-01
1.820302177998364412e-01
9.798525087843536902e-03
1.122634783663664093e-01
7.927946466027330219e-02
8.492961208256204486e-01
9.035649423680598424e-01
1.116013891541140640e-01
6.655505307304625529e-01
7.680199496039313845e-01
9.813420964505659150e-01
9.821541490766706392e-03
1.260367544855211241e-01
2.390368524565102126e-01
7.133279935336800381e-01
9.837947098163477011e-03
9.826311012941811585e-03
9.803830204529288828e-03
7.250538946176015020e-01
8.096043084658369748e-01
6.566425409730827223e-01
9.219187507783157542e-01
8.773262926703361275e-01
1.406257748474719627e-01
8.576880561710912426e-03
9.181898212212595833e-01
1.230240742680171612e-01
9.818267950767073024e-03
8.627247299668009406e-01
9.007812916541195758e-01
2.168453044752660375e-01
2.219316501945641229e-01
4.092507591554077617e-01
9.812846031598321250e-03
9.777849663580896744e-03
9.835892277687871554e-03
9.806601613384768185e-03
9.812802533969839508e-03
9.821259054085916887e-03
7.204515588975911600e-01
9.800590417924371842e-03
7.842814720571749110e-01
9.766386242718510385e-03
9.822288614468608139e-03
