3.511563989725005053e-01
7.080912090728046504e-01
4.708571606475897009e-01
2.843702465883088948e-01
5.985045728226083828e-01
9.308022710490079232e-01
8.038092718373344159e-01
1.499885170970821913e-01
5.503684770322950781e-01
8.131719994221997538e-01
4.791290891014935993e-01
7.400038209047351545e-01
2.071311744246503994e-01
1.786535848095219259e-01
7.613736518550314747e-01
7.579942014896403624e-01
3.550253022191070251e-02
4.169283123876645902e-01
6.903348201710413079e-01
6.048964614501983750e-01
9.305685985272621474e-01
9.794865667819060429e-01
7.688940733215857692e-01
2.884961521453510147e-01
4.524282854974609469e-01
8.963073021461713807e-01
2.505105385157428421e-01
2.234735953555586352e-01
5.666782278229502978e-01
1.516848694408901022e-01
8.960716383413478425e-01
4.709396700918122569e-02
7.767821739659376279e-01
3.565776571357325841e-01
1.648981517177244838e-01
1.629753879384842896e-01
8.812147569363886213e-01
9.145377291639233963e-01
7.332901867157788356e-01
9.805972804103608720e-01
9.617499037753325375e-01
8.909991109558740296e-01
8.691837521154841539e-01
5.882070717261077553e-01
7.982179286556968512e-01
9.050328102215138282e-01
2.159114592959371637e-01
8.599052144818469801e-01
4.630478607549475822e-01
8.771951643660504949e-01
3.123001701230385674e-01
7.335424818171374373e-01
2.469023486195955630e-01
8.194806070548845689e-01
6.418085545662957081e-01
8.711829219056779205e-01
4.645750829695655670e-01
6.740183864249333912e-01
4.090217810164337164e-01
1.318454518916093443e-01
4.169283123874010233e-01
6.975896741164142600e-01
3.443287923785681159e-01
6.234777422344395248e-01
3.997492360844950854e-02
3.918142258814119594e-01
1.494188947440923954e-01
2.771677347926217450e-01
9.862569156160004846e-01
1.819226214595173197e-01
9.776147457539134944e-01
2.449083962154743888e-01
7.577224137849669638e-03
9.976582367976686294e-01
9.762495680509632526e-03
1.249880490460527765e-01
4.001001235204084128e-01
4.167821947516133635e-02
8.807059498072857817e-01
1.214230291091765446e-01
5.878007269031106929e-01
7.702199942391431131e-01
2.761628398826024289e-02
3.412734721661288551e-01
4.646002605363342558e-02
9.134505856828183390e-01
8.963073021461713807e-01
8.311743727888848410e-01
5.034783854036504191e-01
2.860136434129241789e-01
7.993812549275646218e-01
2.599063784156351309e-01
2.866808117420849844e-01
8.944896312941914562e-01
5.670361193859079219e-01
2.581774065191765888e-01
4.857840452565984624e-01
9.962003459120926108e-01
6.287275386912196673e-01
7.520517511878220818e-01
8.414978274794143731e-01
6.376492532636697241e-01
6.493320476786452744e-01
8.166763237486558413e-01
3.983034335887727373e-01
5.002640895255737741e-01
8.601879926366403639e-01
9.830923553002359760e-01
9.251190658420542778e-01
8.180345710612118015e-01
5.366777375685722884e-01
1.997146621230395658e-01
5.942738877147253351e-01
9.864245156412961013e-02
9.744776905555170288e-01
4.124841414373921489e-01
6.061021698654140977e-01
1.527920420650130950e-01
4.142965554622507485e-01
3.128037213641960412e-01
6.702230320468751668e-01
5.288378660432956346e-01
1.176946934154818325e-01
4.247472312788293514e-01
7.040520146351759989e-02
5.736452908654998684e-01
6.033384970595081498e-01
7.729913131298064011e-01
7.379169820109678923e-01
1.562111168709916509e-01
1.482517552413708528e-01
8.979671618692903756e-01
5.616089999956306311e-01
2.807090167952067117e-01
7.887164943889918289e-01
6.426985198666107513e-02
4.033736197441985527e-01
4.814439606669047023e-01
6.335658162707904495e-01
5.022272596742053397e-01
3.211501779838083492e-01
2.887277547697986724e-01
5.921799532324842907e-01
4.257154337252054277e-01
2.845564692954429264e-01
6.912565210990464504e-01
4.269810181822202844e-01
4.883973343875719353e-01
6.018781110325528011e-02
5.016043528674268143e-02
9.688881754223301057e-02
7.818888381553509292e-01
2.307194920402951266e-01
5.440050827828751823e-01
2.430686587817172950e-01
5.612566815011239552e-01
8.589120369774665420e-01
7.036493797054118593e-01
4.706870798047830817e-01
3.697866090062411071e-01
6.330570769077492610e-01
6.744769955293573593e-01
1.577454816605269594e-01
8.224305051355980112e-01
6.388325897063614756e-01
5.661068078988331642e-01
6.664125394644575540e-01
7.085719143723434588e-01
6.226561920576147990e-01
8.082286140143551956e-01
8.058526520618909672e-02
2.413569527296978712e-01
2.617543976661801941e-01
6.196449806613369971e-01
6.684179430983065995e-01
4.606554118770119777e-01
4.420397186965583924e-01
7.712200120252703517e-01
7.856739973121191767e-01
7.082431384413270248e-01
9.937558522053165921e-01
6.461654011194599700e-01
8.355201932606090010e-01
9.451599179370352433e-01
4.461763109608671285e-01
8.341168755596688467e-01
4.939801235448015304e-01
2.987691811789086604e-01
7.638725097044525292e-01
2.988169464725806690e-01
8.976869024107496653e-01
3.288083382341480676e-01
8.310488133239469777e-01
8.419091021420881116e-02
7.813429061920942331e-01
1.156730839467051963e-01
3.904469840097896660e-01
4.445749346179336259e-01
7.028722861997863114e-02
3.447541719859378295e-01
2.487410992309958824e-01
2.485069031437505127e-01
2.541814844853642064e-01
7.312325754526347588e-01
8.310589791405083027e-01
6.226561920576165754e-01
1.820444229936654112e-01
5.772280808088188220e-01
7.649355814785970820e-01
8.841402246287214384e-01
2.379625483890193682e-01
8.022741392609796796e-01
9.069624243451492873e-01
2.653514204470360238e-01
4.495829867047421158e-01
9.980631800662779218e-01
5.067415076305999827e-02
6.876746933325361688e-01
3.527383924197712017e-02
9.251190658420541668e-01
8.236123251946034785e-01
4.969321026055410484e-01
7.628553122037424750e-01
6.899188371755308191e-01
2.379625483890194515e-01
5.543703190283584270e-01
4.278168842217784373e-01
7.316127332229671598e-01
5.852231811986023935e-01
3.839730350117934177e-01
9.264724871229944592e-01
5.016043528674264673e-02
5.690745350453458862e-01
4.427728049804280919e-01
9.034761446161025944e-01
4.684609084129099932e-01
8.433347490955510617e-01
4.150996200839409678e-01
8.825160469682338249e-01
8.428707048713248717e-01
6.828320447999391973e-01
8.979671618692903756e-01
9.355215431107997970e-02
3.037900728622394686e-01
9.649004415559377934e-01
6.563781142061124729e-01
4.205184641236623944e-01
2.149933105510921372e-01
8.665613483746408274e-01
1.124976879757670495e-01
1.874023886467484634e-01
4.021354918339036244e-01
6.755093237620615199e-01
8.992041358945120910e-01
6.761370115724110175e-01
5.904085265490569556e-01
5.337483442163095670e-01
4.780260142956082037e-01
8.520562376230811363e-01
1.506027918689171888e-03
4.181919365525181287e-01
7.160459431263238583e-01
8.812147569363901756e-01
1.107004531705521738e-01
5.777506231993500413e-02
9.280509140710885285e-01
7.784363685242482456e-01
2.564119718791825209e-01
9.026724530432114757e-03
1.834645257207657976e-01
4.882145580938887508e-01
6.507674919553418924e-01
6.534138848786246179e-01
6.756793129929637987e-01
8.256782883578647203e-01
3.001383866102459441e-01
7.804587882609616001e-01
7.617829077136160087e-01
7.384859938435172078e-01
2.915132987212347149e-01
6.004123998550150443e-01
1.058269446993908257e-02
5.907044724920285095e-01
8.862285890106496034e-01
9.665956354699951625e-01
8.495297809477866391e-01
9.797732795682960738e-01
3.635887106213291919e-01
5.900781203356046944e-01
5.180958107863108397e-01
9.467552144186061058e-01
9.881089077354858752e-01
7.688864370083363653e-01
6.575705995227383305e-01
8.297842402305874998e-01
7.948861096084398614e-01
2.231112264706841888e-02
3.918142258814119039e-01
4.249021367098965163e-01
5.002640895255682230e-01
