5.066681897021437786e-01
8.271218965194289119e-01
5.714159882664955337e-01
7.102854571446308718e-01
7.055295571540896038e-01
7.789075228309223498e-01
5.346655806859131888e-01
6.364806979513373264e-01
5.336975393371152787e-01
3.361114572700861225e-01
1.232525191450003776e-01
1.702684004438558552e-01
5.379894862159193547e-01
9.554866193635795923e-01
2.967970994269721885e-01
2.095970974732967174e-01
1.087608099668745665e-01
1.563760860412268319e-02
1.082826966503926402e-01
5.670197132334997558e-01
1.251380531419438724e-01
4.946741252746797990e-01
6.882054194891746857e-01
6.757109537759097007e-02
3.776752635142360259e-01
9.127515029382517187e-02
7.184562454931366915e-01
9.185062083610070482e-01
9.520020520754541860e-01
7.142457632811802792e-01
3.995659716570278408e-01
1.786388571881776799e-01
3.425735382089022951e-01
9.075623045971414893e-01
1.170054375597619906e-01
2.015968808045265348e-01
8.503115113271275671e-01
5.820319485906129409e-02
2.925929276370899390e-01
9.998927841742132339e-01
2.629749134049099157e-01
9.169500301375834717e-01
6.396976187200608122e-01
6.497317507974569306e-01
9.567982262957214212e-01
6.234174476117074759e-01
9.337938564436542022e-01
6.966332409739719456e-01
1.696222000329527246e-01
6.647628268677635566e-01
2.955751449821968774e-02
3.290955538070736708e-01
4.959581668493723283e-01
1.534562931997506818e-01
8.964805383987490828e-01
1.112798195102968207e-01
8.290443525119606250e-01
4.889444048435027668e-01
4.051749572715317993e-01
5.853504383165633040e-01
5.607681411150852169e-01
7.218816480064917940e-01
4.117210665721096619e-02
4.694037349686683847e-01
3.844811938240791371e-01
5.820044749215744773e-01
4.261616953458455606e-03
6.049308557172143885e-01
1.017048864646912243e-01
7.350065438097278525e-01
9.595091917581092256e-01
4.248584611178908843e-01
2.909431667492291540e-01
7.279090173803000052e-01
4.897707997695972537e-01
6.873381349121208128e-01
8.954764819494713812e-01
4.785596343386627760e-01
8.811501770103751241e-01
2.280508574652719000e-01
5.748434442310883519e-01
3.963013541232144332e-01
2.330338962959336291e-01
4.117210665721097312e-02
3.570806169451088419e-01
7.445017579639390259e-01
5.812841503649495145e-01
3.786178973621587979e-02
1.696222000329527246e-01
9.876847863430945340e-01
9.939066371111864306e-01
6.167884894790201522e-02
9.460565391318844775e-01
2.649890523570432310e-01
8.289255748556164649e-01
8.182725936393562272e-01
3.446068513555073376e-01
5.134434084376265223e-02
8.272877732260217609e-01
9.264680717817719291e-01
8.823079097970991380e-02
4.118861511771043094e-01
4.335215522959556117e-02
4.711368974253365982e-02
3.889625859979827238e-01
6.972881688902343722e-01
7.934518541309851791e-01
3.924597628122195037e-01
4.429421095444785461e-01
1.417325838177775910e-01
6.240267103060703757e-01
7.010494736863071008e-01
3.638211977725575585e-01
1.637150569847275750e-01
1.750321067314962453e-01
2.760840038963924270e-02
8.114864693146508490e-01
3.942448150916032512e-01
3.324168654391012057e-01
2.452662383600932305e-01
7.100627861641159999e-01
5.571740210184905617e-01
1.641471470068086025e-01
1.460945472437760739e-01
3.929668167956878455e-01
8.448025643131600315e-01
5.800647193697661130e-01
4.520182197761868914e-01
1.151960672394619495e-01
4.889444048435027113e-01
1.154316607447999354e-01
1.686418868413288308e-01
6.086540074186339577e-01
3.235000139049034606e-01
2.691658846992641685e-01
2.952895654941529308e-02
4.099613344422066152e-01
5.910291315804443446e-01
2.999436144367831902e-01
9.841022938064520886e-01
1.170054375597619906e-01
7.023140067745807791e-01
3.324168654391011501e-01
9.580134914783720035e-01
3.742231820121914160e-02
2.596270652547183477e-02
1.161916397233918458e-01
5.778259127748069934e-01
7.734703649116194679e-01
1.154316607447691545e-01
6.666515950187734685e-01
4.325362323884080484e-01
6.396976187202272346e-01
1.318649505570836274e-02
3.827780278935052349e-01
4.603861371273394731e-02
8.510743449659891047e-01
2.543371800368215280e-02
1.052757763360868265e-01
6.484141067181205600e-03
6.266804852927673197e-01
8.190771165516703978e-02
5.715756415988615391e-01
2.607326090227373161e-01
8.095565568067342177e-01
8.631227694689668217e-01
3.844343763048481133e-01
1.615319160993667902e-01
6.899421709461397434e-01
9.892174564009340587e-01
9.227184361966936921e-01
4.724292333835141133e-01
3.047270420832433602e-01
9.378416578652466751e-02
9.105175919950527774e-01
6.954233772863958052e-01
3.686834576903724736e-01
7.736712111236276890e-01
5.926225451682181067e-01
7.301658248545261909e-01
6.763393283217147278e-01
1.528923708693963601e-01
3.253682779431781302e-01
4.628314768057477102e-01
7.691333201173666811e-01
7.279090173802997832e-01
9.504504968214612104e-01
7.161633568599459210e-01
6.842880641483804760e-02
9.577961106030628002e-01
9.337938564436542022e-01
2.048900362275783427e-01
3.925219408578608515e-01
2.141249654882568798e-01
5.336975393352810793e-01
9.451346768140317378e-02
4.051749572715316883e-01
8.438939471278710247e-01
2.509207391772749207e-01
1.386649178522884607e-01
6.108816396151188766e-01
7.140678921365279930e-01
4.711838135505113656e-01
7.136663619224945521e-01
7.535451537876541872e-01
4.493791967012860655e-01
6.966332409739615095e-01
6.182760603947301536e-01
9.600006199645888527e-01
5.777368113358722912e-01
4.281872477272716943e-02
6.508581750228058516e-01
2.443035496798778017e-01
4.540318466239737227e-01
1.130819304501141064e-02
8.106291651511428054e-01
2.939624009631849541e-02
5.420301962062271661e-01
1.829369757123033013e-01
1.180592022106008998e-01
6.788699059496291488e-01
6.579140634403810584e-01
5.345442941136469006e-01
7.425485618685190303e-01
5.546275083037360831e-01
8.306044099967295783e-04
6.763393283216687646e-01
4.267963607382487257e-01
1.749417946561814263e-01
2.075219803985258737e-01
5.049640819335327047e-01
7.075381127216692767e-02
4.254551147391935073e-01
7.205891391678477254e-01
3.711455346510542791e-02
8.234059894513553468e-01
8.025321116297072788e-01
5.699356575461785868e-01
2.162858423113040579e-02
9.563749458136940884e-01
5.681330431949999094e-01
9.279097932148130945e-02
3.961815129181921712e-03
6.850274567384162516e-01
1.930949278587936954e-02
8.975181118355632925e-01
7.161877714313473753e-01
5.790003045175141638e-01
3.121928287942074554e-01
5.833026238426535226e-01
2.579653568042213352e-01
1.936698304806236670e-01
3.409644118471540364e-01
3.842033991374686486e-01
9.555674536781549877e-01
7.997210047160223656e-01
3.994229842467021951e-01
4.162974097819611141e-01
7.339556712587433918e-01
5.984253681191238350e-01
7.587600980000380746e-01
1.060924704721040585e-01
8.091917376896513581e-01
8.365787294803874730e-01
8.007107177079793026e-01
7.032032475522325132e-01
2.938338098368248885e-01
4.948398419587587416e-01
5.101011514819734360e-01
2.452802703334491519e-01
6.262587382831148464e-01
9.376415166253085909e-01
7.583321921664261112e-01
1.259093076924376886e-01
7.828877542301877490e-01
2.225310956788591199e-02
1.079528988757320340e-01
9.872991282203517072e-01
4.124910816807120933e-02
7.080967302475268399e-01
6.337816247216330190e-01
7.714708301120942746e-01
4.457398342242490097e-01
3.922912963116782503e-01
8.182725936393229205e-01
2.306677849582541018e-01
2.543191708089546643e-01
7.356819756768597784e-01
1.481972780200110362e-01
2.319759859069594199e-01
5.285611047419014330e-01
9.811809922337124679e-01
6.565889144599632576e-01
8.483174546905536406e-01
6.207843190368663722e-01
3.885368579129973576e-01
7.646703300557997629e-01
5.598032091135722865e-01
3.655362943995442149e-01
5.797436788506800109e-01
