1.095782125874502216e-01
1.095824001046435403e-01
1.095795273308423634e-01
1.095786969269923333e-01
1.095754493073486380e-01
1.095759427934905050e-01
1.095771609986416623e-01
1.095705455560830599e-01
1.095824892732691486e-01
1.095724231236313295e-01
1.095705191384843263e-01
1.095865377323516632e-01
1.095831658914493134e-01
1.095709593824763656e-01
1.095732269599280495e-01
1.095798882498567189e-01
1.095782381484784601e-01
1.095876849108599754e-01
1.095808253352496681e-01
1.095751358219528154e-01
1.095751349205895120e-01
1.095816529909621889e-01
1.095679535829638535e-01
1.095799897097505526e-01
1.095747603799076403e-01
1.095865301361601679e-01
1.095740039216090839e-01
1.095738184228844253e-01
1.095721033905454056e-01
1.095706016948696515e-01
1.095664451553099578e-01
1.095726759753383045e-01
1.095787248629816746e-01
1.095761236485097434e-01
1.095746052862705544e-01
1.095849736077387643e-01
1.095624997792504079e-01
1.095776247870264564e-01
1.095780817511007449e-01
1.095665474331648098e-01
1.095784807801728489e-01
1.095701890006846174e-01
1.095759097247530761e-01
1.095761246430753955e-01
1.095735807869429868e-01
1.095754742117223124e-01
1.095828266507266474e-01
1.095797425925455204e-01
1.095730112275576235e-01
1.095692965816732894e-01
1.095840029864888349e-01
1.095731699204153392e-01
1.095848886434224179e-01
1.095767978421568339e-01
1.095860733534774756e-01
1.095733716445434769e-01
1.095767067260636357e-01
1.095799590046894062e-01
1.095813607816584767e-01
1.095829932885025310e-01
1.095794442095368026e-01
1.095876413434311997e-01
1.095720388181623955e-01
1.095838868188254572e-01
1.095851447191634742e-01
1.095879511918502885e-01
1.095739658543244954e-01
1.095748126627580366e-01
1.095583596966287626e-01
1.095678628635461255e-01
1.095860105397755274e-01
1.095677000911272903e-01
1.095752410851930786e-01
1.095772914022007383e-01
1.095749475216874769e-01
1.095745772917123828e-01
1.095748594616168803e-01
1.095827689396750154e-01
1.095792982944088084e-01
1.095730509823443222e-01
1.095758125371257552e-01
1.095815347995052341e-01
1.095803862428667563e-01
1.095796439180398846e-01
1.095710889355668294e-01
1.095893810869950635e-01
1.095741876398581283e-01
1.095766614745196099e-01
1.095771595181479346e-01
1.095654898086131507e-01
1.095702499542389463e-01
1.095771088699146883e-01
1.095683493989906693e-01
1.095747943092187510e-01
1.095518554881897422e-01
1.095796091379933612e-01
1.095772267735447419e-01
1.095752266248632145e-01
1.095641954609584690e-01
1.095789219682772736e-01
1.095840896652763019e-01
1.095845162648384080e-01
5.110423742361003274e-01
7.919318099109758924e-01
7.919650064887430174e-01
6.932522680094366230e-01
1.380972057539725240e-01
1.095566800030282201e-01
1.095702038312406368e-01
1.095750511670169902e-01
8.142948715834801288e-01
6.751341662743535199e-01
7.919817072503612110e-01
6.751341662743535199e-01
7.919545784758479368e-01
1.095872851288939992e-01
1.412337863083109046e-01
7.919608182581007183e-01
7.919561614317901510e-01
7.919872062361603682e-01
1.095794193112993031e-01
6.038106387467960801e-01
5.091670701460819515e-02
5.392895309594767372e-01
7.919662327323737649e-01
3.306696215939009670e-02
1.918349452483363027e-01
2.434472065496333035e-02
2.713613266037184822e-04
5.393652158882924486e-01
7.806751596218201028e-01
1.095790211604942693e-01
7.919590380012873077e-01
1.095636240925994681e-01
5.219118553388718551e-01
9.266187614244364434e-02
6.581867998661490304e-01
1.095766161424583385e-01
1.095793134713320127e-01
1.182680897348416110e-01
5.393442853650487478e-01
1.095841667402168429e-01
7.919803766399996503e-01
6.788132195697633708e-01
7.905126579459953451e-01
3.876248138343838662e-02
1.526010607080263703e-02
1.079561409224434748e-01
1.095688926631313148e-01
4.339262023117664013e-02
2.297611706299933776e-01
7.593676318363137279e-01
1.095754397520889711e-01
1.095776680881122706e-01
5.393246686627259923e-01
1.095696701136616297e-01
7.918834673717876083e-01
1.294879569488756599e-01
7.919567898052947141e-01
1.260791241842853516e-01
7.919779064603941210e-01
1.095803698600763265e-01
1.095827631843441091e-01
1.095706498150046670e-01
5.393542157841075824e-01
6.540326621705957466e-01
1.171407007886767215e-01
1.394239257844707702e-01
6.654896489012744887e-01
7.919636108964709376e-01
7.919794903664814090e-01
7.260804170936016599e-02
7.919785968846373425e-01
8.845084418494145173e-02
1.095672200377734995e-01
1.095742641910745219e-01
1.992266448959150726e-01
7.196049790475923524e-01
1.095789075853585010e-01
7.919618078982186837e-01
1.095789910809254336e-01
8.142549852618443662e-01
6.996079311484280083e-01
1.095738955961450406e-01
7.140923009140411892e-01
7.711467795166632166e-01
1.095753491675894031e-01
9.968781832230934059e-01
7.918941475678866748e-01
1.095753321833459470e-01
1.095810726749925079e-01
7.919810387376814420e-01
7.919171964036592071e-01
1.095928086136786772e-01
5.377214255382192221e-01
7.612662557584655154e-01
1.095707262765365092e-01
7.241645232019140732e-02
6.723749164256602739e-01
2.297611706299933776e-01
