4.511570871788981307e-01
8.080914284667721770e-01
4.879322156395927701e-01
2.980713678806365396e-01
6.968391699837419573e-01
8.308027052566632209e-01
8.207104508095657280e-01
1.505755376513735755e-01
6.503686248529119140e-01
8.206894834220908042e-01
4.879429187412093749e-01
8.206489954227864647e-01
2.979883914612280749e-01
2.405654129745193603e-01
8.206919060142805478e-01
8.206626177446287862e-01
9.355025777665318953e-01
4.878832691250880593e-01
7.903350409985939740e-01
6.968578184522234986e-01
8.305690261563872800e-01
8.794868280089782608e-01
8.206925348787066365e-01
2.980696333109909557e-01
4.879233935338480599e-01
8.207104144394028467e-01
2.980628447622468702e-01
2.980491392480290602e-01
6.666783849070390122e-01
1.505842884088062217e-01
8.207147338008101700e-01
9.470940544268137140e-01
8.207011626245579450e-01
4.565780115512422799e-01
1.505871974797489410e-01
1.505910228318718957e-01
8.207133326766433701e-01
8.207179333066885185e-01
8.206836303909559316e-01
8.805975927766743760e-01
8.617503057349312767e-01
8.207090266743974905e-01
8.207085196067531729e-01
6.882073399460515439e-01
8.206932576016061631e-01
8.207100953203581017e-01
2.979938734502462494e-01
8.207033435003331379e-01
4.879352298484888051e-01
8.207075650905732989e-01
2.981252684209781401e-01
8.206398353713373339e-01
2.980704207383484405e-01
8.207073871861630954e-01
7.418088672977003473e-01
8.207093783647451124e-01
4.879081935741973464e-01
7.590382084232053517e-01
4.879157897299759572e-01
3.184541001201746102e-02
4.878832691250880593e-01
7.975897761821237886e-01
4.443292721135980727e-01
7.234780209701587861e-01
9.399749809422316416e-01
4.879034483090952667e-01
1.505801890753563910e-01
2.980827443156559564e-01
8.862572188455676292e-01
2.405513784372049213e-01
8.776150845089287778e-01
2.980624795219470324e-01
9.075773389138213076e-01
8.976584123423402284e-01
9.097627549402411695e-01
2.498792633462850257e-02
4.879158308070654093e-01
9.416783276689634219e-01
8.207139682706687811e-01
2.142286336118743792e-02
6.878008438419599413e-01
8.206866173485882765e-01
9.276163804609925956e-01
4.412743740091029099e-01
9.464600737211359416e-01
8.207153979854899806e-01
8.207104144394028467e-01
8.206915905981985171e-01
4.879438887305113659e-01
2.980698016231553837e-01
8.206882423354600054e-01
2.980654939722965358e-01
2.980734916195152961e-01
8.207117122810861920e-01
6.670363891643881216e-01
2.980648585034141318e-01
4.879267330038938311e-01
8.962006181274423389e-01
7.287278710481885913e-01
8.206886480651452986e-01
8.207006609775051587e-01
7.376492772629403838e-01
7.493321753761648107e-01
8.206995236923796400e-01
4.879154767651947555e-01
4.879774104078909436e-01
8.207054398371972370e-01
8.830926437504050819e-01
8.253056945031020941e-01
8.206919601278779286e-01
6.366777935266916266e-01
2.979084817821167630e-01
6.942740291478184389e-01
9.986425798764613226e-01
8.744780366573363661e-01
4.879078772759203320e-01
6.968516017486783287e-01
1.505820163161604441e-01
4.879088378863704056e-01
2.981173513950281517e-01
7.590348500307237956e-01
6.288379476084742237e-01
1.769480611532368852e-02
4.879099419889449396e-01
9.704052683702070192e-01
6.736454826036815113e-01
6.968433771632269735e-01
8.206950330184125120e-01
8.206775654428764000e-01
1.505855472295648256e-01
1.505733937701286551e-01
8.207110041402242429e-01
6.616092493931144958e-01
2.980836816970941494e-01
8.206863223030508303e-01
9.642697458846583025e-01
4.879212189573505221e-01
4.879222576640664943e-01
7.335660505395185105e-01
4.879847345511704737e-01
2.981461704441682459e-01
2.980745782287582690e-01
6.921802534717600430e-01
4.878919313704964122e-01
2.980725541824295055e-01
7.912565387664899363e-01
4.879105800241446689e-01
4.879434423899098872e-01
9.601877735151913562e-01
9.501605327394745393e-01
9.968888529399999587e-01
8.206799228891984432e-01
2.980552688159330832e-01
6.440052587807427731e-01
2.980567175289832171e-01
6.612567911651467956e-01
8.207063179002861419e-01
8.036495114421604580e-01
4.879316797334224409e-01
4.697873404368050898e-01
7.330574063157373477e-01
7.590445275829447169e-01
1.505780788475495346e-01
8.207011004652611241e-01
7.388328995602684302e-01
6.661070464084202225e-01
7.590299694028631583e-01
8.085721291634235808e-01
7.217451754978354561e-01
8.207061703414636478e-01
9.805853313127873561e-01
2.980611258104536865e-01
2.980527304164394264e-01
7.196453082425102732e-01
7.590385246611554004e-01
4.879359217365602519e-01
4.879124857273844373e-01
8.206868360397627793e-01
8.206909918627456335e-01
8.082432216029075134e-01
8.937560811757512269e-01
7.461656933721185769e-01
8.207032540967480472e-01
8.451603512877307045e-01
4.879195249254066336e-01
8.206943914308887367e-01
4.879378736555633478e-01
2.980837643371608281e-01
8.206975929379228818e-01
2.980794567380632420e-01
8.207109711228545157e-01
3.288089370557380486e-01
8.206905235524950548e-01
9.841907890110577206e-01
8.206947148637021572e-01
1.567311220747402700e-02
4.879106747213515227e-01
4.879509027243885133e-01
9.702873548999099151e-01
4.447550866495202371e-01
2.980608036503919478e-01
2.980641414868939743e-01
2.980559858176697330e-01
8.206688660887455633e-01
8.206947404812016122e-01
7.217429509358697093e-01
2.405756291611237108e-01
6.772283085105093026e-01
8.206826397246173022e-01
8.207009934870460599e-01
2.980560922558515569e-01
8.206879091692254047e-01
8.207164968772142633e-01
2.980644660857325046e-01
4.879265417517491543e-01
8.980633886863679249e-01
9.506742576195184036e-01
7.876749479366514928e-01
9.352739255423381248e-01
8.253040999225886853e-01
8.206901925886189719e-01
4.879422508080217824e-01
8.206948147068079402e-01
7.899188633698829287e-01
2.980560922558515569e-01
6.543705341396447439e-01
4.879209042931477169e-01
8.206836565562914965e-01
6.852233995570916614e-01
4.839736203590866981e-01
8.264729483804730270e-01
9.501605327394745393e-01
6.690747417193203539e-01
4.879144556418961720e-01
8.207217915153133259e-01
4.879304135383055741e-01
8.207258453483353700e-01
4.879090432401397281e-01
8.207087434807133208e-01
8.207007259664399479e-01
7.828320874340182201e-01
8.207118189314061008e-01
9.935522597993922123e-01
2.980776951628330562e-01
8.649008315443464934e-01
7.563782125763631736e-01
4.879160624288034209e-01
2.980179682784685480e-01
8.207046066440604193e-01
1.249758910851952662e-02
2.405876767294932717e-01
4.879022471750968371e-01
7.590539166707733765e-01
8.207153637274191560e-01
7.590348179125320227e-01
6.904088230804914517e-01
6.337484618978084239e-01
4.879287544645001251e-01
8.206998606383307804e-01
9.015062796538048095e-01
4.879096470926993501e-01
8.160461610656661868e-01
8.207133326766433701e-01
1.070039734341594710e-02
9.577751711477396901e-01
8.280513355647708407e-01
8.206950791716859372e-01
2.980667258693472932e-01
9.090269693002817064e-01
2.405733184023597371e-01
4.879427637669054851e-01
7.507676037075809994e-01
7.534139706920217616e-01
7.590480036443698619e-01
8.206968548130386676e-01
2.980983768805124945e-01
8.206899107447567232e-01
8.206967285177225735e-01
8.206828656668551103e-01
2.980868412399119149e-01
6.968509652069427851e-01
9.105827978103042675e-01
6.907046622577639461e-01
8.207068152613961054e-01
8.665960105127118451e-01
8.206967114127365903e-01
8.797735830453909944e-01
4.635890684038412313e-01
6.900783052349663826e-01
6.180958947719330521e-01
8.467556104134261741e-01
8.881091775221338080e-01
8.206954249930858980e-01
7.575706698870234845e-01
8.207105268398008358e-01
8.206943304568934394e-01
9.223112815638463413e-01
4.879141365069546987e-01
4.879128793852292034e-01
4.879774104078909436e-01
