6.015126779060133710e-01
7.284796178498267327e-01
6.294226932459655588e-01
6.924097121207326566e-01
6.924114841370367923e-01
6.924371101103731219e-01
6.294162275642999349e-01
6.921944668191734040e-01
6.293816048111451344e-01
4.145973410461337161e-01
5.725905744970697514e-02
7.074184029779599647e-02
6.294076024534864811e-01
5.461878256383063956e-02
3.716048989608924935e-01
1.105596651151539295e-01
5.723781419532041059e-02
5.721728473186927372e-02
5.724465675921061592e-02
6.294176588664093241e-01
5.724642253461076358e-02
5.448438392783313544e-01
6.924087377472541993e-01
5.723088039558998225e-02
4.146240416372062865e-01
5.725079749552978298e-02
6.924173704203656632e-01
1.747734349170372570e-02
5.103261751565245363e-02
6.924218845880787399e-01
4.146070845879400446e-01
7.913040297014392599e-02
4.146029485259719594e-01
6.454606014000792598e-03
5.724396041777699007e-02
1.028093877788411048e-01
7.514529119429942394e-01
5.724179143549543158e-02
3.715908220301319398e-01
5.721623412038752410e-02
1.652010630096792387e-01
1.602678840136802230e-02
6.922790870512087746e-01
6.923800933481512043e-01
5.549013295125704986e-02
6.922101782519867186e-01
3.274709773339229413e-02
6.924069254703010268e-01
7.053369433373442299e-02
6.923946152186433167e-01
5.722279291417746439e-02
4.145963810354847401e-01
5.448229120009293602e-01
5.727502469791997952e-02
9.945319128216425497e-01
5.724744201058614562e-02
7.302874244823640559e-01
5.448190389991047766e-01
4.146073560977497907e-01
6.294210688770683904e-01
6.294147582413507358e-01
6.924250430492434605e-01
5.722346161073309234e-02
5.394836877048995172e-01
4.146163775048151701e-01
6.294251385858165015e-01
5.721566313880287191e-02
6.294835050108127383e-01
5.724662936856462353e-02
6.924321359091426542e-01
5.610350636275790448e-02
4.146204496174511478e-01
3.715878233303152034e-01
6.924268774172557261e-01
5.448284082315167920e-01
6.924057725207690694e-01
9.940143386052129326e-01
5.396467409845375762e-01
9.733560536349854520e-01
1.337962428810958171e-01
6.294064790057831704e-01
4.146169977006584628e-01
1.352986701801847103e-01
5.722346161073309234e-02
4.146122328472054974e-01
6.924325799375219415e-01
6.294244277268739030e-01
5.724027344149839464e-02
7.053369433373442299e-02
5.721640021869268261e-02
5.720718705076075633e-02
5.722546915896910974e-02
4.543327282872738210e-02
1.668047953823368623e-01
7.302862580581905849e-01
7.198252775749784949e-01
4.146077933658797732e-01
5.723063778336098806e-02
7.286201410877445328e-01
2.537713623827664994e-02
5.723903613807301838e-02
4.146193259569870837e-01
5.722656361689697213e-02
5.723150360878077186e-02
4.146162513377971703e-01
6.924145344994372397e-01
6.958053972489337546e-01
4.146158363744332220e-01
4.146381062596511402e-01
5.724962928305326465e-02
6.921739567584099806e-01
6.924152673762249410e-01
4.146086710392509200e-01
6.487896743963980639e-02
7.564730343400366541e-02
5.722819030982963240e-02
7.132430822745214893e-01
4.146134604115018218e-01
4.145676523330245056e-01
1.525406192934009864e-01
6.924222319785015012e-01
6.294151338060870460e-01
6.505939144462390133e-02
5.724845827783120455e-02
4.146150219695532435e-01
7.459889775893504549e-01
6.294238122700188676e-01
4.146549548724472456e-01
5.725060511337060065e-02
5.448190389991047766e-01
5.724537522675764850e-02
6.974205000253584641e-02
6.920114906092144080e-01
4.145664866559651829e-01
1.711393684413448635e-01
5.722187440513230861e-02
4.146131545317075506e-01
6.294252232613153364e-01
3.952522732824361729e-01
5.721104269030677369e-02
5.724396041777699007e-02
6.924083841473307466e-01
4.145676523330245056e-01
5.588142222398331804e-02
5.722491083697423681e-02
5.721075035205405029e-02
5.723767158483546863e-02
6.294058422099615413e-01
6.924312934661898122e-01
5.723371248694687774e-02
6.924128880449429424e-01
4.146398142695620348e-01
6.922303337111881394e-01
5.721796020641485570e-02
4.146185847967512328e-01
5.723824365793362540e-02
7.522552782226469281e-01
5.722267144116004872e-02
5.724230971840142679e-02
5.721952429728068001e-02
6.922939691872653789e-01
5.720703264501513646e-02
6.294032606447987899e-01
1.634833779572933410e-01
7.115228858949302904e-01
7.648249187789023518e-01
4.146144679222123486e-01
6.291870329257023831e-02
6.924079484593945732e-01
5.722305153806958589e-02
2.172106964451548522e-02
5.396179810859133008e-01
4.005817801676512802e-01
5.722309205992181375e-02
9.234299413051311536e-03
6.924132693427171859e-01
4.146223226783828930e-01
6.924324057976987135e-01
6.294212394922376053e-01
6.924186077182055143e-01
6.923974051194993207e-01
5.741081847129059917e-02
4.145894587830352140e-01
4.146733507737105362e-01
6.924292059263124077e-01
6.924268774172557261e-01
4.968247026704498970e-02
6.924255801959056100e-01
5.727073474274319703e-02
5.584351091769825665e-02
3.274709773339229413e-02
1.058417057427263053e-01
4.146156096877679498e-01
1.155195871515314887e-01
6.293871281178312627e-01
5.727917183329332695e-02
4.146073560977497907e-01
7.452534268927635264e-01
1.537345472815169478e-01
5.724176136760984746e-02
6.921366890655791249e-01
6.924154016406876000e-01
5.396269592606733889e-01
6.924169641187193358e-01
6.924284945924763512e-01
4.146629917995899861e-01
6.924069254703010268e-01
6.921747823508730413e-01
5.612899392272842347e-02
6.294077182241613055e-01
5.722704124469275150e-02
6.923877533376388005e-01
1.525408226670378065e-01
4.146518734523063632e-01
5.721629440013244888e-02
7.119679714511766289e-01
5.721946090747252051e-02
6.293999752905135026e-01
8.351005273097560078e-02
5.724089965074369984e-02
6.924005081807299566e-01
6.923997627382869613e-01
6.293669278721683025e-01
6.924215445301895588e-01
6.294019739882078524e-01
5.720050786056235514e-02
6.923974051194993207e-01
4.146199242085982228e-01
7.564028076603408757e-02
1.089118545715793557e-01
6.014692843982298864e-01
5.724291523376484614e-02
4.146406534275266509e-01
6.924220143751169676e-01
5.720967318518750677e-02
7.253403042833304060e-01
7.047408146670829376e-01
6.294174261312253105e-01
5.721559278094558165e-02
5.547279584332326374e-02
6.294120915462761978e-01
5.725267400338823753e-02
5.721123035066807277e-02
6.924070223926246381e-01
5.721300625904436610e-02
9.956672399202640689e-01
6.924104325317887998e-01
6.294233436903655665e-01
4.096964770065104622e-01
6.294294769144556101e-01
1.610361145639629399e-01
9.473810141296673537e-02
4.146018034280172793e-01
4.146024452615714728e-01
5.474205785556689879e-02
7.027011386873329712e-01
4.146219035764051597e-01
4.146209453468812645e-01
6.924123162068087645e-01
6.294362056430402586e-01
6.924387804748779462e-01
5.724368635063808303e-02
7.114983378270405279e-01
7.378886817302454659e-01
7.027290037103799403e-01
6.923999852068493110e-01
3.716019714898656789e-01
5.448123756038990573e-01
6.036746872006488740e-01
1.525427603314869762e-01
6.922876843477924202e-01
3.659876440913244211e-02
6.924366751139650056e-01
5.725742633233420198e-02
6.924712328589488486e-01
5.722510764409251272e-02
5.724292580760262372e-02
5.719177856013089867e-02
5.722507547212666440e-02
6.924239292252714062e-01
6.921826292247503787e-01
6.924381572802198459e-01
4.146466106616799596e-01
4.146136212725696768e-01
7.198252775749784949e-01
1.346042422272070993e-01
1.573422392323010899e-01
6.924303856488753794e-01
5.724199990893447110e-02
1.346842315928944989e-01
6.274197155933430858e-01
5.720341791317015007e-02
6.924104030687578959e-01
7.497201075678705529e-01
6.921690961576778545e-01
4.146183475696769150e-01
6.924250394755899762e-01
6.294210760284802975e-01
4.146074450883578955e-01
6.294160667423276401e-01
