3.263008468221443859e-01
7.471658961684819744e-02
6.916177020302216594e-01
1.146219173558984950e-01
1.878666204116479499e-01
1.148628970146784584e-01
6.846751048318788779e-01
1.148650124486831625e-01
3.277883024685993019e-02
1.653334987931736610e-01
1.181937023051151253e-01
1.148653030877563458e-01
1.148726577753026862e-01
7.153869740527651899e-01
1.148650290057499357e-01
1.021436561205182059e-01
1.148684181956387551e-01
1.135318782152654749e-01
6.670268055684038799e-01
1.148531698119420463e-01
6.670243381400211558e-01
6.670274535601447008e-01
3.262908620850417107e-01
7.151080726349166028e-01
3.456924088557376540e-01
6.670723521567234471e-01
6.670027817465193909e-01
1.148503391227044534e-01
6.670277224978196084e-01
6.670003144422123054e-01
1.149115544631531816e-01
3.263090492642593543e-01
6.142271699582899647e-01
3.728028868461230605e-01
6.795631396220718212e-01
6.096668887604705933e-01
6.669786554253703814e-01
1.148861607719890710e-01
1.148732510875828255e-01
7.420549289631943601e-01
1.148653030877563458e-01
6.670139486281480012e-01
1.083440419371087121e-01
1.148747555802932668e-01
6.670265098029755091e-01
3.263090095088571618e-01
2.096084831463599640e-01
1.148837625277292773e-01
1.148634957939935475e-01
7.689495239280195182e-01
6.670255906532347456e-01
1.148629164994679486e-01
1.148707326540717721e-01
6.670144258036407869e-01
7.011772190859475451e-01
1.148692917564384242e-01
6.675887862376643778e-01
6.670276161596317976e-01
3.398405908610315773e-01
6.670090191961448589e-01
3.263074171512047594e-01
6.601913774323229234e-01
1.148749058868068079e-01
1.262081715051443787e-01
7.068040620625604120e-01
6.670183140412950795e-01
7.408005107332085171e-01
2.717748322803794081e-01
6.379196030124223427e-01
6.670383028320240326e-01
1.148675800704010014e-01
9.409116540335225043e-01
1.148711944091229675e-01
9.989212971751390002e-01
3.263098255388456326e-01
1.878938856473075791e-01
1.148649486490016941e-01
9.138323556868504713e-03
3.415516723548462918e-01
1.148686659523500547e-01
7.051407560212415992e-01
3.558668104069663829e-01
1.148734698120464776e-01
6.670218688444562449e-01
1.148588224233056260e-01
6.669988025839559409e-01
1.967624703110793793e-01
6.232803322400095603e-01
1.144454558654529192e-01
6.670183845577186688e-01
6.252201716575640500e-01
1.148493021317281704e-01
3.263472227585279550e-01
1.148677268578022770e-01
3.797463395748481019e-01
6.670205958771855403e-01
6.074636676567539695e-01
7.492251002559484618e-01
1.148648327815514902e-01
6.513309295411295885e-01
6.536009309891237518e-01
8.730992790841592133e-02
1.692491371223670549e-01
6.178417799590651960e-01
2.003229939813518101e-01
3.263069864684673971e-01
8.646695552760282066e-02
1.148728548683901202e-01
1.148578525401077743e-01
6.802214076842838519e-01
1.148577603573575356e-01
6.670025376159312014e-01
6.670103917917524772e-01
1.148768825446361275e-01
6.670218926390507619e-01
1.148617395346835934e-01
5.907522933060854742e-02
1.148683266891481342e-01
6.670015257149525256e-01
3.302679634682743059e-01
5.749264229527158154e-02
1.148440412319780279e-01
6.670041687731942393e-01
1.379178927977209868e-01
9.288227305881596729e-02
1.148693962638670241e-01
1.148689235111453322e-01
1.713731876087044304e-01
1.148607392203221111e-01
1.148787649429611757e-01
9.125969194411726049e-02
6.302566202423236508e-01
1.521836382803501697e-01
6.670254207883642428e-01
6.670161112877955878e-01
3.689208390160636508e-01
3.366048747405913644e-01
3.263192087724519630e-01
6.670152331935429446e-01
1.148687637699918745e-01
1.932408860238005732e-01
6.670218688444562449e-01
6.670085743806383194e-01
6.988229689864097205e-01
3.263125032365756240e-01
7.526250954525989245e-01
3.263185329177080152e-01
6.670157871042634579e-01
3.606736008376541514e-01
2.717766463984710446e-01
1.148721905391013320e-01
3.262951777915418794e-01
1.148756954169448813e-01
1.042540217224925125e-01
3.263001562361181329e-01
4.899694626703823136e-02
1.148598154490452355e-01
1.878911669894854919e-01
1.148640727534147449e-01
6.670096261404059312e-01
1.148707903642928879e-01
1.276142805305773287e-01
6.819804582016844030e-01
7.249016844074106514e-01
6.670218688444562449e-01
1.878936751362515756e-01
6.670152688400770025e-01
6.925453082204244826e-01
7.780130337667704454e-01
6.670173033771356064e-01
3.607606862157318739e-01
1.417245935374643051e-01
7.632713667754659204e-01
1.149123213733872495e-01
1.148674314777176630e-01
6.670157192734343932e-01
3.540496396680826163e-01
3.655349407661211414e-01
6.670275739985984664e-01
9.973875902262822057e-01
6.670157925840876079e-01
2.717830192885731244e-01
1.148707230216737957e-01
6.670073488564514097e-01
8.687265431456393794e-02
1.148766021814530275e-01
1.148650467817071696e-01
1.151345862036812773e-01
1.166685981313729387e-01
6.707508279700571396e-01
3.263536367040733577e-01
1.148578525401077743e-01
9.409133444570232374e-01
8.295259454897117857e-02
6.669996501083337304e-01
1.359770143901435913e-01
1.148631907156933418e-01
6.670030304217682282e-01
6.670210424947178307e-01
6.667141573247239439e-01
1.148616564445634480e-01
2.717922347251193194e-01
6.670243751972801949e-01
1.895780342456560297e-01
1.148813733666185499e-01
6.450199653109395248e-01
1.148594518607368997e-01
6.439595131578756959e-01
1.148642311479146083e-01
6.148995983833835943e-01
9.408938058847582386e-01
3.323185915671185708e-01
6.667762729005761724e-01
2.302357680401016793e-01
6.670293496375353515e-01
6.670236750163320849e-01
3.263034822869104179e-01
1.148660724662006610e-01
1.148812926606148782e-01
1.148677479309388877e-01
4.758857401658367348e-02
4.785099252895617244e-02
1.148862947298414372e-01
3.262742881191121325e-01
1.148876479659819982e-01
9.878768205560180260e-02
3.479473933247244632e-01
6.299205799750222656e-01
3.263202115525237201e-01
1.148677143126020372e-01
1.148531147312254475e-01
1.148916483199867167e-01
1.503620935595564867e-01
4.969037635582755630e-02
1.148997658365414065e-01
1.148615237871184330e-01
1.878896091945825852e-01
6.537167478164538359e-01
1.148806786041401684e-01
1.507071225460366037e-01
1.206736876885609877e-01
6.670150799845402378e-01
3.263202089271270978e-01
6.670262654825972470e-01
6.879810434621219661e-01
1.149138671626011438e-01
1.148845199511412812e-01
5.054682652372786272e-02
6.670164532783067202e-01
6.670267183986335890e-01
2.717610551856336487e-01
6.670125033532693370e-01
6.670221402565084112e-01
6.631313047717575238e-01
6.670331136601281852e-01
6.502940127525983494e-01
1.148656578832328995e-01
1.148741338133759393e-01
6.670256521097596147e-01
3.736837999708587099e-01
1.148749024741374247e-01
7.531902792249345335e-01
6.670262689706996095e-01
8.646598651727294138e-02
6.670267268662870563e-01
1.148587670259718224e-01
2.717853099352640078e-01
9.068781825613587977e-02
3.263096761527990997e-01
7.194058821191551267e-01
1.151165290419981918e-01
1.148699769626787270e-01
1.148608055489633295e-01
3.263504636895638855e-01
1.148599381350464410e-01
6.940052660100437532e-01
2.124145150716841846e-01
6.670210557184484967e-01
1.153275386761495880e-01
1.878868121124262214e-01
1.148752194809476851e-01
2.178107093151316898e-01
1.148791199457933204e-01
7.151080726349166028e-01
6.669790898408387569e-01
1.316613777179280187e-01
1.339593160567656947e-02
1.148793595973144066e-01
1.731962999270262871e-01
1.148516218998514443e-01
6.670156343831525891e-01
2.092542056403637052e-01
6.670791883949200862e-01
3.263135447689720636e-01
1.878859505623146908e-01
6.670121115006976131e-01
6.670039970505982074e-01
4.120367709114571529e-03
6.670089066149991197e-01
1.148999080918376992e-01
