6.066690738374231895e-01
7.271214056200761000e-01
6.299159784318001387e-01
6.924606018240818672e-01
6.924679568649934058e-01
6.924706889803288190e-01
6.299097496748453651e-01
6.924282463077802152e-01
6.299002453515992750e-01
4.141769312595003361e-01
5.753520665995743438e-02
7.027090151210031721e-02
6.298967484782325155e-01
5.549015979287202915e-02
3.787565851270824901e-01
1.095997383038742196e-01
5.748262934267812235e-02
5.746125991306604008e-02
5.749802361250425792e-02
6.299088964384628175e-01
5.752844404412981588e-02
5.451826569146864809e-01
6.924481951123193646e-01
5.747286339944258221e-02
4.142019975069421989e-01
5.747789885011886368e-02
6.924535773042267417e-01
1.850871522957850054e-02
5.200603535433559466e-02
6.924612406205690185e-01
4.142189363743366548e-01
7.864135285907658535e-02
4.141685083365914677e-01
7.564206604850550256e-03
5.752006925231713252e-02
1.015982629079757033e-01
7.503098901918662245e-01
5.748224984023298650e-02
3.787368008952347043e-01
5.744933537036377158e-02
1.629761943441959682e-01
1.695253444577972043e-02
6.923839702276590735e-01
6.923910062076656935e-01
5.680170707759317483e-02
6.923890737886910784e-01
3.379723409710921889e-02
6.924518179021590392e-01
6.962249334733137951e-02
6.924422832115917359e-01
5.745550318996808098e-02
4.141273485870672344e-01
5.452074654408229915e-01
5.748659761332945706e-02
9.964811921033522868e-01
5.751593285348006318e-02
7.290410583576509840e-01
5.451405718456542315e-01
4.142064587295358202e-01
6.299118146034763388e-01
6.299100658725895752e-01
6.924575991957486742e-01
5.746683065292985254e-02
5.398642418399837162e-01
4.141932325467534981e-01
6.299136471537076787e-01
5.744624588598438997e-02
6.299234513842061345e-01
5.750653518951606702e-02
6.924627068716818767e-01
5.745902915010262652e-02
4.142060837811297747e-01
3.787516002526574166e-01
6.924504501828838698e-01
5.451427269529292019e-01
6.924512968129475921e-01
9.954770803874275487e-01
5.399373694695593917e-01
9.811494905547833989e-01
1.280517304850614102e-01
6.299102413571429082e-01
4.141928020491687512e-01
1.330319889030355807e-01
5.746683065292985254e-02
4.141825178998082002e-01
6.924678319292928430e-01
6.299119963878743178e-01
5.747023391882308957e-02
6.962249334733137951e-02
5.744839765038376594e-02
5.744146874043474377e-02
5.746073746118454673e-02
4.605810226469465168e-02
1.649901835637340997e-01
7.289221676620547541e-01
7.182698903444622029e-01
4.141875850249022717e-01
5.747035548654626236e-02
7.272850133870076839e-01
2.647088464500429658e-02
5.748412059652496103e-02
4.142119352475511773e-01
5.748688003640807509e-02
5.748820916357715027e-02
4.142091980181787925e-01
6.924474421513753253e-01
6.934484321276888075e-01
4.142083054455751312e-01
4.142192468392008053e-01
5.759448012448762505e-02
6.924129009337516294e-01
6.924540487209369655e-01
4.141971351765362241e-01
6.371498941650637071e-02
7.503439067863829082e-02
5.744848686579682312e-02
7.114828612990917733e-01
4.142033348022778894e-01
4.141819537974296694e-01
1.452677716265851349e-01
6.924568193516335013e-01
6.299089740935912562e-01
6.414925885750720480e-02
5.756719435250735872e-02
4.142086502800020331e-01
7.448010092784268510e-01
6.299119376293935701e-01
4.143545807761015443e-01
5.748628380448997377e-02
5.451405718456542315e-01
5.749223883884033853e-02
6.864245961453026290e-02
6.923832487846370842e-01
4.141750103749171630e-01
1.691669525645072003e-01
5.746340606364108705e-02
4.142053713737526843e-01
6.299157559351260538e-01
3.999439405573413375e-01
5.743767380205304363e-02
5.752006925231713252e-02
6.924598167134985438e-01
4.141819537974296694e-01
5.731806003766201640e-02
5.746160865728502931e-02
5.745602192465254499e-02
5.752590760934965519e-02
6.299087661037341412e-01
6.924641540082530078e-01
5.753185969307728076e-02
6.924457577399010244e-01
4.142048958540064385e-01
6.924255266665102493e-01
5.745133884782929745e-02
4.142046150996904208e-01
5.746109299504410101e-02
7.510714066756234430e-01
5.746127933499738105e-02
5.750183221688635188e-02
5.744601955362372420e-02
6.924155832244620612e-01
5.747133144314719305e-02
6.299159413873043345e-01
1.607340395707682890e-01
7.095567615475779633e-01
7.631229966065222747e-01
4.141994433518124130e-01
6.153150127213578846e-02
6.924493376781962750e-01
5.743975032007501980e-02
2.272099533557929429e-02
5.398895667631689044e-01
4.047278296251651808e-01
5.747560499788513522e-02
1.051951058215311666e-02
6.924452736767701122e-01
4.141955046083809489e-01
6.924887149779164197e-01
6.299100722301618216e-01
6.924644318299097989e-01
6.924594169326794280e-01
5.753776145510037382e-02
4.141801771097513019e-01
4.143102435087839264e-01
6.924600889898714362e-01
6.924504501828838698e-01
5.045361795899944157e-02
6.924536340578251181e-01
5.749622597315366679e-02
5.733954474424529657e-02
3.379723409710921889e-02
1.048918725853505013e-01
4.142031482968390188e-01
1.141238397149299671e-01
6.298982130198718110e-01
5.749349884430334651e-02
4.142064587295358202e-01
7.438920692054118433e-01
1.509223250431760976e-01
5.754019657694149636e-02
6.923925136455184592e-01
6.924529053587080707e-01
5.398874892307542472e-01
6.924554382612619907e-01
6.924670599305565721e-01
4.142317151955512977e-01
6.924518179021590392e-01
6.923977264123551967e-01
5.712473534726816154e-02
6.299140329578274411e-01
5.745750304849279316e-02
6.924315935094327301e-01
1.443028953652225055e-01
4.142164404501377239e-01
5.745958973475608772e-02
7.106287036143412728e-01
5.745501344242930075e-02
6.299068900807220928e-01
8.293891434445449518e-02
5.752843329134729039e-02
6.924417528725339555e-01
6.924267676275115413e-01
6.299005036442502092e-01
6.924603461905127766e-01
6.299169229614979271e-01
5.743405840747992791e-02
6.924594169326794280e-01
4.142067977708917548e-01
7.494184037603890403e-02
1.075206108514717013e-01
6.049648075141624837e-01
5.749205240269027184e-02
4.142024797733751540e-01
6.924567890292936401e-01
5.747397633613721829e-02
7.234025141542723691e-01
7.025284928196313672e-01
6.299095276018763512e-01
5.745988096967129949e-02
5.637573232458939487e-02
6.299046640064404068e-01
5.750106208366357469e-02
5.745241443003609727e-02
6.924552641696668509e-01
5.744465811110933962e-02
9.975194119117803959e-01
6.924515314415939926e-01
6.299162514591072348e-01
4.121931103866461887e-01
6.299042746776253310e-01
1.579668225201011911e-01
9.366966183153602188e-02
4.141843083757355548e-01
4.141945827058188812e-01
5.556957288955305385e-02
6.997173323703214098e-01
4.141928246070157860e-01
4.142003819548447652e-01
6.924641595862957022e-01
6.299429344094826799e-01
6.924620257417659630e-01
5.748372471624729751e-02
7.091893881833029045e-01
7.365756341264779739e-01
7.007085298806627893e-01
6.924600689627831152e-01
3.787534881174413059e-01
5.451582201262356042e-01
6.101015001990242048e-01
1.452815003421324136e-01
6.923935805529179977e-01
3.764455700514537928e-02
6.924640607935896863e-01
5.750888288341793331e-02
6.924786391889308224e-01
5.745589454882704672e-02
5.750810232415834444e-02
5.743428114841082899e-02
5.746148669399450681e-02
6.924585109605158051e-01
6.924347806191317733e-01
6.924682368065214755e-01
4.142027139102761879e-01
4.142074907319695520e-01
7.182698903444622029e-01
1.306683181668752691e-01
1.543207806754842704e-01
6.924706272493141856e-01
5.756813070414117800e-02
1.319771809249492833e-01
6.285635676367312685e-01
5.744133991883416945e-02
6.924437533471972106e-01
7.483155815259761034e-01
6.924058415177490877e-01
4.141976397496317519e-01
6.924874048618925304e-01
6.299081806137551975e-01
4.141957131436920236e-01
6.299148037430617464e-01
