4.489440831292039746e-01
8.042265292350707639e-01
4.895110679854189906e-01
2.977319496925510678e-01
6.941991301414700555e-01
8.312170505988333291e-01
8.206319487705566740e-01
1.495135946667787707e-01
6.499530956822401340e-01
8.206366906043041087e-01
4.895473489800357125e-01
8.206156547349126029e-01
2.977134248265104199e-01
2.335262788543203127e-01
8.206240092046517276e-01
8.206170417400274752e-01
9.364244925041441681e-01
4.895252067945567442e-01
7.835740901180592299e-01
6.942253834869587248e-01
8.310131062134606950e-01
8.806981800851682030e-01
8.206156583117416581e-01
2.977262801186530972e-01
4.895487391618818518e-01
8.206422974602655129e-01
2.977369064342306748e-01
2.976870104878432954e-01
6.662512788963942389e-01
1.495274555604958477e-01
8.206538908180733838e-01
9.478749578572981394e-01
8.205973161514218406e-01
4.548365255231595627e-01
1.495287124178784344e-01
1.495279271486648076e-01
8.206325544288242124e-01
8.206470845121509594e-01
8.205959197297457708e-01
8.813868199366482470e-01
8.628602976627387511e-01
8.206360537151490275e-01
8.206389906020759017e-01
6.877949133339971155e-01
8.206349361507992990e-01
8.206331241724813541e-01
2.976844025777341529e-01
8.206379295046671851e-01
4.895302412197571340e-01
8.206295447453704206e-01
2.977552232785760089e-01
8.206252153492635815e-01
2.977225415743383063e-01
8.206126441096256441e-01
7.404538535889148010e-01
8.206333130598464365e-01
4.895311137536419444e-01
7.574721626671009345e-01
4.894973787831338741e-01
3.519103858631384557e-02
4.895252067945567442e-01
7.941843199244380536e-01
4.418883670080231418e-01
7.222722842923030573e-01
9.409529894762466151e-01
4.895245467498401393e-01
1.495269955999976030e-01
2.977183599936575886e-01
8.869965346741598422e-01
2.335368926649312449e-01
8.789333195545309119e-01
2.977301053117196172e-01
9.083428860947870831e-01
8.983899071675177650e-01
9.102701481596540134e-01
2.702493650573209449e-02
4.895051561208199620e-01
9.425188400140533940e-01
8.206476606157266929e-01
2.349082812385521607e-02
6.873532770221291166e-01
8.206126762589133206e-01
9.284830640397950807e-01
4.393523868913244979e-01
9.473851878885681810e-01
8.206399120251717250e-01
8.206422974602655129e-01
8.206324693900340916e-01
4.895618265041970507e-01
2.977396629257580973e-01
8.206159415314869809e-01
2.977325285677246969e-01
2.977297348576307678e-01
8.206391465931620610e-01
6.666168774165437405e-01
2.977170419235456444e-01
4.895342066216380461e-01
8.969504478176546503e-01
7.278049241799741109e-01
8.206024766640168666e-01
8.206350475147612400e-01
7.365678377090678630e-01
7.481233794155799366e-01
8.206350176500807336e-01
4.895038632778245802e-01
4.896349647798735605e-01
8.206511242853703481e-01
8.838841860831464503e-01
8.258969416975534550e-01
8.206095734262807140e-01
6.359858331551277999e-01
2.967385735980121453e-01
6.931349937813106044e-01
9.998324936496728599e-01
8.758001479067013539e-01
4.895143501120096108e-01
6.942261757230558938e-01
1.495213916083966976e-01
4.895124296017598353e-01
2.977314418571622712e-01
7.574879257566409230e-01
6.280864815284545877e-01
1.966482685032918884e-02
4.895314826723148327e-01
9.710432298008905283e-01
6.731516249600346669e-01
6.942246475647622095e-01
8.206158017605746924e-01
8.205857449578299878e-01
1.495418682692283285e-01
1.495114816579399541e-01
8.206411216625507654e-01
6.612844856543391714e-01
2.977217365862852572e-01
8.206336463725132369e-01
9.649884027160533506e-01
4.895021649017285426e-01
4.895503700895779686e-01
7.324011404298977901e-01
4.896022808955697858e-01
2.977377044644067272e-01
2.977237521925812924e-01
6.910637225856701704e-01
4.895109122842868365e-01
2.977242348416417883e-01
7.836019106554205083e-01
4.895270824161911394e-01
4.895522889616007456e-01
9.608694540487858760e-01
9.509261842019099964e-01
9.982744841785720080e-01
8.206270605063403778e-01
2.977124789816874006e-01
6.435300874974294594e-01
2.977178392970495358e-01
6.608899760215423136e-01
8.206332979948665063e-01
8.016394540352603792e-01
4.895394425682768613e-01
4.688085075025129056e-01
7.322332209983726248e-01
7.574871552176913880e-01
1.495218563236328790e-01
8.206332391171839991e-01
7.374773474936682227e-01
6.657804545146709385e-01
7.574700934089048099e-01
8.042776826457336270e-01
7.209683068794923155e-01
8.206317055569143371e-01
9.814813284010610595e-01
2.977242147726171240e-01
2.977309097942806848e-01
7.190286332665730695e-01
7.574776690271385338e-01
4.895350054777505844e-01
4.895298186492882953e-01
8.206220284597930403e-01
8.206186605850214200e-01
8.042401050781432525e-01
8.945850275084884506e-01
7.450016888197086296e-01
8.206231808325779031e-01
8.457837864317979681e-01
4.895374537221464095e-01
8.206235637054850596e-01
4.895463599941645705e-01
2.977301765384835486e-01
8.206190426911867952e-01
2.977316308943843137e-01
8.206308257552271668e-01
3.535871352147600954e-01
8.206254241569178598e-01
9.851249914021633636e-01
8.206202059951375194e-01
1.795687174951068193e-02
4.893985539263021045e-01
4.895092717571191132e-01
9.709947417685249604e-01
4.419256440318069523e-01
2.977160380789556915e-01
2.977273752292871611e-01
2.977180628080918767e-01
8.206182719604910858e-01
8.206257960345383351e-01
7.209668676309903823e-01
2.335186897315925658e-01
6.767676339013830589e-01
8.205966592986956298e-01
8.206294025749896193e-01
2.977172219742311721e-01
8.206303836696865472e-01
8.206338709836846768e-01
2.977340638360804759e-01
4.895297231485932765e-01
8.987742741038173833e-01
9.512345416232407258e-01
7.835547558165528725e-01
9.363890859069374795e-01
8.258993807466370463e-01
8.206196181065793516e-01
4.895512691410545680e-01
8.206340922599262289e-01
7.835560330062234513e-01
2.977172219742311721e-01
6.540104458866963233e-01
4.895157807817746010e-01
8.206190868366602942e-01
6.848548920251388283e-01
4.834366163222552082e-01
8.269865678467382963e-01
9.509269994063119791e-01
6.685484007852915411e-01
4.895348620412985907e-01
8.206426573528384782e-01
4.895288831511689920e-01
8.206261841370495747e-01
4.895200634869605882e-01
8.206269306666915675e-01
8.206284197802479197e-01
7.796259780967877973e-01
8.206318105498977555e-01
9.950164408649811998e-01
2.977492463736023387e-01
8.660300728461022279e-01
7.547771852806142157e-01
4.895161971883129071e-01
2.976835296627343141e-01
8.206141085922129541e-01
1.497948444938086363e-02
2.335479017658729783e-01
4.895075069254081757e-01
7.574903180810705905e-01
8.206383763635999307e-01
7.574854785049416339e-01
6.898309115435470318e-01
6.331204522283533365e-01
4.895407294225188055e-01
8.206169262816647159e-01
9.021122374612098316e-01
4.895113614907712352e-01
8.139136595434672827e-01
8.206325544288242124e-01
1.390328419399728711e-02
9.584382028941097476e-01
8.285285893403950830e-01
8.206245442429898063e-01
2.977322505659270591e-01
9.096297171310880891e-01
2.335124983912494345e-01
4.895444147717669114e-01
7.492854981990507701e-01
7.518734430154943027e-01
7.574888646665240977e-01
8.206449362860714913e-01
2.977239917174653860e-01
8.206189812723041488e-01
8.206246072045231266e-01
8.206196760051674977e-01
2.977313247790307482e-01
6.942142832260459473e-01
9.111606189352795537e-01
6.898871391592930058e-01
8.206267712096428912e-01
8.676076421790662740e-01
8.206369163411919576e-01
8.807223041690686038e-01
4.624302041334523161e-01
6.895556444058568157e-01
6.140197738707018349e-01
8.473273859836766286e-01
8.888403515948481992e-01
8.206272491443822314e-01
7.556052508867535655e-01
8.206231131868828577e-01
8.206295324984106410e-01
9.230906124615403385e-01
4.895286864282067385e-01
4.895174844413884840e-01
4.896349647798735605e-01
