-1.653671247740993167e-01 -1.062502766071252491e+00
-3.032894426301678603e+00 -1.430435005948390348e+00
-3.317165580032702898e+00 7.220931026102750394e-01
-8.804486276218612684e-01 -1.789690661813170713e+00
-2.818394748436793495e+00 -1.505890280135486092e+00
-1.907021945079956371e-01 -1.048900921598869607e+00
-2.430548910697372111e-01 -1.004804263621666749e+00
-2.696775986639781575e+00 1.439356605102400044e+00
-3.370031518327298414e+00 9.303065032747233065e-01
-3.691874687448991388e+00 3.066108739886759249e-01
-2.907278999380636719e+00 -1.065319947103801734e+00
-2.098911812594740134e+00 1.918064464759428045e+00
-3.454940871329311491e+00 2.068031535527022069e-01
-3.525338454074039340e+00 5.527128745208735872e-01
-3.311960373329768892e+00 -8.342643549914372514e-01
-2.038345371366445669e-01 -1.237686995188963524e+00
-2.260059557058791135e+00 1.679584214424058919e+00
-2.558730890492067811e+00 1.641557109578996032e+00
-1.384644093181395474e+00 -1.618641823554384240e+00
-5.121028004717880222e-01 -1.352257184366112641e+00
-3.345285904378901609e+00 3.910703263691206466e-01
-4.900801391978313326e-01 1.232923745509134861e+00
8.419046153034259738e-02 1.652286814558765193e-01
-3.698383759014821415e+00 1.434543302847032971e-02
-1.239852356536754074e+00 -1.629508422693001002e+00
-5.123685172429790491e-01 1.172006650368514924e+00
-3.665291108962782651e+00 8.225022139962967493e-02
-7.107887173332192443e-01 1.442272985644772909e+00
7.238281413060820846e-02 5.963558640744422989e-01
-6.141554715306307699e-03 3.846934493099082863e-01
1.205104314655240927e-01 -3.610230893417925024e-01
-2.022446137677601286e+00 1.578042689174542046e+00
6.071841577353098707e-02 4.929079926397827993e-01
-2.222960055984658290e+00 1.873080212334795824e+00
-1.066386522911985768e+00 -1.807804617745356612e+00
-1.544520966846973709e+00 1.975143489198876168e+00
-1.744515955415062658e+00 -1.743857182181895560e+00
-2.067679619891059417e+00 -1.938538284146537061e+00
-1.289092904992811928e+00 -1.633689065362717852e+00
-3.627308574685477183e+00 4.812820178361332801e-01
-8.979732144098646618e-01 1.728948231119676882e+00
-2.233103371846281604e+00 1.686829742226502393e+00
-1.668486986864770039e-01 -9.176616222899320885e-01
-9.065473801830787881e-01 1.651836614911658119e+00
-2.543998130405148217e+00 -1.757767212320673567e+00
-8.674633190056305621e-01 1.774858646459143152e+00
7.860109717908292382e-03 9.150021851489137381e-01
-3.203354188409662129e+00 1.234132880716477088e+00
-3.261133411099918611e+00 6.349719811081706577e-01
-1.814803607057249746e+00 -1.981960237736243302e+00
-2.341031591231534925e+00 1.673477549029013689e+00
-3.170782222072628276e+00 1.174457594672137173e+00
1.334695864574952928e-02 4.453357512558656639e-01
-7.076909634680328409e-03 9.737318119177623688e-01
-2.787674098488150509e+00 1.274788647002838671e+00
1.362269271899623213e-01 1.816559824707160709e-01
-9.385046661899022480e-01 1.461202967968995514e+00
-2.959336775805014419e+00 -1.402786982818134520e+00
-1.172583863872484589e+00 -1.907768058986268445e+00
-1.525851055658352440e+00 -1.746013280140972901e+00
-1.362511549604228378e+00 1.906362137289808967e+00
-2.944572110927037301e-01 -8.473031445051310007e-01
-8.160252296142878059e-01 1.552474758624589946e+00
-2.167563305809097507e+00 1.788888972574367964e+00
-1.083940008060796600e+00 1.396072072712569501e+00
-7.533292402375669772e-01 1.436305701332977636e+00
-3.324505538110771319e+00 -1.787111598033355730e-01
1.333190604797431789e-01 1.667629417878691289e-01
-2.651838620948049119e+00 1.345929763362254894e+00
-2.835799183846626992e+00 -1.633354785192303149e+00
-8.282958792443961826e-02 -9.312760071182956123e-01
-3.222651117207201210e+00 1.304238904966903645e+00
-1.246122672401561271e+00 -1.785378220465576149e+00
-1.348797404151311996e+00 1.646278810361451406e+00
-3.457531962536170234e+00 7.934895175016474234e-01
-3.543772838054972674e-01 -1.399578695078514290e+00
-3.634498141490592360e+00 4.069163290367698305e-01
-2.528877009171879742e+00 1.580300362349633669e+00
-3.415332579367001742e+00 8.985579105076685336e-01
-2.717733114558298801e+00 1.630210525253535714e+00
-3.283061333279009730e+00 -1.274506018126214668e+00
-3.397970730275496010e+00 1.046578663610657989e+00
-3.419741896804930015e+00 9.322120976638216261e-01
-2.052053553007004982e-01 -1.200711906676837470e+00
-3.308432965807390325e+00 6.995842979121482674e-01
-2.602562360127346430e+00 1.651849838402721815e+00
-2.909567562523867057e-01 -7.402498864978123150e-01
-3.672628884804380878e+00 -2.425098450840069281e-02
-4.193664059630701768e-01 -1.272048542323270137e+00
-2.983838063310901845e+00 -1.399375269547133760e+00
-2.924877259545830555e+00 -1.393595997575633794e+00
-2.172513369122129667e+00 1.715431841854065720e+00
-2.009677246673606366e+00 -1.604054609005616028e+00
6.223431534797851938e-02 1.068494970341203609e-02
-2.284333126498117039e-01 -1.750943588816048779e-01
-4.851398080964037796e-01 -1.517182543696515395e+00
-3.573445040578095977e-01 8.608316869317754749e-01
-2.280017174311786743e+00 1.742820731763764730e+00
-1.228684063270239379e+00 1.729237917628662524e+00
1.269220054945463527e-01 4.285145311795678924e-01
3.408368899671183616e-01 -1.210834462231704212e+00
8.201477599625039971e-02 -9.716929638454910867e-01
2.060764843317717254e+00 1.609167963839933879e+00
2.806630540862955492e+00 -1.135962111020080822e+00
5.129369542211745792e-01 1.326464962022922967e+00
3.481771363482404347e+00 -9.339875159444628316e-01
2.882980418753438023e+00 1.080499305465261406e+00
2.858320383797765984e+00 1.383765520123990678e+00
3.583530872930388522e+00 4.236843328253471208e-01
3.569222173366255468e+00 2.418842426730135886e-01
9.331866715086092334e-01 -1.813719777693280522e+00
1.775792922623397940e+00 -1.930064007742195775e+00
1.556342081960322421e+00 1.757795050244530088e+00
2.580155387576787973e-01 -1.257131517548857769e+00
5.016253137079553781e-01 1.493590850204316700e+00
2.211674055963711805e+00 1.944454543795782975e+00
5.406515110570946359e-01 1.557630951356140159e+00
-6.575632669474429370e-02 -7.320157062323912056e-01
1.978782568950117060e-01 1.073862195082244897e+00
2.158014179424556644e+00 1.892742534655043496e+00
1.174588440234131337e+00 -1.888772388871154506e+00
1.787748451582770848e+00 1.917212933850794387e+00
3.630852203538494472e+00 -2.238137917701298607e-01
2.270009483525332605e-01 7.784248090546734833e-01
3.201333862857063561e+00 -1.217763477646122139e+00
1.962133766582497607e+00 1.677725762246778052e+00
5.596022623613845504e-01 1.327999511149069889e+00
4.611318958698040760e-03 -4.898243276613578057e-01
3.613301841737255327e-01 -1.428800179633373801e+00
8.943859784151376724e-01 -1.327164864648229692e+00
1.775885182835622134e+00 1.703007421701457913e+00
3.179746353625223065e+00 -8.479491233352534074e-01
-1.100242613875714870e-01 -2.076546072482402250e-01
6.048604389954235216e-01 -1.409123326440570922e+00
-2.095691816062634771e-01 3.169889774149819983e-01
2.078170540030684244e+00 -1.900734268566885321e+00
9.311212433104393282e-01 -1.454046918561211488e+00
-1.606560735540831786e-01 -7.686589034074776949e-02
-5.906394180340579503e-02 -1.351361756561078875e-01
-1.618120731908792020e-01 -3.297060298855106208e-01
9.893957984426743346e-01 1.766292737354953069e+00
2.448230639514630269e+00 -1.495479217783746817e+00
1.035869870473156151e+00 -1.798287189428528388e+00
-5.297617895923734110e-02 -8.622146338350389350e-01
3.549684593198041416e+00 6.177641736395712568e-01
3.365011445077828789e+00 -6.728100321195528144e-01
3.674072505749544248e+00 -5.112909259080399282e-01
3.459456942211657005e+00 -1.792219097128745775e-01
2.568802845115604416e+00 1.642992571991639839e+00
2.049566833347503003e+00 1.827838841982168949e+00
2.745531348709024932e+00 1.727745107416365666e+00
5.364574998824622742e-01 1.313727116745403212e+00
3.374794469199313696e+00 5.063681777199208200e-01
2.433004852457234080e+00 1.669108522247497506e+00
1.549190924393840874e+00 1.717625552689700630e+00
3.542511598056369948e+00 2.607819047388121314e-01
3.370795621866222280e+00 -3.986636125697596289e-01
1.676388957085495068e+00 -1.896080238296802944e+00
3.309633823342490899e+00 1.036412711463366998e+00
1.991387874855868434e+00 -1.982675541862899404e+00
7.679295929220744110e-01 -1.558555833945853397e+00
2.938284398966062305e+00 -1.593880680934656180e+00
6.240091632546986844e-01 -1.623088736835956780e+00
2.331705020320785859e+00 1.721001101918197218e+00
2.232622415341127375e+00 -1.761541692027162709e+00
3.099092066401318846e-01 1.251445786142281635e+00
2.860418729039456931e+00 1.263402983578040928e+00
1.363442827860276818e+00 -1.910049745145430133e+00
2.904330374541719273e-02 -6.526301761871364793e-01
-1.787692599386014880e-01 -3.040575987425799820e-01
2.373219170109582166e+00 -1.691857279597574593e+00
5.821521160374931725e-02 2.244601179280702186e-01
1.539532614179947689e+00 -1.725889029245817552e+00
1.433268629078826351e+00 -1.683690350967418814e+00
3.508105709068757960e+00 -8.305373780177228715e-01
3.415531045600743276e+00 9.083944703383945996e-01
-1.396428363880095613e-01 3.511610748264942239e-01
1.462420799539835947e+00 -1.656073567145193159e+00
1.485325881388136704e+00 -1.522061581328410185e+00
3.017232344147741330e+00 -1.043077838911953270e+00
-5.285846769702851056e-02 1.243366360336378845e-01
3.210034804035304390e+00 -1.208081439949565850e+00
5.747169473583675359e-01 -1.153173492492896690e+00
3.404129919202651511e+00 6.339676717400288819e-01
2.020666966886885962e+00 1.534386074752229767e+00
-6.028270101297450445e-02 -2.346239871816876987e-01
1.098443984149768404e+00 1.850012039322555868e+00
3.657444206328182901e+00 3.766068716579765718e-01
-2.426281240405052664e-01 1.356118268449687803e-01
2.770870343793863100e-03 6.705730617613497868e-01
2.307168816220594998e-01 1.284845106177609830e+00
6.037771974596708446e-01 1.558758820975640003e+00
3.645123413061631013e+00 -1.879822878484598697e-02
7.968709449122611810e-01 -1.472629887694490325e+00
8.753926756988008595e-01 -1.779250096364882072e+00
3.036147616932979520e+00 9.933466964523083309e-01
3.445814672764445863e+00 8.632979404725500405e-01
3.281769452775780138e+00 1.189076949308755182e+00
2.110021356770835688e+00 -1.588529618292234380e+00
5.385545467557650845e-01 1.359549832245360301e+00
