9.793477953858370499e-01
4.402604202898848795e-01
1.568134863537074264e-01
9.793657988185935359e-01
5.149346566661063829e-01
9.793589535261352230e-01
9.793656524411656905e-01
7.172652948640621806e-02
1.479291294202559615e-01
2.064481899205573845e-01
4.355397225873158806e-01
1.263529165112475469e-02
2.273415941648546101e-01
1.796592295686544605e-01
3.270663288213787601e-01
9.793627850295163473e-01
2.482909294247987939e-02
6.089505574052470060e-02
9.743705778229698744e-01
9.793692406665317485e-01
2.013004861827146497e-01
9.793713277648418147e-01
9.793579601158554082e-01
2.460594868952118153e-01
9.793610883538514944e-01
9.793683250672000629e-01
2.411054651242519331e-01
9.793685232380793249e-01
9.793519960889591758e-01
9.793493503812065182e-01
9.793662017404907161e-01
8.585158736288773726e-03
9.793675531252356015e-01
2.099062221611232987e-02
9.793622792904954633e-01
9.890820425454084353e-01
9.422383024810273566e-01
8.983710803660053257e-01
9.793653673708336838e-01
1.838970476438898660e-01
9.793725721730152101e-01
1.464021316141682870e-02
9.793765158860612274e-01
9.793774546426529115e-01
7.862780537314186802e-01
9.793713667201933148e-01
9.793649316753363365e-01
1.264572796417646194e-01
1.624948809907384162e-01
9.420750386048077907e-01
3.515619647859175023e-02
1.264572796417646194e-01
9.793756883824950021e-01
9.793649316753363365e-01
1.057748531187312907e-01
9.793725288260025641e-01
9.793657018103310019e-01
5.148410520939208368e-01
9.793667159848580273e-01
9.545006471188970387e-01
9.803493655794469630e-01
9.793748480207189466e-01
9.793723326852592503e-01
9.383815584680745003e-03
9.793714429540621991e-01
9.793590859273552107e-01
2.866931626403773081e-01
9.793662220722685330e-01
9.028805011251275769e-02
5.258657738373797574e-01
9.793680733766686464e-01
1.198432332477398915e-01
9.793660309276737141e-01
9.834963304281441054e-01
1.604519515723596967e-01
9.793608372770421511e-01
1.934243445783721538e-01
5.066381855122559230e-02
1.479291294202559615e-01
7.826361770348111424e-02
4.079970427307619829e-01
1.403713903503777949e-01
1.403713903503777949e-01
9.793640715848009881e-01
1.568134863537074264e-01
6.612202168140923764e-02
9.793585544175725799e-01
2.560276207149396188e-01
9.793565492195900335e-01
5.147749098468896722e-01
5.148000496487026290e-01
8.396190557774581287e-03
8.809905727778341022e-01
9.793656863910064070e-01
9.793641976509226410e-01
9.793669983753949815e-01
9.793722463666973965e-01
2.788442831671335276e-02
9.793619770630274113e-01
9.793649336775437364e-01
9.793513049965955064e-01
9.793636121482911516e-01
9.793633011734231841e-01
9.793616371629108031e-01
9.793664784856360717e-01
9.793648982243559065e-01
9.793644420084132163e-01
9.793528701365903366e-01
9.793632865415848876e-01
9.793621979107285380e-01
9.793615406249680522e-01
9.793619487975037119e-01
9.793551527466114459e-01
9.793651526178867028e-01
9.793691093569408812e-01
9.793655602431581286e-01
9.793671091670177464e-01
9.793720481986594173e-01
9.793705789513343918e-01
9.793575741707758464e-01
9.793640125129994267e-01
9.793679634689567148e-01
9.793620638554920710e-01
9.793687922456141282e-01
9.793631666095264920e-01
9.793723765136912451e-01
9.793695001907125608e-01
9.793640128540248568e-01
9.793541268976764247e-01
9.793649356045899257e-01
9.793547429836306772e-01
9.793608253874361846e-01
9.793670437893025049e-01
9.793620192737875207e-01
9.793690159244721194e-01
9.793570425653405076e-01
9.793683429938628837e-01
9.793693422781271085e-01
9.793697775325369559e-01
9.793607975520732811e-01
9.793579814988463417e-01
9.793624470076127686e-01
9.793627640259250366e-01
9.793535566540640946e-01
9.793686772941414542e-01
9.793659750004553022e-01
9.793686870973994374e-01
9.793569681674931804e-01
9.793650262326225597e-01
9.793636525851330266e-01
9.793632196917705368e-01
9.793554904362904434e-01
9.793676957339625400e-01
9.793701147221198777e-01
9.793689263684859370e-01
9.793658221923998708e-01
9.793591114010821164e-01
9.793751525035908623e-01
9.793707908304990495e-01
9.793673806939651172e-01
9.793675111566992886e-01
9.793514036341368634e-01
9.793718602644572169e-01
9.793628036276358362e-01
9.793585874576343775e-01
9.793561635480952932e-01
9.793645994816077005e-01
9.793528097239654340e-01
9.793702577514068475e-01
9.793607975520732811e-01
9.793659987267440137e-01
9.793661619162781218e-01
9.793634805104671770e-01
9.793586411348930154e-01
9.793630354186808606e-01
9.793584711126342990e-01
9.793776344078684026e-01
9.793691782100963916e-01
9.793624653389801926e-01
9.793524262525811208e-01
9.793613314220547261e-01
9.793631666095264920e-01
9.793647643787506407e-01
9.793686772941414542e-01
9.793690488373698599e-01
9.793699757768478120e-01
9.793647478345776092e-01
9.793632865415848876e-01
9.793751021493888320e-01
9.793671924488412950e-01
9.793653870424996466e-01
9.793594863434552655e-01
9.793536951954683323e-01
9.793597636763203829e-01
9.793571551020059385e-01
9.793554106150066385e-01
9.793584711126342990e-01
9.793650409595467954e-01
9.793687288479743236e-01
9.793654696670756055e-01
