2.283467209679464205e-01
4.391410932559590696e-01
9.194788129665593113e-01
5.162057316464152557e-01
3.642648289791065586e-01
9.340662108969493005e-01
2.031767346162408616e-01
8.338076318847051915e-01
2.031891498744851643e-01
2.537155305675083405e-01
8.969430055365265053e-01
2.779815659695426475e-02
8.527721598301103434e-01
3.257870049801678269e-01
9.080373753809006798e-01
6.043373511832741962e-02
9.080343715518066627e-01
2.031608116711616230e-01
9.080416673941412720e-01
2.031821517456916526e-01
9.080381175829977947e-01
3.086581150518049044e-01
2.031696315604123726e-01
9.080415551267490004e-01
3.891367441419484874e-01
2.031661957150139031e-01
9.080282544635834840e-01
7.429765635150665792e-01
9.080292327820511655e-01
2.031876177097196590e-01
8.954721006964025953e-01
9.409241211968648599e-01
9.080433276515935681e-01
9.080442476082990488e-01
9.080463613836202708e-01
8.711725524643068042e-01
9.080362367436342064e-01
8.508503074670648036e-01
2.031861527048349492e-01
9.080356489038025058e-01
3.545780858615267261e-01
2.892679777615209114e-01
2.031720617727613143e-01
9.080339789278329965e-01
7.501532613222536838e-01
9.080419237585741765e-01
1.543765926021544756e-02
9.080374244170188458e-01
9.080348734694554391e-01
9.080341863655624346e-01
2.031604879603420566e-01
5.893378232047452592e-01
3.740740362223684001e-01
9.080412796428100064e-01
8.937353667353101772e-01
2.773760448785679567e-02
9.080364753400596012e-01
9.080350095237619268e-01
2.031712572098387515e-01
2.318254425340124658e-01
3.955541278371636493e-01
2.031788775803581859e-01
5.336113748308096011e-03
9.107745912203195626e-01
9.250981134908370374e-01
2.031640440414249071e-01
9.080323793872152605e-01
2.031891498744851643e-01
9.354993800857770436e-01
9.080326800061926384e-01
5.162270783037599120e-01
9.080439234493556944e-01
9.082057796437302821e-01
2.031523334240384060e-01
3.642648289791065586e-01
8.767838264104492740e-01
2.031733043258739657e-01
1.932729260898716911e-02
9.743871484654833548e-01
2.031726854701396967e-01
9.080457239276913395e-01
5.097721500791688176e-02
9.361262635350821038e-01
9.080326360042065836e-01
9.080412551788310527e-01
2.031839276952695783e-01
9.080319078739907956e-01
9.080392832155217420e-01
9.925933277729461768e-01
9.080399526381701669e-01
9.080304833273734610e-01
9.080381470124831988e-01
8.610268070770051851e-01
9.080342574265618527e-01
9.080333845787147418e-01
2.710492303539748238e-01
9.080375625305436849e-01
9.080382521340440993e-01
9.080363035231111546e-01
9.080320967989861103e-01
9.080420141664244937e-01
9.080410660345493712e-01
9.080475757586110586e-01
9.080507238771250433e-01
9.080370219490790928e-01
9.080353765663147225e-01
9.080339754270790875e-01
9.080614611331887520e-01
9.080349740152252602e-01
9.080411207128579187e-01
9.080427970269360216e-01
9.080403418468032672e-01
9.080422766728842854e-01
9.080329033214614709e-01
9.080476043993981339e-01
9.080401325968835424e-01
9.080443116154867100e-01
9.080519414078240814e-01
9.080358789433392586e-01
9.080398510340528251e-01
9.080588534803376577e-01
9.080391583163397451e-01
9.080496347184134898e-01
9.080481202603915003e-01
9.080367122877829322e-01
9.080447610859234686e-01
9.080414082242066476e-01
9.080323338652263043e-01
9.080298187469119098e-01
9.080404555137541189e-01
9.080436863347527421e-01
9.080448065104047561e-01
9.080428032299907581e-01
9.080415685428462336e-01
9.080351982138126221e-01
9.080404907773890200e-01
9.080394995027311067e-01
9.080392832155217420e-01
9.080400175828864384e-01
9.080539398569148490e-01
9.080386935678801397e-01
9.080442294751381871e-01
9.080470712574784109e-01
9.080380731521175974e-01
9.080397879829502639e-01
9.080438964433563687e-01
9.080359378345377319e-01
9.080358385441076319e-01
9.080525941287331815e-01
9.080397652507956607e-01
9.080464880681829998e-01
9.080510314813683426e-01
9.080391122101818535e-01
9.080394932215697379e-01
9.080387999618431127e-01
9.080326353821839280e-01
9.080480430626548527e-01
9.080412095065055755e-01
9.080458482134725617e-01
9.080392127974464822e-01
9.080339994467594433e-01
9.080373367675803609e-01
9.080382374763679154e-01
9.080343401121582225e-01
9.080390634032355912e-01
9.080351670061018732e-01
9.080411372647695378e-01
9.080394839645595795e-01
9.080410896979700386e-01
9.080345097650157626e-01
9.080375290524712595e-01
9.080470101733907340e-01
9.080399439633403125e-01
9.080381318191110829e-01
9.080367412152926532e-01
9.080390993576465952e-01
9.080473630223204751e-01
9.080366035219045173e-01
9.080505651746672013e-01
9.080464171479619706e-01
9.080285186506025230e-01
9.080460889048663775e-01
9.080489142611247733e-01
9.080344185632137632e-01
9.080366408820946811e-01
9.080433428747205493e-01
9.080405851209751855e-01
9.080473518073243211e-01
9.080362971719667664e-01
9.080497056747875995e-01
9.080460973654627121e-01
9.080343984025146531e-01
9.080526286546826142e-01
9.080365244236391353e-01
9.080360015974586751e-01
9.080371067581538558e-01
9.080387966450274018e-01
9.080390705649319383e-01
9.080405980442131098e-01
9.080399550424649302e-01
