3.717230186446051632e-01 1.590833053950216236e+00
-1.652969085687255424e+00 -8.478647027843704276e-01
-9.173262886528402715e-01 1.564323614809966845e+00
9.055297006999636356e-01 1.267930398422302929e+00
-1.624267035603552012e+00 4.490551834296982459e-01
9.152263942507736783e-01 -1.697063838361112520e+00
-7.914086755123967976e-01 -1.688024228955600226e+00
1.590464721292082384e+00 3.088573707996755680e-01
-1.437519111659711024e+00 9.426484315002652270e-01
-5.253529016050896283e-01 -1.501450001567316228e+00
-8.839682247076532384e-01 1.423086196332022491e+00
-1.556704763492502641e+00 -1.201805396586325569e+00
1.497878247733400947e+00 8.054595001554468725e-01
1.470490269828240049e+00 4.846114927315061105e-01
-1.076959851288813885e+00 -1.117312937117879823e+00
-1.278480212740774835e+00 -1.318313046198639205e+00
1.372826069689525363e+00 -6.299990588053783203e-01
-2.311573364117771867e-01 1.548699639600542799e+00
-1.822573491300510051e+00 -6.121948297970989383e-01
-1.515722279744151635e+00 3.654002408237429500e-01
9.062124671638474016e-01 -1.758838407594404796e+00
1.058910576711664664e+00 -1.119476220730558857e+00
-1.051056690901261526e+00 -1.153550506949152954e+00
9.727906312525681498e-01 1.570103043726378766e+00
-6.454631602277906000e-01 1.444482898937430759e+00
4.147685351956236222e-01 -1.616442407721610186e+00
1.269405136472085527e+00 1.290616996014473772e+00
1.668942184087347291e+00 9.671442906100291559e-01
-1.465595333695113078e+00 7.756609550574442569e-01
1.592914554128427529e+00 3.178879956680785712e-01
4.285322430433924912e-01 -1.839286583705988853e+00
1.610452823575406978e+00 -5.898042517166892651e-01
-9.671319997560509085e-01 -1.277714525341010265e+00
3.999184172552051053e-01 1.918217789472363322e+00
1.453742297123299831e+00 3.784995720608712588e-01
1.876633630561265420e+00 5.088828079147603711e-01
1.398122186122193467e-01 -1.782019102668212174e+00
6.125158547647444607e-01 -1.809282342658803833e+00
-1.188924840443367437e+00 -9.326576438342121245e-01
1.322613144155583953e+00 -1.254339532361019582e+00
1.047286217834665356e+00 -1.362952677040307314e+00
2.736786598638310530e-01 -1.676171781495549240e+00
-1.112480698321935977e-03 -1.738755984654325237e+00
-1.802206346854832164e+00 6.167931160773151289e-01
-7.488696754502177644e-01 -1.437987027188599720e+00
5.549660843133580324e-01 -1.510803523409218307e+00
1.312203409714275848e+00 7.846890211688937189e-01
-1.054830808320416369e-01 -1.746330687909868784e+00
-7.560223939760581935e-01 1.536651466312114245e+00
1.171889386914198861e-01 -1.668542028108399577e+00
6.802875543537628689e-01 1.518586244792798912e+00
-1.390067494463737674e+00 -1.037102319749331425e+00
1.373144337889941724e+00 1.273236483729123902e+00
-6.485188650083136830e-01 -1.851365129035615897e+00
-1.970002614029271015e+00 -8.166353940180530457e-02
9.513603276884459448e-02 -1.618391466897310282e+00
-8.678965922636685537e-01 1.689200332431770812e+00
-1.870868211478252441e+00 -4.841712978409987156e-01
-2.851786324798516459e-01 1.930994625188713565e+00
1.677250397746252286e+00 1.859108720429769046e-01
-2.103373903342759532e-01 1.546251747107042052e+00
-1.442275193736641370e+00 -7.130943170060054515e-01
4.279317512983757954e-01 1.734487913462700703e+00
-1.840840038337630435e+00 2.121235663122358339e-01
1.416478357093544416e+00 -5.988380923324110316e-01
-1.936598791840355924e-02 1.941724191854105053e+00
1.636386770666139245e+00 3.428691393819262023e-01
9.437091838205163841e-01 1.210094518301848554e+00
1.398575825136423090e+00 -1.250421752457425928e+00
1.862090467415743689e+00 7.113510533034815841e-01
1.396771936049519658e+00 -1.354067697544570459e+00
1.319176922603598978e+00 1.092198589757549243e+00
1.241054918580806632e+00 -9.644559738524047798e-01
1.226361350129391736e+00 -1.050820798962488478e+00
1.605503951914984961e+00 -1.128957113572448545e+00
1.629487942466361972e+00 1.396273583371580307e-01
-5.825873493972682365e-02 1.654015838751673018e+00
1.623785359587015087e+00 -6.627911095301592947e-01
2.108189390122497398e-01 -1.926744554471540249e+00
1.610068539243508789e+00 8.531856879541099836e-02
-1.466758507779474696e+00 5.310207780217575113e-01
-1.249204867006118436e+00 -1.467682083279441940e+00
1.419549426398086123e+00 -7.897837304383795720e-01
4.281354291483390750e-01 1.490164431162663172e+00
1.532415064493705570e+00 -5.301251538745282987e-01
6.560772885441883417e-01 -1.508438056060066534e+00
4.650657987042517982e-01 -1.643985513994014491e+00
-3.091462520067064235e-01 -1.788367321411803657e+00
-1.151791630816310308e+00 1.371009841439543075e+00
8.708393692922901108e-01 1.275221235931567332e+00
-7.498070147576553213e-01 -1.514207647736320217e+00
1.149526279690076258e+00 1.342982265539650832e+00
1.117944659242957606e+00 1.626368681581982223e+00
3.699333514095561881e-01 -1.667058676424661545e+00
-1.746897351515558583e+00 9.634473464199140302e-01
1.044273011414818653e+00 1.098263549385413596e+00
-9.121692006101417283e-01 1.338003216542308138e+00
1.407231268451813122e+00 -1.193410660678231539e+00
-1.992410486064238428e+00 1.262736350431908627e-01
-1.304765945894405421e+00 -1.227273510560999537e+00
-2.828334113253042070e-01 -1.671024010264050563e+00
-1.512107001439417342e+00 6.511837612613739779e-02
-1.588860387746869440e+00 -6.291714509506744768e-02
-4.948139470412997176e-01 -1.695832160116734100e+00
-1.113379707621410947e-01 1.512240191423892099e+00
-9.869322905489337217e-01 1.241596605846376322e+00
-8.129670758646675988e-02 -1.685893850138797445e+00
1.234965612945045699e+00 -1.217203662406486586e+00
7.383553105626777802e-01 -1.648377772334987945e+00
-6.831559836216704040e-01 -1.829772287818904886e+00
-1.245582936528218054e+00 9.914347110011451081e-01
1.454565476984219119e+00 7.067227348808174936e-01
-1.503883143313908155e+00 4.837285580163869225e-01
1.972554793083860503e+00 -8.566684430783488846e-02
1.358706195644000525e+00 -1.381562399872699798e+00
-3.136492882168671059e-01 1.865386864641238818e+00
-1.950531133039850484e+00 4.228250611467986309e-01
1.473934105736823152e+00 2.965914777471700403e-01
-2.121804256271893618e-01 1.628675751643131830e+00
7.913856900631457414e-01 1.631911356463330076e+00
-1.718983919626681178e+00 -4.217598450390049325e-01
-1.265587070747282272e+00 1.076121122602686775e+00
1.952174663024220269e+00 9.018112663452283739e-02
-3.570892662340266477e-01 1.628658507398076827e+00
1.745350055490955343e+00 -3.278407323121744210e-01
-1.592500416475515435e+00 7.277449466060115224e-01
-1.768235318392028965e+00 4.204232326041694168e-01
-1.234862928206166943e+00 -1.454571793428053095e+00
-1.301772351957957152e+00 -1.055120588030101558e+00
1.701520085454927500e+00 4.205218001441071163e-01
1.580037755290403689e+00 2.936184692787905393e-01
4.405677305805458244e-01 -1.617808918126579787e+00
-1.697711245113432632e+00 9.824104442573898810e-01
1.008928080115566672e+00 1.472036566123841927e+00
-7.976507333779988551e-01 -1.326963006552827062e+00
1.475449183262066422e+00 -3.956060428367595971e-01
-1.501301858384409271e-01 1.522582663592382479e+00
-1.030295151777388618e+00 1.591712182881721782e+00
-1.725368848071241468e+00 9.798915992251706897e-02
-1.027083958336182601e+00 1.225190519260582978e+00
6.236910996405634622e-01 1.474763581958957737e+00
1.042776974400227763e+00 1.691791460021374371e+00
-1.900304668879770897e+00 6.108013144509709669e-01
-3.220607324702209895e-01 1.516635810371890436e+00
9.613235981553188703e-01 1.504785379181052374e+00
-1.446752693009466517e+00 -6.129969056648899572e-01
-3.692439584990291901e-01 1.455172699491946275e+00
-1.146446324576930520e+00 1.557088193732095949e+00
1.503995173411467379e+00 -4.349210353381454119e-01
1.644268734060846171e+00 -5.716341154846853456e-01
1.812055149024681233e+00 -1.271284203887635689e-01
-1.103894084900901351e+00 -1.605380637910755359e+00
1.600196482082570926e+00 1.062331008298322610e+00
-1.410625925732025943e+00 1.030394888140768073e+00
1.373096155050411937e+00 1.094156866684207641e+00
-1.395403771707383056e+00 7.668083789472808220e-01
-6.426852356096282581e-02 -1.851478946263592773e+00
-1.477520967398870289e+00 -7.858387384008349574e-01
-8.777224035593981233e-01 1.535103109929554233e+00
1.446901629624321173e-01 1.516357132323150392e+00
-1.952358957439596532e+00 7.432297834531240155e-02
-1.717125749212499608e+00 -4.735533449617286283e-01
1.811083011385010044e+00 4.558398990881564750e-01
-4.987237149519455071e-01 -1.739532120641340107e+00
-1.912380198506040019e+00 -3.658203053544607786e-02
-1.648771500317162353e+00 8.477463412826234945e-01
-1.826828926787330776e+00 -3.631990932708026865e-01
-1.776845337064155261e+00 -8.473899421479003102e-01
-1.714396963973226606e+00 2.116822171740937453e-01
-5.466808043866776545e-01 -1.511370961821770553e+00
1.808924939816673794e+00 -2.301238710829682788e-01
1.485084560812042431e+00 1.202127956996029701e+00
1.371941379524017401e+00 1.435664609062112351e+00
-1.958242697003629962e+00 2.676025820505216202e-01
-1.678563717612184814e+00 -3.763351019128989283e-01
-7.691414126228196535e-01 1.663806049877888826e+00
-5.903920879113822018e-01 1.532497045097312105e+00
-1.170245551384252680e+00 -1.355972387906350551e+00
-8.135414685203149476e-01 -1.311793809148802392e+00
-1.312977691476655107e+00 -7.933706216942381095e-01
1.217181715429303424e+00 -1.062270511499512127e+00
-1.909323837544018243e+00 -1.323772339009157972e-01
-3.445317054936521406e-01 -1.649615440603509953e+00
1.011527920963233518e+00 -1.533267987216011541e+00
-6.404246739830726787e-01 1.658559627124201130e+00
-3.627413599056109050e-01 -1.489149309482074690e+00
-8.977464859942477782e-01 1.303967465009745252e+00
8.221449562967367841e-01 1.440474942059180252e+00
-1.263676468189648183e+00 -1.364291405633602183e+00
7.098233782073009035e-01 1.368942825714003941e+00
4.779484735979068755e-01 -1.797328755909633369e+00
5.539744400723891626e-01 1.590237995921055525e+00
-3.417234679210975345e-01 -1.843351180525507838e+00
1.527016016711303603e+00 -2.461198210559855104e-01
-9.216602008393470769e-01 -1.334214302123618134e+00
1.777705162569167108e+00 7.978499170553089020e-03
-1.911164561168734663e-02 1.803170880390037034e+00
-6.122905291362061853e-01 1.751182559159935037e+00
1.912041048961083289e+00 -3.907870968315156901e-01
3.526285765799757610e-01 1.461004500881428303e+00
1.285752872929711632e+00 1.205064545887660099e+00
1.191436083798109502e+00 1.126358803344660986e+00
1.297213476169297053e+00 1.323774506033362774e+00
-1.630734178034763060e+00 -1.081008791951631798e+00
-4.817702733086104416e-01 -1.931345129732048749e+00
-1.699910504768067820e+00 2.036036603937123324e-01
1.518310848886644138e+00 5.235455724392339416e-01
-1.636261828059000001e+00 7.021921656805539813e-01
-1.214734386602649652e+00 -1.313468931470704870e+00
1.600959243556590583e-01 -1.827331445967248946e+00
1.509610888506455639e+00 1.147813449445596712e+00
-7.837288251971925579e-01 -1.586505514693811403e+00
5.127765360140951190e-01 -1.450877294243818616e+00
1.131792422111421059e+00 1.436795378057479811e+00
-6.807999374287129202e-01 1.629419545349955367e+00
1.179646187096176968e+00 -9.910843825253690120e-01
1.718763483783681822e+00 -6.216651733877602837e-01
-1.852538065160124647e+00 -5.870990325315390557e-01
1.506087992588228230e+00 -7.580779007121066781e-01
7.548090799726888678e-01 -1.593962599011270020e+00
-4.151046793135389490e-01 -1.590741777781547350e+00
-1.119229588822765464e+00 1.428914233479196660e+00
-1.118583775273716219e+00 -1.134974032601558269e+00
-1.448739604982093088e+00 -5.968289794693975026e-01
1.508440434106932404e+00 1.194595094089996534e+00
-1.600352060204240257e+00 1.002849608186125563e+00
-3.531847228483789292e-01 1.597130927673250378e+00
-1.377129957740587773e+00 -9.766246538428889901e-01
-1.659857883812275725e+00 6.257777222354955482e-01
4.423382393098510001e-02 1.513728921273137518e+00
8.060920665423042530e-01 -1.613326052052375781e+00
1.648954560353914633e+00 -5.731828522513684465e-01
-1.607605788653585055e+00 7.947211358310367624e-01
-5.981488459969913629e-01 1.668218947447105194e+00
5.099851519507884179e-01 -1.886133420870140354e+00
-7.810218872899161724e-01 1.488219411804717840e+00
-2.288227342555957944e-01 -1.845112904069972082e+00
-2.449811779963565750e-01 1.563999859048941232e+00
2.018939431673696938e-01 -1.607650343813735505e+00
-2.446801446981266004e-01 -1.903890478677353393e+00
-1.470748804056292824e+00 -5.323668501676600551e-01
3.913613687873406244e-01 -1.564821224840928116e+00
1.923973509154774053e+00 -1.511363010985602440e-01
8.816460686288178916e-01 1.598948207591750936e+00
9.286391396016805411e-01 -1.211654772058914364e+00
-1.508418993217759851e+00 -1.389360886380054672e-01
-3.385221219553358751e-01 1.749981206112970478e+00
1.558813865263685372e+00 8.450182676016261274e-01
7.381219467833130370e-03 -1.863232997184411488e+00
1.655615119521210321e+00 2.015865291084042998e-02
1.821001799239698959e+00 7.327223146467566339e-01
-1.872373750792267477e-01 1.921316548621947673e+00
-1.506391350943881102e+00 -4.121779138504189088e-01
4.846185452462512533e-01 -1.826843197814475017e+00
-1.741049399462168523e+00 -5.160517069666760159e-01
-1.889317123770863471e+00 6.077212314890214628e-01
-1.294295546871120584e+00 1.061626619409262950e+00
-9.532632457058456410e-01 1.529862341200569409e+00
-1.432788090170761808e-01 -1.508442382412792160e+00
1.399760180761739470e+00 -1.092323816392233082e+00
-2.581157947944498487e-01 1.653488372801146022e+00
-1.650982722415447190e+00 -9.546243123932958152e-01
1.013086211739866738e-01 -1.784966604974027815e+00
1.678292303400761742e+00 1.268114230588233548e-04
1.711166713712672705e+00 -4.415098063881180424e-01
8.607375364287828123e-01 -1.689132461801404084e+00
-9.808343905160590293e-01 -1.344715357380367626e+00
1.153887286988760641e+00 1.185422304415513217e+00
1.490752849937009517e+00 -1.065350995317321248e+00
1.787061737972367670e+00 6.737067930142240924e-01
-8.527535847795374435e-01 1.297839717837170337e+00
-1.605065079245051596e+00 -1.023785929025190916e-01
-1.546940678798470303e+00 -9.197306662433635260e-02
-1.884557789856226906e+00 -4.974614342478514972e-01
-3.841475984595925097e-01 -1.568726949639953627e+00
8.946177882339834131e-01 1.608020342308825512e+00
-1.059864450097291799e+00 -1.492518485165373443e+00
-1.203020174550696098e+00 -1.219570583484965054e+00
-1.467488699266299434e+00 -1.128281575265496439e+00
8.044309537917680997e-01 1.389597826517639190e+00
-1.769283811505024007e+00 4.552967841363577683e-01
1.342892370780457423e+00 -9.508880210749950379e-01
-1.611307541845989677e+00 5.220030571231950578e-01
2.351321392305295854e-01 -1.679739397665023226e+00
9.379587652241814233e-01 -1.213433390848346338e+00
-1.705451077118118608e-01 -1.701756469879423417e+00
1.214851590847878526e+00 -1.244140934336605220e+00
2.531102412416937897e-01 1.874975135555890127e+00
-1.541260377178149676e+00 5.183600769328322588e-01
-1.234336151534232151e+00 1.300975703345921053e+00
1.054953271696711603e+00 -1.515861709379877853e+00
1.280174439054167612e+00 -1.166003444182206028e+00
-1.252621030761991827e+00 -1.553187792963884650e+00
-1.587439035620524574e+00 -2.166668468449816642e-01
-3.470651029487110684e-01 -1.796894996349031937e+00
-6.404263006017556492e-01 -1.385301224551847010e+00
1.398765800730931375e+00 -8.922069965736375563e-01
4.495912557975569740e-02 1.978788650993828169e+00
-4.626628951676689527e-01 1.894875412565978579e+00
-9.954295796201491076e-01 1.224837131915627708e+00
