9.309683228792038634e-02
3.406827884943032791e-01
2.639459199390135624e-01
2.639338750189376692e-01
8.638351521726588267e-01
6.771752064313441011e-01
8.598510542697901382e-01
8.637936579748700661e-01
6.773333918854267388e-01
9.311044831797390953e-02
2.034554690976084490e-01
4.403881580399647833e-01
5.310406783247979545e-01
8.681037043310093626e-01
8.680984669733300407e-01
7.615915903736860670e-01
9.306424454018745462e-02
7.680875078265152478e-01
8.681050274698147717e-01
6.773416760988880680e-01
8.680895916706021787e-01
7.615856276681053361e-01
9.309504930369705278e-02
9.309779235447016021e-02
5.310184966391119366e-01
5.310149882872469140e-01
8.638323199884011538e-01
2.639276364792519924e-01
3.406831236097837001e-01
9.309198645025633378e-02
8.638683241111219102e-01
4.403258540712591262e-01
9.308385943037569832e-02
2.938359076858843011e-01
8.638069814019522230e-01
1.370983881818589600e-01
3.407598791849264508e-01
7.840580941491261113e-02
8.637893027293989112e-01
2.639132403145580397e-01
7.681049594748946552e-01
7.615677618226315282e-01
7.615759254292383540e-01
9.309171028977264450e-02
2.034821610637990996e-01
8.681085125371306166e-01
2.034311636080107788e-01
5.457586364907964782e-01
4.403032160617418866e-01
8.772183236980959919e-02
7.615682413203203049e-01
6.773426866579310701e-01
2.938156988046024543e-01
8.681285229734100328e-01
8.681004602928780178e-01
7.615678057540637980e-01
2.639449654936241174e-01
8.680941615806775369e-01
7.615917186488361246e-01
9.310569552542263816e-02
5.310188440203942317e-01
7.615836263873728695e-01
9.307906276864832962e-02
7.681126141553644704e-01
7.615527044241039434e-01
8.681190025223907147e-01
6.773456553100654087e-01
8.681062351110532260e-01
8.680997766250779790e-01
8.638279971298542526e-01
7.615759783488190715e-01
7.616088463845454015e-01
7.615870899814932704e-01
8.638088661890332975e-01
8.680921110231673010e-01
6.773381354687831868e-01
6.773205411757731165e-01
8.681065605875384339e-01
2.858738655010572560e-01
2.034605099669599959e-01
8.638149766006089081e-01
8.680926410805724913e-01
9.310601165255733003e-02
2.858733224181789767e-01
8.680965366811236317e-01
9.310891592513541315e-02
8.638016852260314016e-01
4.403685770987207371e-01
8.680977598087100677e-01
6.773289116309190172e-01
6.773488331767655302e-01
6.773366266737345098e-01
6.773183838166454418e-01
7.615701863609569688e-01
6.773544150473607139e-01
1.049309170634480926e-01
6.773415033030316668e-01
8.680962137894041586e-01
9.307520830566122505e-02
9.311371757094216717e-02
2.639365935779720562e-01
6.773347344810155546e-01
2.639524048667699074e-01
7.616653374681388033e-01
2.639555272106573480e-01
6.773225129162594449e-01
8.772302436946781412e-02
5.310218033406629567e-01
9.310171360470392843e-02
8.598449077343801594e-01
7.615730093891734942e-01
5.729366419724758464e-01
9.309141914945431862e-02
9.310843846322866546e-02
2.639345947268487702e-01
9.311308048929174686e-02
6.773258294125356072e-01
8.598706419118679056e-01
2.638955619454376178e-01
8.681190702724317365e-01
7.615909567015721748e-01
6.773266869714738014e-01
4.403957077016065758e-01
8.681031703495682983e-01
2.938197601225518429e-01
8.680934041132520873e-01
8.681025120376126836e-01
9.312715976951450869e-02
7.615760676372198557e-01
8.680902672484687166e-01
9.313285376223522094e-02
9.309971766915689506e-02
8.681021378252634646e-01
9.309892002679989731e-02
5.310172375734983907e-01
9.317294502407622026e-02
2.938278249177094237e-01
2.639433730292652935e-01
5.310807360731431004e-01
8.681086132081801132e-01
6.773364778853534496e-01
7.610438832629604633e-01
7.615725069967890226e-01
7.615831576037108697e-01
5.310406783247979545e-01
8.680895648529782793e-01
6.773341353104866958e-01
9.309881890216038791e-02
8.680938627537513330e-01
8.681207909903189135e-01
8.681015176951267787e-01
8.681018940228082403e-01
7.615537932417513201e-01
7.615801059242114368e-01
6.773209370346924274e-01
2.034672513929656756e-01
6.773178489187003937e-01
7.615845644444068085e-01
7.612672039719824424e-01
7.615629759542407173e-01
4.403360011839558275e-01
9.310380074830618136e-02
4.403863329578561192e-01
6.773375102807849268e-01
8.681000371764917567e-01
9.311774639824754729e-02
2.938128654116037852e-01
8.680919688736377093e-01
9.309580311248742690e-02
1.070054605871821607e-01
9.302411605825579299e-02
6.724246013233311503e-01
7.615711640499766011e-01
9.312951649163636603e-02
9.261842943092745140e-01
9.310495134460249067e-02
9.305611801948358852e-02
9.309951088875180469e-02
7.681096757951637599e-01
8.681062016069511778e-01
8.681102290201193616e-01
8.680956632907013137e-01
6.773244773799378393e-01
1.027663084092927948e-01
6.772481558247793743e-01
7.611146076864317989e-01
8.680977509692954230e-01
9.307906276864832962e-02
9.309086573292009448e-02
9.309150648166777953e-02
7.680818685880168584e-01
7.615689193725699857e-01
9.301653775987185624e-02
8.770765133026531268e-02
7.367980003943794820e-01
9.312112165671601605e-02
6.773271953663382305e-01
8.680940141730092430e-01
9.312112165671601605e-02
3.407780532292367659e-01
6.334032841578378648e-01
7.615937143498794359e-01
9.308101025929685357e-02
3.407766557131561291e-01
7.615626362978707986e-01
6.773191422159778874e-01
4.403736667286203277e-01
8.681080363926909627e-01
7.842726355425790052e-02
1.027682543537656173e-01
5.310700624632420652e-01
7.615644635846604560e-01
9.310948501159042878e-02
7.368203461995095349e-01
6.773429278218880967e-01
7.342059129753270019e-02
9.261214624683358210e-01
4.403115984347571454e-01
6.773394164077435331e-01
2.639041976968413139e-01
8.638224747836522610e-01
5.310262093817035289e-01
7.680854183602470187e-01
8.681055307253472408e-01
9.312936694677534377e-02
8.680978008742523677e-01
5.310283594673573804e-01
6.773256218256508143e-01
9.311251577176221650e-02
6.773319763360733381e-01
2.639441609345126727e-01
4.403714002180712517e-01
8.680878458792959940e-01
5.310513738651472249e-01
2.639290655346574477e-01
9.309035392176814860e-02
8.695724347343523064e-01
8.681121881301037124e-01
8.680965366811236317e-01
8.681020444357065990e-01
6.773563136100764215e-01
6.773244231247470548e-01
8.638103647106692984e-01
8.680970313618988632e-01
9.309488843797408819e-02
9.307919344998565048e-02
4.403677813253037976e-01
1.210660769312668084e-01
6.773373679197605135e-01
8.680812343873747228e-01
2.035038166475370280e-01
7.368093082163502672e-01
6.773350485949494182e-01
9.310382539465893170e-02
8.772873123889200764e-02
2.938346955267808203e-01
6.773300410587157483e-01
6.773250940153129340e-01
8.638320628817995894e-01
2.639301826726054845e-01
7.615728105452386210e-01
9.309154227042532037e-02
6.773273825163602657e-01
8.772058477129301979e-02
6.773367024147656235e-01
7.611368844412600421e-01
8.681545841507608552e-01
2.639489450014603777e-01
6.773487015239427755e-01
9.309978945958741203e-02
9.309710838815997425e-02
5.310441293724770251e-01
9.313419089843641419e-02
9.309839828879033774e-02
8.773697393132375011e-02
8.638081229159337848e-01
9.309849059459227028e-02
2.938211549194044148e-01
9.309393317100560228e-02
6.773333617831629461e-01
7.681085569103239807e-01
6.773631114838816192e-01
8.771133239345410559e-02
2.639484548874958536e-01
4.403662893119813515e-01
8.772578599486219320e-02
8.681055243911789399e-01
9.307370960701290274e-02
4.940786916342522206e-01
3.406946796501931218e-01
5.310507298919464603e-01
5.310088320556273223e-01
9.309241940961653083e-02
9.311766353237813099e-02
4.403103121770896577e-01
9.310082167896731320e-02
8.772306394022613696e-02
8.681064963811379043e-01
8.680852155943231674e-01
3.406790617239195962e-01
