9.215297278577464501e-01
9.215283405424757879e-01
9.215316408186216002e-01
9.215193036540171301e-01
9.215267353280549578e-01
9.215253934722840157e-01
9.214965416292716371e-01
9.215382568986957290e-01
9.215277875410093911e-01
9.215259593998184062e-01
9.215275167447906091e-01
9.215398931467876364e-01
9.215330621943809142e-01
9.215315171251328152e-01
9.215281121501476269e-01
9.215322030208052961e-01
9.215291504305344050e-01
9.215325953981343687e-01
9.215352448657692097e-01
9.215287310874368254e-01
9.215372422835331756e-01
9.215284622751920285e-01
9.215298327512864152e-01
9.215320913691433802e-01
9.215133236566006580e-01
9.215322797891476458e-01
9.215283255039614652e-01
9.215226034981118808e-01
9.215366454772991878e-01
9.215214384115821833e-01
9.215265435339221600e-01
9.215211872528139558e-01
9.215300251535247789e-01
9.215379002327319657e-01
9.215136623051610743e-01
9.215297931477742788e-01
9.215151525651329445e-01
9.215226801502369725e-01
9.215275028235814236e-01
9.215169040005560808e-01
9.215280216665566737e-01
9.215407700339652841e-01
9.215255799346094845e-01
9.215277357547079218e-01
9.215336575272885522e-01
9.215251104940144211e-01
9.215392909231198137e-01
9.215256065829627863e-01
9.215316408186216002e-01
9.215366136286439191e-01
9.215329294748968447e-01
9.215256065829627863e-01
9.215261304520107055e-01
9.215331135917661509e-01
9.215358060811136287e-01
9.215310708261492678e-01
9.215319861068159701e-01
9.215244383705364362e-01
9.215249190633792997e-01
9.215243619210707893e-01
9.215284188108835428e-01
9.215337754821988359e-01
9.215237589874835100e-01
9.215409730772644581e-01
9.215274840181191252e-01
9.215230443528018567e-01
9.215345839907856940e-01
9.215310708261492678e-01
9.215272358931233532e-01
9.215210297926894611e-01
9.215276731705214219e-01
9.215255118276102220e-01
9.215345583784328998e-01
9.215258314890776292e-01
9.215304952475447120e-01
9.215277021272656466e-01
9.215169040005560808e-01
9.215283540696938003e-01
9.215232403594806332e-01
9.215371128554217250e-01
9.215311424306563692e-01
9.215277875410093911e-01
9.215254117020691416e-01
9.215275045117164998e-01
9.215316408186216002e-01
9.215335933959470927e-01
9.215295372974104948e-01
9.215342856117436643e-01
9.215313352310728900e-01
9.215242796253302338e-01
9.215325371299638579e-01
9.215271111445030305e-01
9.215335858323747686e-01
9.215150984760207553e-01
9.215267511730980132e-01
9.215195796774052761e-01
9.215201500711682758e-01
9.215237792638382164e-01
9.215245129446286709e-01
9.215043599975419886e-01
9.215083301661123327e-01
9.215147419245954818e-01
7.921278777906581511e-03
7.112139663309258175e-01
9.215326201562286101e-01
6.708571523286896987e-01
1.784044471489784067e-01
1.784188670872082216e-01
3.024694403129133402e-01
3.024782029229680647e-01
9.215235203571396916e-01
9.075689927669114976e-01
9.536702484772106025e-01
9.215290373632927245e-01
9.215288949773634553e-01
1.723490743663141922e-02
9.215319792044501801e-01
9.215287119095548762e-01
9.215279361323598373e-01
1.145282925114716327e-02
9.215211642368704714e-01
9.703803382256310783e-01
3.432283588814130093e-01
9.215345696398107300e-01
7.018246902922212760e-01
9.949831658993789629e-01
9.215288014827391905e-01
9.215289098810351964e-01
9.215253942426516742e-01
9.215262933507786247e-01
9.723477277789822626e-01
6.564584008483456135e-01
9.215121448928529357e-01
9.215255398445626467e-01
9.215249771724727257e-01
8.637865958056344384e-01
9.215228176962966256e-01
9.215335683267459332e-01
9.215329720843408179e-01
9.215211724273080218e-01
9.215350675599539576e-01
7.830442564983586262e-01
9.215246836929975593e-01
9.215240812141152205e-01
3.024566091147999347e-01
6.316751495393130300e-01
3.791760833741142367e-01
3.297139999864089899e-01
9.371065537338142681e-02
4.881295849069998568e-04
1.146980016285310405e-01
9.215347031692775470e-01
3.024505346536051076e-01
5.625459003026787169e-02
9.587817592855654159e-01
3.024782029229680647e-01
3.779256589833649982e-01
9.119745630258772051e-01
1.905321762224074233e-01
8.814331232745507005e-01
9.215300502140467698e-01
7.379504810136896520e-01
9.215290237334764489e-01
4.284573671490386065e-02
8.428173000191501174e-01
9.215367599293016188e-01
1.784189384711561688e-01
9.215248530958682904e-01
9.215113549575414398e-01
9.215199821253665657e-01
8.116632374571636221e-01
9.215250075939942498e-01
9.215050393114505578e-01
9.215298486003462575e-01
6.431478050975473204e-01
3.024630776052847914e-01
9.215315940884990509e-01
9.215243185380921354e-01
9.125018311591448494e-01
6.873013825165356083e-01
9.215283632851914986e-01
7.018246902922212760e-01
9.215238613988681049e-01
3.024608544920727171e-01
1.890636705260930611e-02
9.215247985529128050e-01
9.222007477118878693e-01
3.024654636140409192e-01
9.215333902869792260e-01
9.215219594980448292e-01
9.215368260086312935e-01
9.215280726218455509e-01
3.223764923220004408e-01
9.215244477338672136e-01
9.215155533473371463e-01
1.836268356804448831e-01
3.024505132980688238e-01
1.784331334584024209e-01
8.504861428140096935e-01
9.215279993678979764e-01
