2.289648129034473345e-01
4.429037036941570471e-01
9.199562900272011401e-01
5.282219658266695816e-01
3.659761551312253336e-01
9.345599577168697270e-01
2.010863231807627771e-01
8.332916009750710451e-01
2.011079721337672155e-01
2.543576316886447253e-01
8.964521121236408430e-01
2.950557614048365113e-02
8.522619614104869346e-01
3.270229015484056312e-01
9.080436073788278328e-01
6.389638630051790169e-02
9.080382516639481372e-01
2.010917863774275283e-01
9.080354011725608743e-01
2.010922675522598124e-01
9.080440171465310462e-01
3.097163453584238502e-01
2.011017683004267254e-01
9.080396150277518785e-01
3.906005940786855257e-01
2.011069475635387238e-01
9.080454030632785223e-01
7.411615729994130986e-01
9.080331794636874454e-01
2.011042827264312716e-01
8.950148995184489253e-01
9.413375120483135072e-01
9.080420612440790462e-01
9.080305556529986166e-01
9.080404994303247213e-01
8.706901136495290849e-01
9.080339981588103626e-01
8.503657013152605693e-01
2.010967352434946676e-01
9.080305025114679962e-01
3.567390382999962029e-01
2.901433433373621917e-01
2.010866768331177612e-01
9.080423807574932171e-01
7.480404443592841846e-01
9.080359298949935987e-01
1.713926710523596547e-02
9.080408680110668707e-01
9.080331213100578669e-01
9.080550352577551054e-01
2.011092147894266990e-01
5.841760282198023013e-01
3.753492158565723269e-01
9.080429806336092202e-01
8.933005063246696187e-01
2.949617622297079009e-02
9.080381743760478352e-01
9.080373565892754240e-01
2.011050141827249726e-01
2.323223619398959161e-01
3.968699252897096574e-01
2.011090308996948128e-01
6.706457749364112299e-03
9.112341852107247453e-01
9.255807855259319261e-01
2.010970810468219738e-01
9.080248356297722090e-01
2.011079721337672155e-01
9.359583600087214572e-01
9.080413260175365098e-01
5.281823412876097690e-01
9.080340334811463077e-01
9.082627227865621711e-01
2.011039533050389405e-01
3.659761551312253336e-01
8.762964090497963321e-01
2.011193315654466740e-01
2.086366793043971032e-02
9.750305480622100118e-01
2.011044210134280974e-01
9.080504810081003741e-01
5.310488076723966777e-02
9.365495116923063801e-01
9.080414532925550342e-01
9.080326770059138353e-01
2.011033268186227518e-01
9.080312873518594508e-01
9.080414817737514355e-01
9.939122232686468106e-01
9.080355012023807459e-01
9.080386188232267841e-01
9.080350803404414473e-01
8.605244313167923487e-01
9.080369480965838624e-01
9.080258048216164335e-01
2.718266659527376894e-01
9.080422893078646807e-01
9.080412411683455032e-01
9.080396746640378991e-01
9.080400679500105765e-01
9.080418444168166792e-01
9.080455354365990495e-01
9.080367245224985062e-01
9.080437175908721015e-01
9.080359364165472291e-01
9.080266601357837031e-01
9.080337733651511201e-01
9.080353561107563642e-01
9.080371441396521970e-01
9.080350638405084718e-01
9.080371506494311351e-01
9.080383095249688896e-01
9.080333233265596160e-01
9.080317305127334482e-01
9.080360465365714395e-01
9.080435628950473959e-01
9.080430320701158298e-01
9.080355447199881525e-01
9.080344430324427396e-01
9.080327211833214562e-01
9.080425237648314107e-01
9.080378289910949752e-01
9.080375695880633646e-01
9.080356171221415362e-01
9.080378353260025737e-01
9.080436722961583440e-01
9.080442214240055376e-01
9.080383037211631203e-01
9.080372857577565515e-01
9.080417805846459078e-01
9.080473162906163020e-01
9.080347623205452523e-01
9.080432001383659246e-01
9.080451485851291915e-01
9.080425573445408682e-01
9.080283934402009205e-01
9.080359056353315417e-01
9.080414817737514355e-01
9.080286050206005655e-01
9.080398507944797970e-01
9.080400585424355242e-01
9.080387218612470113e-01
9.080374558225781101e-01
9.080381243136209646e-01
9.080416981641177276e-01
9.080368974093553369e-01
9.080284563158915745e-01
9.080338952209487946e-01
9.080292844529218588e-01
9.080320468434412984e-01
9.080315329291299697e-01
9.080372755007644070e-01
9.080403270206688360e-01
9.080294851735372097e-01
9.080421265208280523e-01
9.080375142410863631e-01
9.080472655505960056e-01
9.080431336780251383e-01
9.080384950731285043e-01
9.080336412195368911e-01
9.080312569321800087e-01
9.080443743264396961e-01
9.080497325138093823e-01
9.080344522461203383e-01
9.080334813089778745e-01
9.080388342183497441e-01
9.080359200809055009e-01
9.080326600202728304e-01
9.080385543004433346e-01
9.080347723402498739e-01
9.080303475373440181e-01
9.080319768036095862e-01
9.080414942660818278e-01
9.080272010491839962e-01
9.080388820775429082e-01
9.080387108930113582e-01
9.080368790119757172e-01
9.080299500105051269e-01
9.080404120465790374e-01
9.080314588970326284e-01
9.080309671570504504e-01
9.080339115981599374e-01
9.080362761465538002e-01
9.080432405342242497e-01
9.080380577057686198e-01
9.080446937008038732e-01
9.080270393186039568e-01
9.080377704469574374e-01
9.080345937890373920e-01
9.080626797171065245e-01
9.080325777934841192e-01
9.080293344185431659e-01
9.080300016164193355e-01
9.080520793599160534e-01
9.080335477617452744e-01
9.080448998856398557e-01
9.080658480788189602e-01
9.080270565813756134e-01
9.080288246954595355e-01
9.080416519850105228e-01
