3.682689409277128956e-01
9.747199985001584466e-01
7.916168448680330760e-01
1.588527877429134205e-02
2.827310475000874845e-01
7.390312713371005593e-02
7.846733691431411195e-01
1.480451026328138409e-01
9.327836408707417259e-01
2.653291715348430335e-01
2.181924157109138285e-01
4.518105509381283719e-02
1.168099783852058066e-01
8.153857682056806500e-01
1.044372025681546690e-01
2.144873284930169568e-03
8.892963122589239711e-02
1.352576957056033334e-02
6.826816687506400694e-01
5.708297819971137194e-02
7.037898718303408074e-01
6.399047881682178307e-01
3.673630193049576276e-01
8.151083493443579409e-01
4.456953615105138655e-01
7.647701573351233240e-01
6.448450365344542412e-01
9.732997384482949821e-02
6.438201828794335446e-01
6.034851379426480200e-01
1.915441566127740469e-01
3.935838866595045005e-01
5.142280766598087416e-01
4.728051964873506430e-01
7.795619139605287629e-01
5.096644824642535543e-01
5.828244659969177288e-01
1.899887134364334762e-01
1.048780902577303581e-01
8.420584193776252668e-01
4.518105509381281637e-02
7.136351752028049500e-01
8.338906135629920585e-03
1.387991431380759810e-01
7.208921385158708617e-01
3.739825299824590665e-01
3.096047338380663594e-01
1.949918415334191968e-01
7.692776466284088899e-02
8.689544026452247216e-01
6.980345208543932145e-01
8.246979014712584044e-02
1.364947134677096940e-01
6.204076493409265147e-01
8.011773998988045431e-01
1.569052369779444511e-01
7.675856046983193792e-01
7.519426633185186670e-01
4.398431645263360945e-01
6.830206575194148755e-01
3.650437190700559498e-01
5.601905723601685594e-01
1.389360980580525429e-01
2.262111861844831318e-01
8.068026256204174906e-01
7.610028837511768618e-01
8.408048218049515299e-01
3.391787257264137212e-01
5.379194230817996303e-01
7.543735241176574569e-01
9.383124763762659692e-02
8.853154068482484984e-01
1.614959104854132299e-01
8.989265337099564546e-01
3.839501638008991358e-01
2.850430656396652496e-01
9.385607437755426330e-02
9.091427555355430234e-01
4.415536929046383618e-01
1.776668215250808702e-01
8.051403389664113508e-01
4.558678126993960245e-01
1.420401467156920672e-01
6.942388984668881324e-01
4.995912487471816654e-02
5.954519859761860934e-01
2.967568128302509600e-01
5.232818716780863744e-01
1.444134141838052804e-02
7.068123409443287652e-01
5.252210552372202912e-01
3.831576924682370683e-02
4.162200416434673755e-01
9.009125260109943079e-02
4.797452678740563581e-01
6.906105732835698952e-01
5.074614434507931371e-01
8.492297506999820778e-01
9.744447753790017042e-02
5.513292974663135393e-01
5.535988416760280195e-01
9.873052117803864380e-01
2.692438032883924803e-01
5.178413836592417052e-01
3.003174145347983215e-01
3.870240037914621234e-01
9.865626400831822851e-01
1.662057046320201126e-01
7.632171880078814086e-02
7.802203364873541158e-01
1.043567330976731544e-01
6.195611812076030622e-01
6.477031413790363956e-01
1.117352771105743769e-01
6.992744383698997757e-01
2.174968890987582365e-02
9.590751970364492784e-01
1.181030531883234119e-01
6.164281074718580555e-01
4.302702050018685220e-01
9.574970334442489683e-01
4.023503154439672658e-02
5.765737094579914679e-01
2.379167716169427460e-01
9.928811823805784309e-01
1.102078422328863494e-01
9.370409710758983990e-02
2.713691813756118343e-01
8.793770312550730495e-02
1.926875644128039078e-01
9.912615453198264648e-01
5.302557881274200247e-01
2.521792026384496732e-01
7.091828077466686420e-01
6.449170214454247319e-01
4.689207835519819123e-01
4.366038180534935198e-01
3.985361581782864149e-01
6.757823001048819389e-01
1.374737020015237843e-01
2.932352449272174200e-01
6.942388984666030272e-01
6.150912773416146173e-01
7.988220741172692430e-01
3.971847942289821187e-01
8.526284208613822413e-01
3.908972114357796568e-01
6.625721363323227031e-01
4.606754672233577264e-01
3.488555672285187925e-01
1.852999725229066419e-01
3.639787079655273927e-01
1.332763064905648775e-01
4.249370413047770176e-03
3.704945342140920639e-01
9.490015798473006026e-01
1.086507240350229331e-01
2.816867034231718692e-01
7.466898142500785762e-02
6.248455039134737099e-01
9.787712275924258243e-02
2.276122996637343632e-01
7.819781354111042804e-01
8.249033512458405770e-01
6.942388984670322394e-01
2.848335634126009097e-01
6.781474264364997229e-01
7.925450387157826349e-01
8.780185736158323540e-01
6.829423560370269097e-01
4.607620317884677519e-01
2.417212328408663291e-01
8.632768005089377361e-01
1.820477475149069602e-01
1.076621229222819859e-01
6.330882714445013049e-01
4.540514438517340712e-01
4.655366877748893240e-01
7.366125981676171497e-01
8.973927988160232960e-01
6.148823938591789773e-01
3.481902519031352394e-01
1.573867446259009650e-01
6.227855140841727088e-01
9.868726033379703333e-01
2.684103620499847520e-02
4.648421663601122467e-02
2.136334752155608363e-01
2.166675047779981766e-01
7.707485288751134700e-01
4.179129999169669540e-01
7.632171880209144554e-02
8.876189924741157977e-01
9.829540743448050844e-01
5.895575291409786978e-01
2.359775297454500820e-01
9.111678479081580795e-02
6.885436568315486117e-01
7.242867820417766556e-01
5.684286504064306467e-01
9.877072178721987838e-02
3.364251962019257358e-01
6.781977263119990385e-01
2.895727446129982008e-01
1.787364403987075911e-01
5.450180505052337754e-01
7.947915026089903689e-02
5.439602985618929853e-01
1.102666689763891483e-01
5.148975741770900338e-01
8.844770717538470439e-01
4.323220898747315855e-01
5.685087648190884080e-01
3.302306924759452755e-01
7.390011636465215750e-01
6.655725797990882375e-01
3.817780159253880701e-01
7.178928601271394871e-02
1.897295952435233135e-01
1.004900239946660973e-01
9.475926796697226040e-01
9.478551304716129611e-01
1.847394406122805643e-01
3.687026997587283805e-01
1.628240800741201366e-01
9.987871801027252694e-01
4.479490403088339789e-01
5.299188987753955526e-01
3.982330311373877829e-01
8.840443578462274521e-02
7.046512672427539259e-02
1.748993193233296939e-01
2.503573235302610778e-01
9.496941600465871325e-01
2.133602355523802063e-01
3.725980515474791588e-02
2.849753495135993742e-01
5.537164211858711660e-01
1.706187778061768745e-01
2.507027830749845032e-01
2.206762280174592306e-01
6.138645909581277316e-01
3.966794937906336083e-01
6.800920981743128202e-01
7.879791562199132127e-01
2.073257501607524145e-01
1.455296284852473643e-01
9.505512736169215993e-01
6.289838325714898204e-01
6.245516911200276189e-01
3.374125384611716405e-01
6.120748976386697349e-01
7.291655497838073208e-01
5.631316493234947984e-01
6.871073077895200054e-01
5.502944475152972137e-01
1.235564585721328212e-01
1.674366429134124257e-01
6.931154996116344336e-01
4.736845584754180716e-01
1.628240800741143357e-01
8.531941022644891071e-01
6.869400166989476642e-01
9.865626400831827292e-01
7.021189746148719379e-01
5.023075798896822070e-02
3.477697321606876280e-01
9.906892731002858721e-01
4.028967556997071764e-01
8.194049320464438235e-01
2.119135821254362617e-01
7.461718434931280397e-02
9.505249768078360972e-02
4.262411492132688329e-01
3.441039686747571213e-02
7.940049879326042115e-01
3.124099776309052223e-01
7.034338684602330360e-01
2.153305014290746167e-01
2.834009705320326700e-01
1.602853548879658308e-01
3.178034972715209627e-01
1.760641927810419893e-01
8.151083493443748162e-01
5.807256668132085853e-01
2.316637648619336576e-01
9.134016082133282755e-01
1.495427945478289555e-01
2.731907964071729755e-01
4.229802283232302756e-02
6.325610248464403895e-01
3.092508805835778030e-01
7.565537506654507194e-01
3.986704932889830189e-01
2.834009705319014416e-01
6.292857983079069850e-01
5.988753788773711895e-01
9.041259254020411751e-01
6.144507475320533096e-01
2.042583745916366489e-01
