9.793583881344104514e-01
4.426602961167148687e-01
1.569226502468142326e-01
9.793583758472106382e-01
5.210272388742969163e-01
9.793587190657190300e-01
9.793448546297786050e-01
7.198422496433119766e-02
1.480296895882346198e-01
2.065423533198717798e-01
4.402033020269972008e-01
1.307367634272930089e-02
2.275173111897501599e-01
1.797465670952770878e-01
3.274882269330958717e-01
9.793608134650739760e-01
2.518180391681761054e-02
6.126448141515784124e-02
9.740328935181689074e-01
9.793601802203005802e-01
2.014512126044713802e-01
9.793556735863355733e-01
9.793595473225662484e-01
2.462195974328159342e-01
9.793607261119342544e-01
9.793622679955921173e-01
2.412755860346976200e-01
9.793514778914806929e-01
9.793607129362252861e-01
9.793607267575772379e-01
9.793620855366840239e-01
9.087454464006867669e-03
9.793559891265799511e-01
2.138148184229160184e-02
9.793581981202025277e-01
9.895147264771912976e-01
9.418503879306293625e-01
8.978767153972071480e-01
9.793593941267190184e-01
1.839766436394626725e-01
9.793651798084856974e-01
1.503383081311424757e-02
9.793585407725204917e-01
9.793742858794685091e-01
7.844224180729708618e-01
9.793738139509403640e-01
9.793670394043841876e-01
1.265940125910021419e-01
1.626016282474651575e-01
9.417145786807570307e-01
3.548362116645339959e-02
1.265940125910021419e-01
9.793620546268476668e-01
9.793670394043841876e-01
1.060459067327287896e-01
9.793709068986510280e-01
9.793603005609465839e-01
5.209940526754166523e-01
9.793548641697942259e-01
9.541269246765918810e-01
9.808089835292315151e-01
9.793558639613708650e-01
9.793602026599558252e-01
9.856376012895627300e-03
9.793670220059556009e-01
9.793718252337872965e-01
2.869772772147916595e-01
9.793621717374847435e-01
9.055552272143646553e-02
5.357143361503768908e-01
9.793611137658805310e-01
1.200628007369201750e-01
9.793589240135056606e-01
9.839380117156827366e-01
1.605421685290669975e-01
9.793570166191153392e-01
1.935256040771519970e-01
5.103213024688225963e-02
1.480296895882346198e-01
7.843284761071758759e-02
4.100736677394699603e-01
1.404553754287744538e-01
1.404553754287744538e-01
9.793578848053963171e-01
1.569226502468142326e-01
6.642983559441191510e-02
9.793632228901953951e-01
2.562014155306612251e-01
9.793491891252360526e-01
5.209618683928511906e-01
5.210059334809583609e-01
9.029552075856595028e-03
8.804460279438498516e-01
9.793559182981951272e-01
9.793666626509123230e-01
9.793558441768746015e-01
9.793578302471422914e-01
2.822396528228059490e-02
9.793731297931973501e-01
9.793664883069923555e-01
9.793518569754702252e-01
9.793613855790410661e-01
9.793585036763892138e-01
9.793653700202806789e-01
9.793557862832827920e-01
9.793505845226545548e-01
9.793609204654886158e-01
9.793636797245534042e-01
9.793506871191018925e-01
9.793668878288045443e-01
9.793526679818583824e-01
9.793621416187859863e-01
9.793619259631733964e-01
9.793623933609876264e-01
9.793633863147394036e-01
9.793533424959417477e-01
9.793590564606232673e-01
9.793528665886405138e-01
9.793626758285539635e-01
9.793592571310547612e-01
9.793537404981476069e-01
9.793720161038143024e-01
9.793483711598229835e-01
9.793506337926533023e-01
9.793539280058373153e-01
9.793595458037479551e-01
9.793606178046347921e-01
9.793589324856460943e-01
9.793579045081460821e-01
9.793541702072812161e-01
9.793713630120536306e-01
9.793642287287875892e-01
9.793610226894369220e-01
9.793586992068513686e-01
9.793599039562875808e-01
9.793558297126232493e-01
9.793629227621756250e-01
9.793612017104180723e-01
9.793595579739424739e-01
9.793662640663790553e-01
9.793632715780965503e-01
9.793662424536441202e-01
9.793682319265765157e-01
9.793590632481977698e-01
9.793632239022148633e-01
9.793563726350845711e-01
9.793687793346055326e-01
9.793606935464838070e-01
9.793661605008887605e-01
9.793510040408617279e-01
9.793568719646221776e-01
9.793626702601903045e-01
9.793595816363790396e-01
9.793595284031824111e-01
9.793607264265319357e-01
9.793494196204525215e-01
9.793567638067375292e-01
9.793630271217078631e-01
9.793601102948943371e-01
9.793574376880751498e-01
9.793583002638072132e-01
9.793673254957371288e-01
9.793601945875585191e-01
9.793572023828600592e-01
9.793569126148033988e-01
9.793599756649986610e-01
9.793601637182715036e-01
9.793511055743944205e-01
9.793442246181486288e-01
9.793662640663790553e-01
9.793654202205164250e-01
9.793613582641523818e-01
9.793538271954855823e-01
9.793665773776618622e-01
9.793655170947526134e-01
9.793534435378604686e-01
9.793629692469655312e-01
9.793589805689710825e-01
9.793482095624224115e-01
9.793653832849181784e-01
9.793513435194131089e-01
9.793539280058373153e-01
9.793587904287071044e-01
9.793632239022148633e-01
9.793537810446006908e-01
9.793607420874149705e-01
9.793614169614257570e-01
9.793506871191018925e-01
9.793591494998967750e-01
9.793629185925919467e-01
9.793702381990585515e-01
9.793577107305381224e-01
9.793577570676912369e-01
9.793595125543231861e-01
9.793588695127969368e-01
9.793626760197089443e-01
9.793534435378604686e-01
9.793590280598803988e-01
9.793594036269297476e-01
9.793639549950816647e-01
