1.941409382680385487e-01
5.364475132897335019e-01
8.508326395989201929e-01
1.941533024169771193e-01
1.240482996293797435e-01
9.036502088240096209e-02
5.525683221428265846e-01
2.170247526403190075e-01
1.941294384330519984e-01
1.942350390303719532e-01
2.519020638959112435e-01
1.480809783372484256e-01
1.421897023837921659e-01
1.941111636608914837e-01
1.941273479426416648e-01
5.525600087991214826e-01
2.030674753242710517e-01
1.177948990890509001e-01
8.616922213728348545e-01
1.941056046399247392e-01
5.525974740253061235e-01
1.941446365515230033e-01
1.903281429301560690e-01
8.347559503873316356e-01
1.941504262321061547e-01
9.229274167297495390e-01
4.481448058004793844e-01
5.525499696154274609e-01
2.706203278795807354e-01
1.941608526210225061e-01
2.761899587931542777e-01
8.616949578649871766e-01
5.525679423685161407e-01
8.423531209477119752e-01
1.941419913024544641e-01
1.941490592655814862e-01
1.941585128391158654e-01
1.941330549338689537e-01
1.941279945917420702e-01
5.693251276106261471e-01
2.122297964043932672e-01
1.941556152720507189e-01
8.617250745975584270e-01
1.448424266117854242e-01
8.152501185953087148e-01
9.095069452321488113e-01
2.524739578400646556e-01
1.642052726396588391e-01
1.941318506735449922e-01
4.481672769374739906e-01
9.229564119848672199e-01
5.525601098683811108e-01
5.524737518158961969e-01
9.095148689425929245e-01
1.941680129312273739e-01
8.616814570042422572e-01
5.525496957383668750e-01
5.525647167296057205e-01
5.525574506026827981e-01
5.364814030830511449e-01
8.368783776844436195e-01
5.363163275648596962e-01
9.229309855599242551e-01
5.525702388294611023e-01
8.616988321490479663e-01
1.940993564755562339e-01
9.229003392363721581e-01
9.229286866545635126e-01
8.617000278912753108e-01
1.941357037297068433e-01
5.525491316599643321e-01
8.617065519972018084e-01
1.941369212791252685e-01
1.144965518775364621e-01
1.941530323192560969e-01
3.075190512706102997e-01
5.525899818264521368e-01
1.941484358835205148e-01
1.941278760954801841e-01
9.094817689156611262e-01
2.340165481552282101e-01
1.941107046474174758e-01
8.487892814869989477e-01
8.617114672927025376e-01
5.525661188506858501e-01
9.229436885226752763e-01
5.364735648822130942e-01
5.525781200981325636e-01
5.525645239869776404e-01
1.941373555349205637e-01
8.550702250982568087e-01
1.941476037309411429e-01
1.430692305787815422e-01
9.229529671790999146e-01
5.364377431405999985e-01
9.229264114169829503e-01
1.941505041397528220e-01
8.616859842650208545e-01
5.525619369502126066e-01
8.616968022888866763e-01
9.095060422858231020e-01
5.525693499213230053e-01
1.941587467286441104e-01
2.007438017143484410e-01
8.529755808104337866e-01
1.941504459948396599e-01
1.941345470974503440e-01
1.941474168930784061e-01
9.229699949572178763e-01
9.229150800218447470e-01
1.941271289831561497e-01
2.263995237561672036e-01
5.527163768465854776e-01
1.849690572835041569e-01
1.941426169490073905e-01
5.525748390490332618e-01
8.055387238775693071e-01
1.941296090350394798e-01
9.228884779510733161e-01
5.364506267492841207e-01
2.814652073691977230e-01
1.941483635257293117e-01
1.941523049407053725e-01
4.481654263860093135e-01
1.941356972648505819e-01
5.525531983534319735e-01
1.941469310780945257e-01
8.616750583895618210e-01
1.814299811241197879e-01
5.525787841568161607e-01
8.486301206471442704e-01
5.364859505576569099e-01
1.941330110794126373e-01
5.525521539250703995e-01
5.525366889405514126e-01
1.941599313513634184e-01
9.229170641474848669e-01
2.996451232696884515e-01
1.339025661990759231e-01
9.229837706149229826e-01
4.481535599318146046e-01
1.941173138561743117e-01
9.798626011939948199e-02
5.364375228895051917e-01
9.229469228740845299e-01
5.525682325672762740e-01
2.719996259717293308e-01
1.940940346043260878e-01
1.941461705591270848e-01
2.088624806128533962e-01
1.943408102956800942e-01
1.941536392149413870e-01
5.525575560568511957e-01
1.941316873590449299e-01
9.095198792201245608e-01
1.588032387152364389e-01
9.229221275143850711e-01
2.711121882340720157e-01
1.941636739030846714e-01
2.310714840940770176e-01
1.941513527165793229e-01
8.447081895647703398e-01
1.940796536354145729e-01
4.481550002904456376e-01
2.066999233267366731e-01
5.525631669385029365e-01
2.926591355209929302e-01
2.313614602345430982e-01
1.849439278147090859e-01
9.229016401970054906e-01
1.941429209749054308e-01
1.941498897764880327e-01
5.364492574749419873e-01
8.589682088725357767e-01
9.229431107263246226e-01
8.616945185219421210e-01
1.941406761195076103e-01
2.443013125035646271e-01
1.941585721751658000e-01
1.923346208705714044e-01
5.525546829640868296e-01
2.952663404113531342e-01
5.525737013250610064e-01
5.525572185332373598e-01
1.941110059755117856e-01
5.525786522298541392e-01
2.273043695916480145e-01
2.068399481302391762e-01
9.095134181537399831e-01
9.095079083076564874e-01
2.362893644806048910e-01
1.941458256899730450e-01
5.525721287573321927e-01
1.941581036593438281e-01
1.509843266614530333e-01
1.107300670190702885e-01
1.941510132129498079e-01
8.617040037452633472e-01
2.310434913792317468e-01
1.941301928112910691e-01
1.941601529131564419e-01
1.941482696552917497e-01
5.525715987244722571e-01
1.941406098141049141e-01
1.377152852648447778e-01
1.164638092940174091e-01
2.714749113545100179e-01
1.072643036698607694e-01
3.177162049082944972e-01
8.616994649007915230e-01
1.941489028644905468e-01
8.616891454179335108e-01
1.941098481427273037e-01
5.364124150551241588e-01
1.938754035618913685e-01
1.941375219480502290e-01
8.616938173689621117e-01
1.941485732549589616e-01
1.941375035018743922e-01
2.227219644604967186e-01
1.941627239376004233e-01
5.364716568724851031e-01
5.525533016642473205e-01
1.715698480438391793e-01
8.135905453405242183e-01
9.229305750589427149e-01
9.229417740241612211e-01
8.216722097688019533e-01
1.941443687721689237e-01
5.364456031905115996e-01
8.616806540470279829e-01
5.525662774756878726e-01
9.229412251664224076e-01
2.483534081216560718e-01
1.941496820986689520e-01
1.941461293002466337e-01
1.941414605303460883e-01
1.158570435770248097e-01
9.229814308024699709e-01
5.525506784952611827e-01
3.207908142987729305e-01
2.964574738267820586e-01
5.525578283974076355e-01
8.616930874415784647e-01
1.943821388416520635e-01
1.941306670708186355e-01
9.229468603508350633e-01
1.123175435753460405e-01
4.481745412098910863e-01
9.095115802038308273e-01
1.941392427923361585e-01
1.941460576755190126e-01
8.254834863798268252e-01
1.910621435873401941e-01
8.616858797357258570e-01
9.229583018467769628e-01
9.229569511535000714e-01
8.650373322774621010e-02
5.364475060448534727e-01
8.468252518188034150e-01
1.941378695413733813e-01
5.525781200981325636e-01
5.525503145709234065e-01
5.364530227515058591e-01
1.941611095539482468e-01
2.640495430871407367e-01
2.402399590513408512e-01
1.941544226877827128e-01
1.941368339963205902e-01
1.941362520279937276e-01
1.724066389382788167e-01
8.617022032149368460e-01
1.941494500725370331e-01
1.941721949874574138e-01
2.179132702946180999e-01
1.941444056795707807e-01
1.493962560459436151e-01
8.616968460121064988e-01
8.487892814869989477e-01
1.941527751709920258e-01
9.229504458289474744e-01
1.941475878793366694e-01
9.229419423452751570e-01
1.941409274273674657e-01
8.616961081459404426e-01
8.617017693114676913e-01
5.653287994216791290e-01
1.941650362894144499e-01
1.941587823073132046e-01
1.941497874500442145e-01
3.082176633112046482e-01
8.616907643006511686e-01
8.616975254224973346e-01
1.941499090774443659e-01
1.941167333436085163e-01
1.941144519131114410e-01
1.941527710313620259e-01
9.229438393075094504e-01
9.229374257271465432e-01
2.259402233091119816e-01
