1.095800850562356488e-01
1.095694414009284468e-01
1.095768660379965037e-01
1.095601549744811692e-01
1.095643228013799680e-01
1.095759598829420672e-01
1.095688979106096417e-01
1.095724894516075798e-01
1.095893674941801621e-01
1.095631575734203195e-01
1.095678888363824377e-01
1.095712133937412486e-01
1.095711702279281580e-01
1.095718182881761232e-01
1.095821737212644004e-01
1.095739013831732306e-01
1.095853841783235999e-01
1.095701600019165084e-01
1.095767977876471594e-01
1.095746301373780318e-01
1.095721511879255011e-01
1.095732884286597097e-01
1.095764330914785062e-01
1.095734124569757023e-01
1.095689779452278800e-01
1.095753498722391722e-01
1.095746907745959869e-01
1.095767673839519035e-01
1.095718525227036416e-01
1.095610534111879364e-01
1.095685084671861736e-01
1.095715335735221868e-01
1.095835626732025447e-01
1.095751746284372996e-01
1.095717540210261465e-01
1.095596266408010305e-01
1.095663683272070504e-01
1.095653500872786346e-01
1.095723591718064660e-01
1.095748891903607636e-01
1.095813764083739678e-01
1.095676794326083947e-01
1.095800007403267690e-01
1.095721919272001632e-01
1.095709596340929959e-01
1.095853599244554916e-01
1.095668930063221913e-01
1.095852187202953631e-01
1.095727698206844375e-01
1.095664216042825934e-01
1.095753616685850584e-01
1.095786867180150448e-01
1.095806347029489314e-01
1.095673077635743037e-01
1.095582706700049952e-01
1.095672824941457263e-01
1.095726304943223511e-01
1.095694805207550332e-01
1.095641827463485762e-01
1.095725135739733930e-01
1.095696318647698952e-01
1.095766634322958150e-01
1.095779930355396947e-01
1.095583508646911369e-01
1.095677757549356757e-01
1.095752866896628763e-01
1.095688793249502968e-01
1.095852199713932829e-01
1.095824588604979860e-01
1.095705591115357785e-01
1.095764294349898943e-01
1.095777253856169281e-01
1.095751931134194834e-01
1.095740116966857081e-01
1.095767527465670577e-01
1.095805656345321538e-01
1.095739417361557000e-01
1.095679333815859358e-01
1.095730731520907913e-01
1.095796228038801168e-01
1.095728058990058512e-01
1.095641738450227609e-01
1.095740197712150449e-01
1.095722307767121595e-01
1.095709610829629921e-01
1.095764780511168657e-01
1.095631748207642892e-01
1.095682850975991662e-01
1.095790456404388824e-01
1.095784116675056347e-01
1.095729987117840531e-01
1.095699268640015489e-01
1.095702661863425520e-01
1.095618414509806349e-01
1.095718549096517669e-01
1.095740983701157800e-01
1.095759382946583649e-01
1.095672677723718014e-01
1.095645311521806498e-01
1.095660094010340729e-01
1.095817917843776301e-01
1.095792993839813795e-01
5.094266682147492453e-01
7.950452353198574906e-01
7.950691860295443503e-01
6.917631667207924107e-01
1.386337765129491417e-01
1.095370953631247535e-01
1.095685888277789094e-01
1.095650817575506558e-01
8.400483460279714043e-01
6.740113310134132618e-01
7.951093481250059991e-01
6.740113310134132618e-01
7.950601415427505092e-01
1.095749771766563463e-01
1.417082636172745103e-01
7.951104361133491949e-01
7.950984097652245008e-01
7.951090249669818810e-01
1.095708859546773717e-01
6.022319456198717003e-01
5.011743999940587724e-02
5.358780184982869788e-01
7.950815112367204396e-01
3.229162247472622260e-02
1.927049337431622489e-01
2.359769631879787138e-02
9.989495634361880150e-01
5.359197563328783609e-01
7.798722414378297385e-01
1.095705417513948426e-01
7.950947719666339175e-01
1.095523301630522001e-01
5.203273826337002639e-01
9.218767944539588144e-02
6.575650914692864335e-01
1.095722549380175465e-01
1.095723922062401129e-01
1.187822364644378209e-01
5.359003686241783360e-01
1.095582092603570312e-01
7.950925525933407734e-01
6.771618236458715190e-01
7.897099442212240916e-01
3.804798983551244823e-02
1.452242920422652794e-02
1.075370959731219572e-01
1.095823298630811266e-01
4.263961617798432691e-02
2.309995621746034622e-01
7.587191711890061141e-01
1.095717699291885588e-01
1.095655039152129140e-01
5.359106518530634133e-01
1.095671015102316209e-01
7.950255698817986216e-01
1.300123347381957617e-01
7.950830762281642095e-01
1.266189389989275937e-01
7.951080598849367131e-01
1.095637483288253028e-01
1.095750907460446844e-01
1.095628902094486906e-01
5.359044524195321069e-01
6.534200454041676487e-01
1.177082733135026843e-01
1.399206864353964297e-01
6.647617958974104679e-01
7.950951357105996431e-01
7.950943135187065192e-01
7.202782087416798040e-02
7.950607409514454105e-01
8.798090090696772392e-02
1.095576960874183187e-01
1.095692544925899320e-01
2.001090960711275069e-01
7.177415637741476617e-01
1.095790500494051994e-01
7.950864988921252374e-01
1.095680558725670439e-01
8.399825325904872741e-01
6.978372399157952710e-01
1.095619521248496764e-01
7.126041315727875691e-01
7.703437728339649349e-01
1.095655290766267137e-01
9.960054286787205502e-01
7.950374311964525376e-01
1.095701530582323391e-01
1.095704909395238680e-01
7.951055462033056465e-01
7.927124026828364922e-01
1.095746351632821414e-01
5.358797883090060665e-01
7.604631342092011970e-01
1.095742637314607443e-01
7.191246359990365045e-02
6.716037494666187158e-01
2.309995621746034622e-01
