5.059988628818113537e-02
3.640694572750709512e-01
2.571145818242659420e-01
2.966524230871878109e-01
8.395226514364741988e-01
5.798638512069471673e-01
8.090076910787906694e-01
8.222373170198805648e-01
6.453824581195601873e-01
1.085147467300803109e-01
2.175090740180473103e-01
4.539387532450727680e-01
5.339672459274708016e-01
9.207474129642453375e-01
9.000663429646130753e-01
7.652567595454273786e-01
1.754832796805118680e-02
7.793795398011443831e-01
8.888403117180359025e-01
6.750764027709854620e-01
8.978511453090285421e-01
7.642288508966896821e-01
1.038569810835932861e-01
6.907440089288768847e-02
5.343085797236893919e-01
5.041465232045668765e-01
8.356231620343650413e-01
2.630967823495972135e-01
3.707168457023895525e-01
2.802164459917040953e-02
8.482087778574088910e-01
4.151762913348293615e-01
5.289809265729322751e-02
3.298826851354386691e-01
8.266980438486603022e-01
2.318085895402819396e-01
3.777945762225493054e-01
9.848690369146025914e-01
8.247280279516771007e-01
2.581153161949717445e-01
7.871967395548884472e-01
7.574933733358926169e-01
7.437828938632990994e-01
5.668203315708265910e-02
2.317038016803071032e-01
8.929124447705955037e-01
2.008023802603458863e-01
4.807717363786746523e-01
4.095888628047956725e-01
2.464697664837085106e-02
7.535634427645504507e-01
6.085607190991261239e-01
3.272803966018568156e-01
9.308921475351522590e-01
8.959596313406678059e-01
7.348540777755183662e-01
2.750000539268465105e-01
8.713509738998370668e-01
7.701822556466361158e-01
1.102266746245627871e-01
5.240107102539627304e-01
7.533567113403145665e-01
7.634388917546411357e-02
7.903719969409251922e-01
6.903432114707881428e-01
9.066716691811675943e-01
6.933832847178880154e-01
8.932495989283224525e-01
8.888403117180377899e-01
8.381342098346638014e-01
7.922669703958966636e-01
7.551919903516718380e-01
7.541738062778722274e-01
8.300371008898328462e-01
8.582038826661709807e-01
6.148805757023501073e-01
6.643005053201574972e-01
9.012556193498074686e-01
3.361353316901607435e-01
2.175090740180572746e-01
8.461829575367423306e-01
8.730746992936414541e-01
1.361226806048691784e-01
3.811317529979326713e-01
8.770515909888590977e-01
1.279910544801922401e-01
8.419657964685626217e-01
4.447799184837030184e-01
8.958213127803147380e-01
6.402829931066070790e-01
6.887363398831638506e-01
6.477755192875360724e-01
6.339694128267503448e-01
7.435065574034405156e-01
6.977097517376531499e-01
2.020224449704783598e-01
6.775623645832857811e-01
9.069125105332853654e-01
4.977281554383289341e-02
1.268868006336432430e-01
2.751109552187557816e-01
6.555420199702316486e-01
3.456276605473465602e-01
7.973342365301602230e-01
2.998938262189695947e-01
6.467427679804440555e-01
6.421661187477356071e-03
5.476160695632098507e-01
7.196734959880526916e-02
8.066178963630937782e-01
7.084545769906418489e-01
5.107309210779333863e-01
1.125073754031306328e-01
1.483359254407327077e-01
2.695607893355323470e-01
1.677493611411295382e-01
6.155679504112909761e-01
8.087057770984632521e-01
2.591758213869940208e-01
8.882081404969002225e-01
7.790861115013156812e-01
6.724575123681586497e-01
4.645095525028107297e-01
8.789710745752838950e-01
3.316563916209093743e-01
8.819951622801071034e-01
8.818811530406311938e-01
1.777317633630065286e-01
7.462847199411856147e-01
9.084978010654786162e-01
1.473222534449390719e-01
9.160909632441306683e-02
8.664550206794841003e-01
1.273822871799415446e-01
5.080145346068453138e-01
1.690729107789257502e-01
3.364525065605893372e-01
3.037369901765155644e-01
5.756910607008906000e-01
8.797145294290499296e-01
6.104176005198038713e-01
6.848687853779271695e-01
7.286507752876512090e-01
7.698660145699208757e-01
5.339672459274710237e-01
8.647314279434352713e-01
6.617085441761110243e-01
1.026535975991587912e-01
8.688317008244567097e-01
9.116455148215723003e-01
8.727370376336045510e-01
8.823947700953482798e-01
7.037071314479518280e-01
7.707025393515799516e-01
6.300135714715956459e-01
2.294509444856618896e-01
6.335557439483501252e-01
7.599008277251630972e-01
7.122496929076027605e-01
7.224627466645143770e-01
4.303493999896577105e-01
1.216393732114268156e-01
4.666750372056078788e-01
6.503572006345437195e-01
8.656232822478175937e-01
1.599529082871657404e-01
3.314335029687215384e-01
8.918962002484953633e-01
7.756906923190033665e-02
2.046434846923610995e-01
8.924932545482530677e-03
5.736644875035679103e-01
7.209874937006666151e-01
1.802132946349817022e-01
9.630527732257292417e-01
9.763486835743309666e-02
5.527874543802045737e-02
9.571728166231759094e-02
7.657189716601179308e-01
8.885922987646523996e-01
8.870253917721704351e-01
9.046616761313909238e-01
6.581813667217897290e-01
1.912298960797264580e-01
5.939700814614863322e-01
6.849960784900912536e-01
8.892722828495394083e-01
7.634388917546411357e-02
1.300873744531595710e-01
7.009244018689964051e-02
7.793795401612375606e-01
7.267313809056237250e-01
1.079032423223089121e-02
1.576153216954076855e-02
6.562294988417058939e-01
1.364789513064379456e-01
6.592891351112278864e-01
8.546348998726159829e-01
1.364789513064376958e-01
3.903821058914407893e-01
5.348199718863778651e-01
7.839651293568363766e-01
8.360725782677944085e-02
3.862028294327173317e-01
7.284080590805619426e-01
6.012026346846331970e-01
4.709549841787989966e-01
8.963082502892665282e-01
9.863725349810779086e-01
1.844717939741224721e-01
5.503971230718268659e-01
7.129190142928352181e-01
1.262905683721963768e-01
6.911719141647612030e-01
6.575957663069991188e-01
9.836883502727148398e-01
9.654256303617374524e-01
4.224606394781003638e-01
6.511802277343956558e-01
2.591758213870886673e-01
8.323200403417998494e-01
5.347019035634101858e-01
7.723735139656481286e-01
8.873827064614762117e-01
1.559228052759250860e-01
8.960757978797453394e-01
5.196056525146125482e-01
5.937313629201137477e-01
1.539719806615380548e-01
6.712007969920372741e-01
2.697127137731288871e-01
4.387230672525907482e-01
8.703058489115469420e-01
5.661617796866139640e-01
2.712649479507319161e-01
7.949732880496938880e-02
9.601791354066787632e-01
8.991777792764348298e-01
8.770515909888595418e-01
8.753190713090808206e-01
6.263195874599986057e-01
6.235887463529168340e-01
8.252784168009954513e-01
9.265579276527891039e-01
7.167607396237572759e-02
6.387311397905774679e-02
4.398237144984845637e-01
2.165357119773030081e-01
6.641171013892391839e-01
8.626093916004118345e-01
2.537358199940969450e-01
6.842980526649196094e-01
6.219597243909559259e-01
1.170063395508414289e-01
3.507157662591792874e-02
3.372241674332037142e-01
6.501000927495483861e-01
6.296001666044557243e-01
8.411869669304726793e-01
2.710534862716865168e-01
7.395053983804722453e-01
4.427324417963248576e-02
6.558489203290654990e-01
3.337730255579252764e-02
6.638253033370165035e-01
6.914256651177943525e-01
9.474870405222989289e-01
3.347211344728883153e-01
6.643982006423141407e-01
1.245759738015880663e-01
1.149464095668866342e-01
5.138190580761324844e-01
1.168089876490182866e-01
9.187159820097424989e-02
2.464454956446479258e-02
8.246368615904920985e-01
6.086777299062503394e-02
3.223256644858848996e-01
9.633701318984222439e-02
6.535119206264079494e-01
7.903719969409249702e-01
6.332171604485632432e-01
9.957288276178295483e-01
2.777300773487191843e-01
4.512722206969072003e-01
3.059588001870442928e-02
9.070196740570088956e-01
4.653381778613410041e-02
4.876271162662410563e-01
3.647560531102592707e-01
5.331381094487561700e-01
5.050041719796043438e-01
5.903326263132865209e-02
1.365558320293801531e-01
4.115345802135850217e-01
7.657101721265549554e-02
2.132275614864673902e-02
8.927751948660818115e-01
8.747183342235276271e-01
3.675868806056563076e-01
