3.266085381525224984e-01
7.422377652702961959e-02
6.929656050830932390e-01
1.148757073259474570e-01
1.892668539395022664e-01
1.148921655317830109e-01
6.859824847689468541e-01
1.148937301936686917e-01
3.186274876268783279e-02
1.665616758198082692e-01
1.186171402152488147e-01
1.148896584236974161e-01
1.148839747494628943e-01
7.161092680426195400e-01
1.149061189980677411e-01
1.016094937594224090e-01
1.148872507226466333e-01
1.128273864260322251e-01
6.666425482239262124e-01
1.148800728604098959e-01
6.666517398098108504e-01
6.666456177746633571e-01
3.265856254404460035e-01
7.161072146986691145e-01
3.477635435643242068e-01
6.669513557605235565e-01
6.666310389840842676e-01
1.148963958394205176e-01
6.666440751446548463e-01
6.666445273186053511e-01
1.148986613668946805e-01
3.266006785873134532e-01
6.127134107864581347e-01
3.754264232256070422e-01
6.815080311401048307e-01
6.080902059569553986e-01
6.666307529727897307e-01
1.148995923015722342e-01
1.148979404132886017e-01
7.435168552142141785e-01
1.148896584236974161e-01
6.666643166769506967e-01
1.076165221517396409e-01
1.148911654654977132e-01
6.666529585547895653e-01
3.266090758878797962e-01
2.099811080509906280e-01
1.149045863805486373e-01
1.148821929484037663e-01
7.744260312501886068e-01
6.666594334102164954e-01
1.148812567582944005e-01
1.148882567743483851e-01
6.666235937890817587e-01
7.022973649440205079e-01
1.148961723827343073e-01
6.688578020281572556e-01
6.667383502418220420e-01
3.430428755887269254e-01
6.666582980169060146e-01
3.266069331567958423e-01
6.576037064812383370e-01
1.148937368680541526e-01
1.268080700168655595e-01
7.076577578993569206e-01
6.667320020778635392e-01
7.429734791013810069e-01
2.695383957207716508e-01
6.363572235158441170e-01
6.667264189778356887e-01
1.148793726057846659e-01
9.311357403597283477e-01
1.149042592955160508e-01
9.924143380925403157e-01
3.265996162269430014e-01
1.892875220389855229e-01
1.148996985746820604e-01
6.483351736825472209e-03
3.440363931080193671e-01
1.149142872318042741e-01
7.061779221625319458e-01
3.595765054428953222e-01
1.148991610692565168e-01
6.666567167485268897e-01
1.148858465939391060e-01
6.666310272407869331e-01
1.971311228735137255e-01
6.215104062633065585e-01
1.137893031463826782e-01
6.666556831759438140e-01
6.233138165140390541e-01
1.148805273965353285e-01
3.266200941732682050e-01
1.148990540728071774e-01
3.816845101137376073e-01
6.666651073450213794e-01
6.060612289624082161e-01
7.517663563185421616e-01
1.148993491418785484e-01
6.498429917997797789e-01
6.517879282614613690e-01
8.662072915305159271e-02
1.707614011213217375e-01
6.158875428066554747e-01
2.007037627412532332e-01
3.266043282084574173e-01
8.604246996507446121e-02
1.148992437816838963e-01
1.148804333347883400e-01
6.818054946179781250e-01
1.148761248166390719e-01
6.666374927155283014e-01
6.666476369282672287e-01
1.148999381987725610e-01
6.666613284892277669e-01
1.148799292854647547e-01
5.820459677826897438e-02
1.148941671017809085e-01
6.666291991625490354e-01
3.349168575284822147e-01
5.672731018894388438e-02
1.148766771859375257e-01
6.666239783331835422e-01
1.383912716974401436e-01
9.213725720484103321e-02
1.148932590819727872e-01
1.148973052812410772e-01
1.725704575551746389e-01
1.148884866597288668e-01
1.149088620015722290e-01
9.066440280476657787e-02
6.281358036747399787e-01
1.526464883596796718e-01
6.666485180142049938e-01
6.666559953899455770e-01
3.707524360911065853e-01
3.422917651171356046e-01
3.266222188622106559e-01
6.666369018443016881e-01
1.148920439240159047e-01
1.936013122389652619e-01
6.666567167485268897e-01
6.666370423471710271e-01
6.998811524791970218e-01
3.266172676768369643e-01
7.543645404260242993e-01
3.266164100281637173e-01
6.666552714055937745e-01
3.635116515681981464e-01
2.695647341491362314e-01
1.149102416219535960e-01
3.265481358870600537e-01
1.148925436931400867e-01
1.035127765718492354e-01
3.266040494267441474e-01
4.828133184995402061e-02
1.149000038024570458e-01
1.892644674299367447e-01
1.148894858906041039e-01
6.666450368999269349e-01
1.148979150674579175e-01
1.280444132674074809e-01
6.832725048099909104e-01
7.258290423041722228e-01
6.666567167485268897e-01
1.892831831316581781e-01
6.666418181440328938e-01
6.937717920521173642e-01
7.932384301790589287e-01
6.666541375401500158e-01
3.635175819263855579e-01
1.421780213231795542e-01
7.659183929928337076e-01
1.149192167510267176e-01
1.148881235980316051e-01
6.666404707021769127e-01
3.571769383121017882e-01
3.682231629731134159e-01
6.666756206932561435e-01
9.923549204968319382e-01
6.666351223247464208e-01
2.695464365891360736e-01
1.149010573007402530e-01
6.666439911845305488e-01
8.628007538867582538e-02
1.148773355554903591e-01
1.148664302087648859e-01
1.151241673920358893e-01
1.171245150073269015e-01
6.719946713021733853e-01
3.266223366311432619e-01
1.148804333347883400e-01
9.311410826562072085e-01
8.248067770230665952e-02
6.666410344844153624e-01
1.365437039089419380e-01
1.149031016389826937e-01
6.666559140889112278e-01
6.666635131405302950e-01
6.666238147839210759e-01
1.148962981507799658e-01
2.695252345158271612e-01
6.666559637288987927e-01
1.898382138680252407e-01
1.149081060299877027e-01
6.435686475319442046e-01
1.148932962527602492e-01
6.423378354070018448e-01
1.148920893052398362e-01
6.129849474011304089e-01
9.311500109078429954e-01
3.350358099236205311e-01
6.666274503240665616e-01
2.316666729145251125e-01
6.666577573937551016e-01
6.666486717987520905e-01
3.266068950235365698e-01
1.148895582393814896e-01
1.149192757518799346e-01
1.148948751536572471e-01
4.701292871060544498e-02
4.720087852694635627e-02
1.149116582948735560e-01
3.266122341960852604e-01
1.148964217348284605e-01
9.816332749406364577e-02
3.502743411158553144e-01
6.281073892703288308e-01
3.266126225141395834e-01
1.148943782666409924e-01
1.148895793657943448e-01
1.149106732668642161e-01
1.510201634154442751e-01
4.888358919346404152e-02
1.150824432833846833e-01
1.148889250487780123e-01
1.892868535312075551e-01
6.517923811376157284e-01
1.148896114845046057e-01
1.512209944897528469e-01
1.212170122121311172e-01
6.666439924349212287e-01
3.266180091224254456e-01
6.666529975832288235e-01
6.892045418724430661e-01
1.148983175101023907e-01
1.148850633770306107e-01
4.960532819892578965e-02
6.666511382201834035e-01
6.666445989430119790e-01
2.695243220511139848e-01
6.666391192090397322e-01
6.666726521845152131e-01
6.610320602533815704e-01
6.666474529913781755e-01
6.487010338968295375e-01
1.148940030319663130e-01
1.149065415389141226e-01
6.666604524031043422e-01
3.754507389922250860e-01
1.149200441452808696e-01
7.545939818559199708e-01
6.666555595565581971e-01
8.604645117499183649e-02
6.666452373419773370e-01
1.148774550111207604e-01
2.695504001070533340e-01
9.014329233235661432e-02
3.266166677080409309e-01
7.200824604187872069e-01
1.149827060124812422e-01
1.148932548231666323e-01
1.149034321300966138e-01
3.316957012689678574e-01
1.148877564255948863e-01
6.951287118692193179e-01
2.129676424348086183e-01
6.666619075298972907e-01
1.159379948577938108e-01
1.892743632679222687e-01
1.149126728811467602e-01
2.186147515184662937e-01
1.149126357661442582e-01
7.161072146986691145e-01
6.665980302372533917e-01
1.322384187534701161e-01
1.026404948832317782e-02
1.148916060752643992e-01
1.740288810420217436e-01
1.148778061362370762e-01
6.666528997149114844e-01
2.097178599489130657e-01
6.666630461312936795e-01
3.266130232899085439e-01
1.892805192535712278e-01
6.666373280867494699e-01
6.666401825719434626e-01
9.979459404834384317e-01
6.666380914497340715e-01
1.148971818652893551e-01
