0.000000000000000000e+00 0.000000000000000000e+00 1.000000000000000000e+00 1.000000000000000000e+00
1.000000000000000000e+00 0.000000000000000000e+00 2.652497768402099609e+00 3.842953443527221680e-01
2.000000000000000000e+00 0.000000000000000000e+00 2.649556159973144531e+00 3.827913403511047363e-01
3.000000000000000000e+00 0.000000000000000000e+00 2.661414623260498047e+00 3.822702765464782715e-01
4.000000000000000000e+00 0.000000000000000000e+00 2.656984806060791016e+00 3.821438848972320557e-01
5.000000000000000000e+00 0.000000000000000000e+00 2.650320529937744141e+00 3.820209801197052002e-01
6.000000000000000000e+00 0.000000000000000000e+00 2.651233434677124023e+00 3.825329542160034180e-01
7.000000000000000000e+00 0.000000000000000000e+00 2.664300203323364258e+00 3.828804492950439453e-01
8.000000000000000000e+00 0.000000000000000000e+00 2.603786468505859375e+00 3.828170001506805420e-01
9.000000000000000000e+00 0.000000000000000000e+00 2.570516586303710938e+00 3.825825452804565430e-01
1.000000000000000000e+01 0.000000000000000000e+00 2.462553977966308594e+00 3.839578330516815186e-01
1.100000000000000000e+01 0.000000000000000000e+00 2.251587152481079102e+00 3.822813630104064941e-01
1.200000000000000000e+01 0.000000000000000000e+00 1.988441944122314453e+00 3.839867115020751953e-01
1.300000000000000000e+01 0.000000000000000000e+00 1.898391962051391602e+00 3.842951655387878418e-01
1.400000000000000000e+01 0.000000000000000000e+00 1.605180740356445312e+00 3.837209343910217285e-01
1.500000000000000000e+01 0.000000000000000000e+00 1.323226213455200195e+00 3.825364112854003906e-01
1.600000000000000000e+01 0.000000000000000000e+00 1.111071586608886719e+00 3.585022091865539551e-01
1.700000000000000000e+01 0.000000000000000000e+00 9.144841432571411133e-01 2.839417457580566406e-01
1.800000000000000000e+01 0.000000000000000000e+00 6.979334950447082520e-01 2.828637361526489258e-01
1.900000000000000000e+01 0.000000000000000000e+00 4.178270101547241211e-01 2.055626809597015381e-01
2.000000000000000000e+01 0.000000000000000000e+00 4.804215336662309710e-07 9.595439678378170356e-07
1.000000000000000000e+00 2.500000000000000139e-02 2.652497768402099609e+00 3.842953443527221680e-01
2.000000000000000000e+00 2.500000000000000139e-02 2.649556159973144531e+00 3.827913403511047363e-01
3.000000000000000000e+00 2.500000000000000139e-02 2.661414623260498047e+00 3.822702765464782715e-01
4.000000000000000000e+00 2.500000000000000139e-02 2.656984806060791016e+00 3.821438848972320557e-01
5.000000000000000000e+00 2.500000000000000139e-02 2.650320529937744141e+00 3.820209801197052002e-01
6.000000000000000000e+00 2.500000000000000139e-02 2.651233434677124023e+00 3.825329542160034180e-01
7.000000000000000000e+00 2.500000000000000139e-02 2.664300203323364258e+00 3.828804492950439453e-01
8.000000000000000000e+00 2.500000000000000139e-02 2.603786468505859375e+00 3.828170001506805420e-01
9.000000000000000000e+00 2.500000000000000139e-02 2.570516586303710938e+00 3.825825452804565430e-01
1.000000000000000000e+01 2.500000000000000139e-02 2.462553977966308594e+00 3.839578330516815186e-01
1.100000000000000000e+01 2.500000000000000139e-02 2.251587152481079102e+00 3.822813630104064941e-01
1.200000000000000000e+01 2.500000000000000139e-02 1.988441944122314453e+00 3.839867115020751953e-01
1.300000000000000000e+01 2.500000000000000139e-02 1.898391962051391602e+00 3.842951655387878418e-01
1.400000000000000000e+01 2.500000000000000139e-02 1.605180740356445312e+00 3.837209343910217285e-01
1.500000000000000000e+01 2.500000000000000139e-02 1.323226213455200195e+00 3.825364112854003906e-01
1.600000000000000000e+01 2.500000000000000139e-02 1.111071586608886719e+00 3.585022091865539551e-01
1.700000000000000000e+01 2.500000000000000139e-02 9.144841432571411133e-01 2.839417457580566406e-01
1.800000000000000000e+01 2.500000000000000139e-02 6.979334950447082520e-01 2.828637361526489258e-01
1.900000000000000000e+01 2.500000000000000139e-02 4.178270101547241211e-01 2.055626809597015381e-01
2.000000000000000000e+01 2.500000000000000139e-02 4.804215336662309710e-07 9.595439678378170356e-07
1.000000000000000000e+00 5.000000000000000278e-02 2.652497768402099609e+00 3.842953443527221680e-01
2.000000000000000000e+00 5.000000000000000278e-02 2.649556159973144531e+00 3.827913403511047363e-01
3.000000000000000000e+00 5.000000000000000278e-02 2.661414623260498047e+00 3.822702765464782715e-01
4.000000000000000000e+00 5.000000000000000278e-02 2.656984806060791016e+00 3.821438848972320557e-01
5.000000000000000000e+00 5.000000000000000278e-02 2.650320529937744141e+00 3.820209801197052002e-01
6.000000000000000000e+00 5.000000000000000278e-02 2.651233434677124023e+00 3.825329542160034180e-01
7.000000000000000000e+00 5.000000000000000278e-02 2.664300203323364258e+00 3.828804492950439453e-01
8.000000000000000000e+00 5.000000000000000278e-02 2.603786468505859375e+00 3.828170001506805420e-01
9.000000000000000000e+00 5.000000000000000278e-02 2.570516586303710938e+00 3.825825452804565430e-01
1.000000000000000000e+01 5.000000000000000278e-02 2.462553977966308594e+00 3.839578330516815186e-01
1.100000000000000000e+01 5.000000000000000278e-02 2.251587152481079102e+00 3.822813630104064941e-01
1.200000000000000000e+01 5.000000000000000278e-02 1.988441944122314453e+00 3.839867115020751953e-01
1.300000000000000000e+01 5.000000000000000278e-02 1.898391962051391602e+00 3.842951655387878418e-01
1.400000000000000000e+01 5.000000000000000278e-02 1.605180740356445312e+00 3.837209343910217285e-01
1.500000000000000000e+01 5.000000000000000278e-02 1.323226213455200195e+00 3.825364112854003906e-01
1.600000000000000000e+01 5.000000000000000278e-02 1.111071586608886719e+00 3.585022091865539551e-01
1.700000000000000000e+01 5.000000000000000278e-02 9.144841432571411133e-01 2.839417457580566406e-01
1.800000000000000000e+01 5.000000000000000278e-02 6.979334950447082520e-01 2.828637361526489258e-01
1.900000000000000000e+01 5.000000000000000278e-02 4.178270101547241211e-01 2.055626809597015381e-01
2.000000000000000000e+01 5.000000000000000278e-02 4.804215336662309710e-07 9.595439678378170356e-07
1.000000000000000000e+00 1.000000000000000056e-01 2.652497768402099609e+00 3.842953443527221680e-01
2.000000000000000000e+00 1.000000000000000056e-01 2.649556159973144531e+00 3.827913403511047363e-01
3.000000000000000000e+00 1.000000000000000056e-01 2.661414623260498047e+00 3.822702765464782715e-01
4.000000000000000000e+00 1.000000000000000056e-01 2.656984806060791016e+00 3.821438848972320557e-01
5.000000000000000000e+00 1.000000000000000056e-01 2.650320529937744141e+00 3.820209801197052002e-01
6.000000000000000000e+00 1.000000000000000056e-01 2.651233434677124023e+00 3.825329542160034180e-01
7.000000000000000000e+00 1.000000000000000056e-01 2.664300203323364258e+00 3.828804492950439453e-01
8.000000000000000000e+00 1.000000000000000056e-01 2.603786468505859375e+00 3.828170001506805420e-01
9.000000000000000000e+00 1.000000000000000056e-01 2.570516586303710938e+00 3.825825452804565430e-01
1.000000000000000000e+01 1.000000000000000056e-01 2.462553977966308594e+00 3.839578330516815186e-01
1.100000000000000000e+01 1.000000000000000056e-01 2.251587152481079102e+00 3.822813630104064941e-01
1.200000000000000000e+01 1.000000000000000056e-01 1.988441944122314453e+00 3.839867115020751953e-01
1.300000000000000000e+01 1.000000000000000056e-01 1.898391962051391602e+00 3.842951655387878418e-01
1.400000000000000000e+01 1.000000000000000056e-01 1.605180740356445312e+00 3.837209343910217285e-01
1.500000000000000000e+01 1.000000000000000056e-01 1.323226213455200195e+00 3.825364112854003906e-01
1.600000000000000000e+01 1.000000000000000056e-01 1.111071586608886719e+00 3.585022091865539551e-01
1.700000000000000000e+01 1.000000000000000056e-01 9.144841432571411133e-01 2.839417457580566406e-01
1.800000000000000000e+01 1.000000000000000056e-01 6.979334950447082520e-01 2.828637361526489258e-01
1.900000000000000000e+01 1.000000000000000056e-01 4.178270101547241211e-01 2.055626809597015381e-01
2.000000000000000000e+01 1.000000000000000056e-01 4.804215336662309710e-07 9.595439678378170356e-07
1.000000000000000000e+00 2.000000000000000111e-01 2.652497768402099609e+00 3.842953443527221680e-01
2.000000000000000000e+00 2.000000000000000111e-01 2.649556159973144531e+00 3.827913403511047363e-01
3.000000000000000000e+00 2.000000000000000111e-01 2.661414623260498047e+00 3.822702765464782715e-01
4.000000000000000000e+00 2.000000000000000111e-01 2.656984806060791016e+00 3.821438848972320557e-01
5.000000000000000000e+00 2.000000000000000111e-01 2.650320529937744141e+00 3.820209801197052002e-01
6.000000000000000000e+00 2.000000000000000111e-01 2.651233434677124023e+00 3.825329542160034180e-01
7.000000000000000000e+00 2.000000000000000111e-01 2.664300203323364258e+00 3.828804492950439453e-01
8.000000000000000000e+00 2.000000000000000111e-01 2.603786468505859375e+00 3.828170001506805420e-01
9.000000000000000000e+00 2.000000000000000111e-01 2.570516586303710938e+00 3.825825452804565430e-01
1.000000000000000000e+01 2.000000000000000111e-01 2.462553977966308594e+00 3.839578330516815186e-01
1.100000000000000000e+01 2.000000000000000111e-01 2.251587152481079102e+00 3.822813630104064941e-01
1.200000000000000000e+01 2.000000000000000111e-01 1.988441944122314453e+00 3.839867115020751953e-01
1.300000000000000000e+01 2.000000000000000111e-01 1.898391962051391602e+00 3.842951655387878418e-01
1.400000000000000000e+01 2.000000000000000111e-01 1.605180740356445312e+00 3.837209343910217285e-01
1.500000000000000000e+01 2.000000000000000111e-01 1.323226213455200195e+00 3.825364112854003906e-01
1.600000000000000000e+01 2.000000000000000111e-01 1.111071586608886719e+00 3.585022091865539551e-01
1.700000000000000000e+01 2.000000000000000111e-01 9.144841432571411133e-01 2.839417457580566406e-01
1.800000000000000000e+01 2.000000000000000111e-01 6.979334950447082520e-01 2.828637361526489258e-01
1.900000000000000000e+01 2.000000000000000111e-01 4.178270101547241211e-01 2.055626809597015381e-01
2.000000000000000000e+01 2.000000000000000111e-01 4.804215336662309710e-07 9.595439678378170356e-07
