0.000000000000000000e+00 0.000000000000000000e+00 1.000000000000000000e+00 1.000000000000000000e+00
1.000000000000000000e+00 0.000000000000000000e+00 5.686482191085815430e-01 1.079330742359161377e-01
2.000000000000000000e+00 0.000000000000000000e+00 5.679991245269775391e-01 1.079330742359161377e-01
3.000000000000000000e+00 0.000000000000000000e+00 5.671610236167907715e-01 1.079330742359161377e-01
4.000000000000000000e+00 0.000000000000000000e+00 5.690343976020812988e-01 1.079330742359161377e-01
5.000000000000000000e+00 0.000000000000000000e+00 5.689895153045654297e-01 1.079330742359161377e-01
6.000000000000000000e+00 0.000000000000000000e+00 5.697719454765319824e-01 1.079330742359161377e-01
7.000000000000000000e+00 0.000000000000000000e+00 5.683263540267944336e-01 1.079330742359161377e-01
8.000000000000000000e+00 0.000000000000000000e+00 5.637745857238769531e-01 1.084814071655273438e-01
9.000000000000000000e+00 0.000000000000000000e+00 5.645251274108886719e-01 1.078141853213310242e-01
1.000000000000000000e+01 0.000000000000000000e+00 5.326198339462280273e-01 1.079330742359161377e-01
1.100000000000000000e+01 0.000000000000000000e+00 5.168148279190063477e-01 1.079186424612998962e-01
1.200000000000000000e+01 0.000000000000000000e+00 5.016779899597167969e-01 1.082605868577957153e-01
1.300000000000000000e+01 0.000000000000000000e+00 4.486883878707885742e-01 1.080812886357307434e-01
1.400000000000000000e+01 0.000000000000000000e+00 3.980734944343566895e-01 1.083454638719558716e-01
1.500000000000000000e+01 0.000000000000000000e+00 3.550346791744232178e-01 1.079046800732612610e-01
1.600000000000000000e+01 0.000000000000000000e+00 2.794217467308044434e-01 1.082088649272918701e-01
1.700000000000000000e+01 0.000000000000000000e+00 2.166156321763992310e-01 1.084438264369964600e-01
1.800000000000000000e+01 0.000000000000000000e+00 1.604169607162475586e-01 1.084741353988647461e-01
1.900000000000000000e+01 0.000000000000000000e+00 1.072741597890853882e-01 8.312587440013885498e-02
2.000000000000000000e+01 0.000000000000000000e+00 1.195028289657784626e-07 1.192645129322045250e-07
1.000000000000000000e+00 2.500000000000000139e-02 5.686482191085815430e-01 1.079330742359161377e-01
2.000000000000000000e+00 2.500000000000000139e-02 5.679991245269775391e-01 1.079330742359161377e-01
3.000000000000000000e+00 2.500000000000000139e-02 5.671610236167907715e-01 1.079330742359161377e-01
4.000000000000000000e+00 2.500000000000000139e-02 5.690343976020812988e-01 1.079330742359161377e-01
5.000000000000000000e+00 2.500000000000000139e-02 5.689895153045654297e-01 1.079330742359161377e-01
6.000000000000000000e+00 2.500000000000000139e-02 5.697719454765319824e-01 1.079330742359161377e-01
7.000000000000000000e+00 2.500000000000000139e-02 5.683263540267944336e-01 1.079330742359161377e-01
8.000000000000000000e+00 2.500000000000000139e-02 5.637745857238769531e-01 1.084814071655273438e-01
9.000000000000000000e+00 2.500000000000000139e-02 5.645251274108886719e-01 1.078141853213310242e-01
1.000000000000000000e+01 2.500000000000000139e-02 5.326198339462280273e-01 1.079330742359161377e-01
1.100000000000000000e+01 2.500000000000000139e-02 5.168148279190063477e-01 1.079186424612998962e-01
1.200000000000000000e+01 2.500000000000000139e-02 5.016779899597167969e-01 1.082605868577957153e-01
1.300000000000000000e+01 2.500000000000000139e-02 4.486883878707885742e-01 1.080812886357307434e-01
1.400000000000000000e+01 2.500000000000000139e-02 3.980734944343566895e-01 1.083454638719558716e-01
1.500000000000000000e+01 2.500000000000000139e-02 3.550346791744232178e-01 1.079046800732612610e-01
1.600000000000000000e+01 2.500000000000000139e-02 2.794217467308044434e-01 1.082088649272918701e-01
1.700000000000000000e+01 2.500000000000000139e-02 2.166156321763992310e-01 1.084438264369964600e-01
1.800000000000000000e+01 2.500000000000000139e-02 1.604169607162475586e-01 1.084741353988647461e-01
1.900000000000000000e+01 2.500000000000000139e-02 1.072741597890853882e-01 8.312587440013885498e-02
2.000000000000000000e+01 2.500000000000000139e-02 1.195028289657784626e-07 1.192645129322045250e-07
1.000000000000000000e+00 5.000000000000000278e-02 5.686482191085815430e-01 1.079330742359161377e-01
2.000000000000000000e+00 5.000000000000000278e-02 5.679991245269775391e-01 1.079330742359161377e-01
3.000000000000000000e+00 5.000000000000000278e-02 5.671610236167907715e-01 1.079330742359161377e-01
4.000000000000000000e+00 5.000000000000000278e-02 5.690343976020812988e-01 1.079330742359161377e-01
5.000000000000000000e+00 5.000000000000000278e-02 5.689895153045654297e-01 1.079330742359161377e-01
6.000000000000000000e+00 5.000000000000000278e-02 5.697719454765319824e-01 1.079330742359161377e-01
7.000000000000000000e+00 5.000000000000000278e-02 5.683263540267944336e-01 1.079330742359161377e-01
8.000000000000000000e+00 5.000000000000000278e-02 5.637745857238769531e-01 1.084814071655273438e-01
9.000000000000000000e+00 5.000000000000000278e-02 5.645251274108886719e-01 1.078141853213310242e-01
1.000000000000000000e+01 5.000000000000000278e-02 5.326198339462280273e-01 1.079330742359161377e-01
1.100000000000000000e+01 5.000000000000000278e-02 5.168148279190063477e-01 1.079186424612998962e-01
1.200000000000000000e+01 5.000000000000000278e-02 5.016779899597167969e-01 1.082605868577957153e-01
1.300000000000000000e+01 5.000000000000000278e-02 4.486883878707885742e-01 1.080812886357307434e-01
1.400000000000000000e+01 5.000000000000000278e-02 3.980734944343566895e-01 1.083454638719558716e-01
1.500000000000000000e+01 5.000000000000000278e-02 3.550346791744232178e-01 1.079046800732612610e-01
1.600000000000000000e+01 5.000000000000000278e-02 2.794217467308044434e-01 1.082088649272918701e-01
1.700000000000000000e+01 5.000000000000000278e-02 2.166156321763992310e-01 1.084438264369964600e-01
1.800000000000000000e+01 5.000000000000000278e-02 1.604169607162475586e-01 1.084741353988647461e-01
1.900000000000000000e+01 5.000000000000000278e-02 1.072741597890853882e-01 8.312587440013885498e-02
2.000000000000000000e+01 5.000000000000000278e-02 1.195028289657784626e-07 1.192645129322045250e-07
1.000000000000000000e+00 1.000000000000000056e-01 5.686482191085815430e-01 1.079330742359161377e-01
2.000000000000000000e+00 1.000000000000000056e-01 5.679991245269775391e-01 1.079330742359161377e-01
3.000000000000000000e+00 1.000000000000000056e-01 5.671610236167907715e-01 1.079330742359161377e-01
4.000000000000000000e+00 1.000000000000000056e-01 5.690343976020812988e-01 1.079330742359161377e-01
5.000000000000000000e+00 1.000000000000000056e-01 5.689895153045654297e-01 1.079330742359161377e-01
6.000000000000000000e+00 1.000000000000000056e-01 5.697719454765319824e-01 1.079330742359161377e-01
7.000000000000000000e+00 1.000000000000000056e-01 5.683263540267944336e-01 1.079330742359161377e-01
8.000000000000000000e+00 1.000000000000000056e-01 5.637745857238769531e-01 1.084814071655273438e-01
9.000000000000000000e+00 1.000000000000000056e-01 5.645251274108886719e-01 1.078141853213310242e-01
1.000000000000000000e+01 1.000000000000000056e-01 5.326198339462280273e-01 1.079330742359161377e-01
1.100000000000000000e+01 1.000000000000000056e-01 5.168148279190063477e-01 1.079186424612998962e-01
1.200000000000000000e+01 1.000000000000000056e-01 5.016779899597167969e-01 1.082605868577957153e-01
1.300000000000000000e+01 1.000000000000000056e-01 4.486883878707885742e-01 1.080812886357307434e-01
1.400000000000000000e+01 1.000000000000000056e-01 3.980734944343566895e-01 1.083454638719558716e-01
1.500000000000000000e+01 1.000000000000000056e-01 3.550346791744232178e-01 1.079046800732612610e-01
1.600000000000000000e+01 1.000000000000000056e-01 2.794217467308044434e-01 1.082088649272918701e-01
1.700000000000000000e+01 1.000000000000000056e-01 2.166156321763992310e-01 1.084438264369964600e-01
1.800000000000000000e+01 1.000000000000000056e-01 1.604169607162475586e-01 1.084741353988647461e-01
1.900000000000000000e+01 1.000000000000000056e-01 1.072741597890853882e-01 8.312587440013885498e-02
2.000000000000000000e+01 1.000000000000000056e-01 1.195028289657784626e-07 1.192645129322045250e-07
1.000000000000000000e+00 2.000000000000000111e-01 5.686482191085815430e-01 1.079330742359161377e-01
2.000000000000000000e+00 2.000000000000000111e-01 5.679991245269775391e-01 1.079330742359161377e-01
3.000000000000000000e+00 2.000000000000000111e-01 5.671610236167907715e-01 1.079330742359161377e-01
4.000000000000000000e+00 2.000000000000000111e-01 5.690343976020812988e-01 1.079330742359161377e-01
5.000000000000000000e+00 2.000000000000000111e-01 5.689895153045654297e-01 1.079330742359161377e-01
6.000000000000000000e+00 2.000000000000000111e-01 5.697719454765319824e-01 1.079330742359161377e-01
7.000000000000000000e+00 2.000000000000000111e-01 5.683263540267944336e-01 1.079330742359161377e-01
8.000000000000000000e+00 2.000000000000000111e-01 5.637745857238769531e-01 1.084814071655273438e-01
9.000000000000000000e+00 2.000000000000000111e-01 5.645251274108886719e-01 1.078141853213310242e-01
1.000000000000000000e+01 2.000000000000000111e-01 5.326198339462280273e-01 1.079330742359161377e-01
1.100000000000000000e+01 2.000000000000000111e-01 5.168148279190063477e-01 1.079186424612998962e-01
1.200000000000000000e+01 2.000000000000000111e-01 5.016779899597167969e-01 1.082605868577957153e-01
1.300000000000000000e+01 2.000000000000000111e-01 4.486883878707885742e-01 1.080812886357307434e-01
1.400000000000000000e+01 2.000000000000000111e-01 3.980734944343566895e-01 1.083454638719558716e-01
1.500000000000000000e+01 2.000000000000000111e-01 3.550346791744232178e-01 1.079046800732612610e-01
1.600000000000000000e+01 2.000000000000000111e-01 2.794217467308044434e-01 1.082088649272918701e-01
1.700000000000000000e+01 2.000000000000000111e-01 2.166156321763992310e-01 1.084438264369964600e-01
1.800000000000000000e+01 2.000000000000000111e-01 1.604169607162475586e-01 1.084741353988647461e-01
1.900000000000000000e+01 2.000000000000000111e-01 1.072741597890853882e-01 8.312587440013885498e-02
2.000000000000000000e+01 2.000000000000000111e-01 1.195028289657784626e-07 1.192645129322045250e-07
