0.000000000000000000e+00 0.000000000000000000e+00 1.000000000000000000e+00 1.000000000000000000e+00
1.000000000000000000e+00 0.000000000000000000e+00 7.636097669601440430e-01 1.353788226842880249e-01
2.000000000000000000e+00 0.000000000000000000e+00 7.651945352554321289e-01 1.353788226842880249e-01
3.000000000000000000e+00 0.000000000000000000e+00 7.648686170578002930e-01 1.353788226842880249e-01
4.000000000000000000e+00 0.000000000000000000e+00 7.636036872863769531e-01 1.353788226842880249e-01
5.000000000000000000e+00 0.000000000000000000e+00 7.619702816009521484e-01 1.353788226842880249e-01
6.000000000000000000e+00 0.000000000000000000e+00 7.616510987281799316e-01 1.351985186338424683e-01
7.000000000000000000e+00 0.000000000000000000e+00 7.624836564064025879e-01 1.348677575588226318e-01
8.000000000000000000e+00 0.000000000000000000e+00 7.666840553283691406e-01 1.349397897720336914e-01
9.000000000000000000e+00 0.000000000000000000e+00 7.610404491424560547e-01 1.355182826519012451e-01
1.000000000000000000e+01 0.000000000000000000e+00 7.575367689132690430e-01 1.353680491447448730e-01
1.100000000000000000e+01 0.000000000000000000e+00 6.615339517593383789e-01 1.352216601371765137e-01
1.200000000000000000e+01 0.000000000000000000e+00 6.058450937271118164e-01 1.347186863422393799e-01
1.300000000000000000e+01 0.000000000000000000e+00 5.530637502670288086e-01 1.354899704456329346e-01
1.400000000000000000e+01 0.000000000000000000e+00 4.984665215015411377e-01 1.354860365390777588e-01
1.500000000000000000e+01 0.000000000000000000e+00 4.687234759330749512e-01 1.352257430553436279e-01
1.600000000000000000e+01 0.000000000000000000e+00 4.061309099197387695e-01 1.353273391723632812e-01
1.700000000000000000e+01 0.000000000000000000e+00 3.398809432983398438e-01 1.105365753173828125e-01
1.800000000000000000e+01 0.000000000000000000e+00 2.518120408058166504e-01 1.262549459934234619e-01
1.900000000000000000e+01 0.000000000000000000e+00 1.800748407840728760e-01 7.585144042968750000e-02
2.000000000000000000e+01 0.000000000000000000e+00 2.389054714058147511e-07 2.384709887337521650e-07
1.000000000000000000e+00 2.500000000000000139e-02 7.636097669601440430e-01 1.353788226842880249e-01
2.000000000000000000e+00 2.500000000000000139e-02 7.651945352554321289e-01 1.353788226842880249e-01
3.000000000000000000e+00 2.500000000000000139e-02 7.648686170578002930e-01 1.353788226842880249e-01
4.000000000000000000e+00 2.500000000000000139e-02 7.636036872863769531e-01 1.353788226842880249e-01
5.000000000000000000e+00 2.500000000000000139e-02 7.619702816009521484e-01 1.353788226842880249e-01
6.000000000000000000e+00 2.500000000000000139e-02 7.616510987281799316e-01 1.351985186338424683e-01
7.000000000000000000e+00 2.500000000000000139e-02 7.624836564064025879e-01 1.348677575588226318e-01
8.000000000000000000e+00 2.500000000000000139e-02 7.666840553283691406e-01 1.349397897720336914e-01
9.000000000000000000e+00 2.500000000000000139e-02 7.610404491424560547e-01 1.355182826519012451e-01
1.000000000000000000e+01 2.500000000000000139e-02 7.575367689132690430e-01 1.353680491447448730e-01
1.100000000000000000e+01 2.500000000000000139e-02 6.615339517593383789e-01 1.352216601371765137e-01
1.200000000000000000e+01 2.500000000000000139e-02 6.058450937271118164e-01 1.347186863422393799e-01
1.300000000000000000e+01 2.500000000000000139e-02 5.530637502670288086e-01 1.354899704456329346e-01
1.400000000000000000e+01 2.500000000000000139e-02 4.984665215015411377e-01 1.354860365390777588e-01
1.500000000000000000e+01 2.500000000000000139e-02 4.687234759330749512e-01 1.352257430553436279e-01
1.600000000000000000e+01 2.500000000000000139e-02 4.061309099197387695e-01 1.353273391723632812e-01
1.700000000000000000e+01 2.500000000000000139e-02 3.398809432983398438e-01 1.105365753173828125e-01
1.800000000000000000e+01 2.500000000000000139e-02 2.518120408058166504e-01 1.262549459934234619e-01
1.900000000000000000e+01 2.500000000000000139e-02 1.800748407840728760e-01 7.585144042968750000e-02
2.000000000000000000e+01 2.500000000000000139e-02 2.389054714058147511e-07 2.384709887337521650e-07
1.000000000000000000e+00 5.000000000000000278e-02 7.636097669601440430e-01 1.353788226842880249e-01
2.000000000000000000e+00 5.000000000000000278e-02 7.651945352554321289e-01 1.353788226842880249e-01
3.000000000000000000e+00 5.000000000000000278e-02 7.648686170578002930e-01 1.353788226842880249e-01
4.000000000000000000e+00 5.000000000000000278e-02 7.636036872863769531e-01 1.353788226842880249e-01
5.000000000000000000e+00 5.000000000000000278e-02 7.619702816009521484e-01 1.353788226842880249e-01
6.000000000000000000e+00 5.000000000000000278e-02 7.616510987281799316e-01 1.351985186338424683e-01
7.000000000000000000e+00 5.000000000000000278e-02 7.624836564064025879e-01 1.348677575588226318e-01
8.000000000000000000e+00 5.000000000000000278e-02 7.666840553283691406e-01 1.349397897720336914e-01
9.000000000000000000e+00 5.000000000000000278e-02 7.610404491424560547e-01 1.355182826519012451e-01
1.000000000000000000e+01 5.000000000000000278e-02 7.575367689132690430e-01 1.353680491447448730e-01
1.100000000000000000e+01 5.000000000000000278e-02 6.615339517593383789e-01 1.352216601371765137e-01
1.200000000000000000e+01 5.000000000000000278e-02 6.058450937271118164e-01 1.347186863422393799e-01
1.300000000000000000e+01 5.000000000000000278e-02 5.530637502670288086e-01 1.354899704456329346e-01
1.400000000000000000e+01 5.000000000000000278e-02 4.984665215015411377e-01 1.354860365390777588e-01
1.500000000000000000e+01 5.000000000000000278e-02 4.687234759330749512e-01 1.352257430553436279e-01
1.600000000000000000e+01 5.000000000000000278e-02 4.061309099197387695e-01 1.353273391723632812e-01
1.700000000000000000e+01 5.000000000000000278e-02 3.398809432983398438e-01 1.105365753173828125e-01
1.800000000000000000e+01 5.000000000000000278e-02 2.518120408058166504e-01 1.262549459934234619e-01
1.900000000000000000e+01 5.000000000000000278e-02 1.800748407840728760e-01 7.585144042968750000e-02
2.000000000000000000e+01 5.000000000000000278e-02 2.389054714058147511e-07 2.384709887337521650e-07
1.000000000000000000e+00 1.000000000000000056e-01 7.636097669601440430e-01 1.353788226842880249e-01
2.000000000000000000e+00 1.000000000000000056e-01 7.651945352554321289e-01 1.353788226842880249e-01
3.000000000000000000e+00 1.000000000000000056e-01 7.648686170578002930e-01 1.353788226842880249e-01
4.000000000000000000e+00 1.000000000000000056e-01 7.636036872863769531e-01 1.353788226842880249e-01
5.000000000000000000e+00 1.000000000000000056e-01 7.619702816009521484e-01 1.353788226842880249e-01
6.000000000000000000e+00 1.000000000000000056e-01 7.616510987281799316e-01 1.351985186338424683e-01
7.000000000000000000e+00 1.000000000000000056e-01 7.624836564064025879e-01 1.348677575588226318e-01
8.000000000000000000e+00 1.000000000000000056e-01 7.666840553283691406e-01 1.349397897720336914e-01
9.000000000000000000e+00 1.000000000000000056e-01 7.610404491424560547e-01 1.355182826519012451e-01
1.000000000000000000e+01 1.000000000000000056e-01 7.575367689132690430e-01 1.353680491447448730e-01
1.100000000000000000e+01 1.000000000000000056e-01 6.615339517593383789e-01 1.352216601371765137e-01
1.200000000000000000e+01 1.000000000000000056e-01 6.058450937271118164e-01 1.347186863422393799e-01
1.300000000000000000e+01 1.000000000000000056e-01 5.530637502670288086e-01 1.354899704456329346e-01
1.400000000000000000e+01 1.000000000000000056e-01 4.984665215015411377e-01 1.354860365390777588e-01
1.500000000000000000e+01 1.000000000000000056e-01 4.687234759330749512e-01 1.352257430553436279e-01
1.600000000000000000e+01 1.000000000000000056e-01 4.061309099197387695e-01 1.353273391723632812e-01
1.700000000000000000e+01 1.000000000000000056e-01 3.398809432983398438e-01 1.105365753173828125e-01
1.800000000000000000e+01 1.000000000000000056e-01 2.518120408058166504e-01 1.262549459934234619e-01
1.900000000000000000e+01 1.000000000000000056e-01 1.800748407840728760e-01 7.585144042968750000e-02
2.000000000000000000e+01 1.000000000000000056e-01 2.389054714058147511e-07 2.384709887337521650e-07
1.000000000000000000e+00 2.000000000000000111e-01 7.636097669601440430e-01 1.353788226842880249e-01
2.000000000000000000e+00 2.000000000000000111e-01 7.651945352554321289e-01 1.353788226842880249e-01
3.000000000000000000e+00 2.000000000000000111e-01 7.648686170578002930e-01 1.353788226842880249e-01
4.000000000000000000e+00 2.000000000000000111e-01 7.636036872863769531e-01 1.353788226842880249e-01
5.000000000000000000e+00 2.000000000000000111e-01 7.619702816009521484e-01 1.353788226842880249e-01
6.000000000000000000e+00 2.000000000000000111e-01 7.616510987281799316e-01 1.351985186338424683e-01
7.000000000000000000e+00 2.000000000000000111e-01 7.624836564064025879e-01 1.348677575588226318e-01
8.000000000000000000e+00 2.000000000000000111e-01 7.666840553283691406e-01 1.349397897720336914e-01
9.000000000000000000e+00 2.000000000000000111e-01 7.610404491424560547e-01 1.355182826519012451e-01
1.000000000000000000e+01 2.000000000000000111e-01 7.575367689132690430e-01 1.353680491447448730e-01
1.100000000000000000e+01 2.000000000000000111e-01 6.615339517593383789e-01 1.352216601371765137e-01
1.200000000000000000e+01 2.000000000000000111e-01 6.058450937271118164e-01 1.347186863422393799e-01
1.300000000000000000e+01 2.000000000000000111e-01 5.530637502670288086e-01 1.354899704456329346e-01
1.400000000000000000e+01 2.000000000000000111e-01 4.984665215015411377e-01 1.354860365390777588e-01
1.500000000000000000e+01 2.000000000000000111e-01 4.687234759330749512e-01 1.352257430553436279e-01
1.600000000000000000e+01 2.000000000000000111e-01 4.061309099197387695e-01 1.353273391723632812e-01
1.700000000000000000e+01 2.000000000000000111e-01 3.398809432983398438e-01 1.105365753173828125e-01
1.800000000000000000e+01 2.000000000000000111e-01 2.518120408058166504e-01 1.262549459934234619e-01
1.900000000000000000e+01 2.000000000000000111e-01 1.800748407840728760e-01 7.585144042968750000e-02
2.000000000000000000e+01 2.000000000000000111e-01 2.389054714058147511e-07 2.384709887337521650e-07
