-3.818703942301350795e-01 4.087759097297333888e+00 8.592491270573797413e-02
-3.783085965297669162e+00 1.748747661212672222e+00 -8.846553147905970027e-01
-1.673862195435946054e+00 -1.287337670611734319e+00 -1.107968814387719325e+00
1.350439288844899943e+00 3.592477966791821409e+00 1.644643114665919059e-01
-4.634793946779318663e-01 2.127264315957654084e+00 8.291210152662515931e-01
-1.292528192039607893e+00 3.066923375303149957e+00 1.205909391542462128e+00
-2.580301439695262822e+00 1.844571908255267401e+00 -1.417984011137749967e+00
1.921970088998593784e+00 -2.849950081408325175e+00 5.519127448730249963e-01
-4.318571905724211568e+00 6.338965865945021816e-02 -7.141567963478405723e-01
3.029965212398988861e+00 -9.958917690495058261e-01 -1.427015412183603726e-01
-1.995529966197807870e+00 -1.574615389744631333e+00 -1.341030943912999485e+00
3.240860163723498222e-02 -3.612214914697857715e+00 -8.601870921895549138e-01
3.021366870905373148e+00 1.188385451693183131e-01 -1.753218649745184876e-02
-4.124896545450814855e+00 9.021278436583549665e-01 8.542702183646397884e-01
2.289307891384393834e+00 -1.386060488654929035e+00 -2.404188866795996249e-01
-1.948007170699225465e+00 3.559448799570586353e+00 -7.392573949559342328e-01
-1.655869757083053617e+00 -1.773559959298569133e+00 -1.250490806049016301e+00
8.777628628025980762e-01 -2.002707052668578847e+00 1.086682601235040568e-01
-2.893363627247979686e+00 -2.640603326172906162e-01 1.495457301833457375e+00
4.827276743419753324e-01 -3.539407487825009468e+00 -8.034853865981931298e-01
-1.230071444464535313e+00 -1.310537499862640232e+00 6.697952151390061948e-01
-1.801823132578134201e+00 2.213261549582771215e-01 9.155592538147120374e-01
2.678711957117366538e+00 8.994105608560371001e-01 1.676951092897527029e-01
-1.308057356564562568e+00 -3.613859966061055307e+00 -8.925950910230464608e-01
-2.541114563391010606e+00 2.625570607205574447e+00 -1.216478560545793064e+00
-1.503573822827051210e+00 -3.279749155760987994e-02 1.072914555723165353e-01
-7.129921998997182930e-01 2.152293582281414874e+00 -9.705404078127716216e-01
2.811267381755653716e+00 1.078437715637636574e+00 2.729692712724707815e-01
-4.375006886246462834e+00 2.518082095369576501e-01 -5.809761060734831561e-01
-2.892066330157571308e+00 -3.094402453220371996e+00 6.055860553526083434e-01
2.981665176654515470e+00 8.705586234672609003e-02 1.371203794671602486e-02
-1.565884970756506789e+00 7.876408573912964395e-02 -4.444860193155144579e-01
-5.185943308889459091e-01 -3.248191264599827655e+00 -1.103927383080989477e+00
-1.015338273439937877e+00 1.433721509213031764e+00 4.792899012410796189e-01
-3.833057064648195400e+00 -9.730233599847482040e-01 -1.141970320332211131e+00
6.629422885532546550e-01 -2.191252164034895422e+00 -5.423905613893627020e-01
1.973133556387914878e+00 2.433580283766800800e+00 -6.315041400831190588e-01
2.621749159508999227e+00 1.429693714302152197e+00 3.703003471599702889e-01
1.826675395311421424e+00 1.710606431292274854e+00 2.375282700490871646e-01
-2.694288126664488026e+00 3.296944814686816994e+00 -5.047495609087961910e-01
-3.829859453178015460e+00 -2.110142016788061903e-01 1.244971881623973653e+00
-1.931919882629460572e+00 -3.042166521003175195e+00 -1.167719096928845346e+00
1.281514532001503670e-01 1.973828162957732557e+00 8.715275946862166556e-02
2.976694393141999573e+00 1.883076240700556903e-01 4.408098356747067875e-02
-1.822980331091095252e+00 -7.471859686766955111e-01 1.051376447411331849e+00
-1.524746492876287940e+00 -3.922084486167649597e+00 2.706914925051612797e-01
-2.282109967169451359e+00 -3.114661095717809136e+00 -1.023808234147831397e+00
7.840178010148464161e-01 3.324468201016353319e+00 -8.330630885037573208e-01
2.765603773825119127e+00 -1.092867438068960029e+00 2.793505374924449836e-01
-4.123484763113665075e+00 7.585041109640515700e-01 -8.994345625688262569e-01
2.575755085358991892e+00 -1.446488204785268961e+00 3.768112804868814503e-01
1.771470076497538404e+00 1.684827509763124898e+00 -3.879382658671420153e-02
-4.033454940662059229e+00 -1.124774293859101437e+00 -8.937903101217459234e-01
-1.154324735910317923e+00 1.966813405352692445e+00 1.084803938783857058e+00
2.252346658294741011e-01 3.375892612072947330e+00 -9.503231837717769359e-01
2.070970274066060046e+00 1.800064108750851988e+00 -4.586266415095774929e-01
2.149050264010536448e+00 1.509906119267251157e+00 -2.548451687764872187e-01
-1.110130082264457752e+00 -1.783048281416882430e+00 -9.541007453899229551e-01
3.085429681257961132e+00 6.108970157204007823e-01 -1.742539564563638788e-02
-3.303666622412137599e+00 2.761571877735913727e+00 5.318500562793221365e-01
2.865118914473268052e+00 -1.829166684826223133e+00 -1.318481737706834744e-01
-5.168148699508061661e-01 -1.986767794284238775e+00 -7.149793924380284382e-01
-9.065564763004430038e-01 1.470524645029499977e+00 3.100652592766668381e-01
-1.453995129844190215e+00 -1.752165711976439999e+00 1.149135917444590982e+00
-2.051612042399090008e+00 -1.959813532110230128e+00 -1.382750350550059570e+00
-2.923126861272997701e+00 1.472793459574027519e+00 1.433543730440462571e+00
-4.972800252989974523e-01 -3.138912313456748038e+00 -1.126644151954785844e+00
-1.968385786975705543e+00 -1.943484985851997304e-01 1.095437957680494234e+00
2.586738666710651557e+00 -9.234640429086941049e-01 -3.603165934834578338e-02
-3.306615153794520423e-01 4.077022837128503774e+00 -1.641630462510028088e-01
2.959791808543096536e+00 -1.597474808047726791e+00 5.432486732628222237e-02
2.382528667849231230e+00 -1.964022559105973897e+00 4.992354091277475536e-01
-1.838567193273637157e+00 2.194999202921809722e+00 -1.352291282698242503e+00
-1.791602936615295238e+00 3.448958420485882304e+00 9.260963737776463089e-01
2.128167785827209002e+00 -2.215543038238537932e+00 -5.834958469306499307e-01
2.189198581233761098e-01 2.837745379593784367e+00 -1.007376171089413797e+00
2.874877627071100505e+00 -3.846152986187807432e-01 5.720682766698216570e-03
1.869283385418500920e+00 2.755756398627034365e+00 -6.201771373669030529e-01
-4.167701705090146369e+00 1.466090455441853457e+00 -4.187942998532481753e-01
-1.471557885660726539e+00 1.629689438997859341e+00 -1.110024630687096892e+00
-2.625807677433969811e+00 1.396539715632805434e+00 1.455192780077926296e+00
6.691556151842089628e-01 3.816754041871964542e+00 4.063958765913984750e-01
2.761454660794249616e+00 -1.163087381741827908e+00 2.969795826190131383e-01
9.198841562358289758e-01 2.309472459012801515e+00 -6.666646426244776658e-01
-1.449176836992783768e+00 1.576815073949550783e+00 1.072108511352901639e+00
2.955181281102094992e+00 -1.542741183117653181e+00 1.280738406690273556e-01
-6.281097118906564525e-01 -4.084844802693306853e+00 -1.123380954454716307e-01
4.370759724885220354e-01 -3.351431056215111948e+00 9.139248693241669441e-01
2.997878841877941625e+00 2.833273317961919058e-01 -6.974638463096084762e-02
-2.675783071560982052e+00 -1.153073794383048911e+00 1.466526109386134813e+00
-2.098906093515659210e-01 4.081851657209924156e+00 -2.590795657685223893e-02
-1.177062102487626660e+00 1.154494486296942846e+00 3.197573567115347681e-01
1.549321129711371814e-01 -2.064324257893577208e+00 4.196963330667528025e-01
2.986202521473051430e+00 9.219632463919090470e-02 1.956189059590319676e-02
2.066912334813768126e+00 2.567791332333060783e+00 5.760045870303166504e-01
2.516949467599504331e+00 1.152942389701687720e+00 -2.204196183884676585e-01
1.029942263654927803e+00 2.565857078838191807e+00 8.066153894488520271e-01
-1.781381146142219762e+00 2.955429983836125984e+00 1.225785808726000736e+00
-7.405488595696688714e-01 -2.482213470349030171e+00 -1.130838060202431494e+00
2.800882681288299203e-01 3.734308188658328476e+00 6.972328949831066991e-01
-4.050988948436778259e+00 1.349885694176873985e+00 7.612242986647753673e-01
-3.266296945241405902e-01 -2.096807581836007905e+00 7.262519142991563648e-01
2.821264820487837000e+00 5.116264958327995105e-01 -2.097804154500500923e-02
-3.429740278671514098e+00 -2.309198702632103917e+00 8.779030264778584502e-01
2.815920482660383861e+00 1.217467581660991671e+00 2.962740179297406740e-01
1.755738763148817494e+00 -1.738083957524426681e+00 -2.125195299601036758e-01
-7.826127396467723318e-02 -2.857879971031860311e+00 1.065786638537513209e+00
2.701920085439203589e+00 2.097473931349124854e+00 2.439764737965471608e-01
-1.441683881473998285e+00 -1.423701532047330742e+00 9.885005488036361365e-01
-3.314900606672385841e+00 -1.602229239765146529e+00 1.293455909756187516e+00
2.240920387073231268e+00 1.402062651970392482e+00 2.100354957352933427e-01
-2.113572124205010117e-01 -1.981634659951818422e+00 4.795948966566523919e-01
5.927799094186778300e-07 -2.302098049463342289e+00 -7.987068158935338724e-01
-3.293550294995621353e-01 -3.910496684150130964e+00 -6.041598103042222778e-01
1.295023377439068479e+00 1.980030665492107822e+00 -3.273617569770244651e-01
2.875098759298265083e+00 -4.007941836181410089e-01 -3.668547416797217353e-02
8.998465162099112957e-01 -3.791300876002666076e+00 2.475232175189213957e-01
4.623798267407744911e-01 2.042983548313138886e+00 -2.387752965252826209e-01
-9.337248134865387961e-01 -1.979251178844227521e+00 -9.728144134997407377e-01
2.953085160130907827e+00 1.424533085362324369e+00 1.845195963359732017e-01
-1.950337189035356911e+00 2.346403639920333628e+00 1.357020357576816494e+00
-3.926939790360459703e-01 -3.268877345330070128e+00 -1.083372775955806278e+00
1.986865971075199688e+00 -2.862779527321027029e+00 -4.986235126119848426e-01
1.460358356135007529e+00 2.678928941725379875e+00 7.641514131985120972e-01
2.469357819730925385e+00 1.394747104835886820e+00 -3.443306777638578953e-01
4.318634153666679465e-01 -2.092075005267836740e+00 3.890836810486960062e-01
3.013227947757476599e+00 5.845336086975549961e-01 1.255870028671172423e-01
6.704862309475754234e-01 -2.044298636392788637e+00 -2.331335498935960815e-01
2.233186033777736945e+00 2.727411694264364694e+00 -3.696263696329522008e-01
-2.014405274366112053e+00 9.537305470795755247e-02 1.132160373156534616e+00
1.754857147483858792e+00 1.796689573060335166e+00 -3.166923521954470577e-01
2.711388523919318061e-01 -2.644445618345759641e+00 -9.452519367013813012e-01
1.039378804004380097e+00 3.548373571024180162e+00 -5.677109779678504164e-01
-1.343456414479068162e+00 7.835348387360305811e-01 -9.744113221243583256e-02
1.409258373410379406e+00 3.319696916097141681e+00 -5.635828357891855545e-01
-2.911703473852631063e+00 -3.195030711996011075e+00 3.648055216480328156e-01
-3.443371370671113763e+00 1.713667059939245396e+00 -1.189986165730270162e+00
1.451499386985337647e+00 -3.450957734612501770e+00 -3.682458635202933150e-01
1.107608568971681917e+00 -2.882787778584044780e+00 8.448242851164676770e-01
-3.534991876076169603e+00 -7.728421402458460765e-01 -1.357023942620716239e+00
1.742360173499232778e-01 -2.372022818318691328e+00 -8.100714372502908489e-01
2.583110472176126216e+00 1.490574880791756263e+00 3.876608552461253687e-01
1.947760554357498730e+00 -2.358519000052165193e+00 -6.365340410156841155e-01
3.013883420977370609e+00 -9.657911961147884472e-02 -1.841381560224686700e-02
2.539179536571565698e+00 -2.203489490439164200e+00 -3.798779123626954135e-01
-1.764626641497788695e+00 -3.735833424604987574e+00 -5.700046935497535827e-01
-1.024049823995379027e+00 -1.994206358170722115e+00 1.031500443526123245e+00
1.374365313279776735e-02 -1.962246959522639944e+00 2.007216198651392558e-01
3.018494495545501977e+00 -8.985262625345959153e-02 -1.023758399546910274e-02
3.015141996472394226e+00 -1.257852668080347902e+00 -1.242555403925491159e-01
2.628914783094038476e+00 -1.059215340257641191e+00 2.324867899926697790e-01
-8.429846386577824480e-02 -1.927513186277648005e+00 -1.669576037050889139e-01
-1.760553875825853487e-01 3.484689277966155796e+00 -9.708313788463276417e-01
-2.291716210251487862e+00 1.511149530399085450e-01 -1.323979416557590882e+00
8.813399712524008223e-01 -2.237261369547648204e+00 5.984649629944078786e-01
-2.089484417823012641e-01 2.010520566651109231e+00 -5.324797177725085762e-01
-1.554992264234774657e+00 -1.823563365691810212e+00 1.220978009175228030e+00
-3.237790621786962308e+00 4.155259021634701289e-01 1.473421188903791812e+00
8.223482612914843060e-01 -3.016176025228886726e+00 -9.017374979828058912e-01
7.376050530171233133e-01 3.784191456459519376e+00 4.219556122526004205e-01
2.674749758732692051e+00 8.751610495598902695e-01 1.459030834331964677e-01
2.035635778959204778e+00 -1.716791441456859246e+00 -3.890925105701465436e-01
2.861519809319859498e+00 -1.516982998867204113e+00 -2.720861380853427103e-01
-3.618906792608237222e+00 -1.452197255136887355e+00 1.166252256222326977e+00
-1.748228718371534818e+00 -3.082708081442118164e+00 -1.176483521348440808e+00
2.869647050454302573e+00 1.433673123612732692e+00 2.746034055778494576e-01
-5.410089924195151667e-01 4.067271748688855659e+00 2.377321813759599167e-01
1.804713469993003194e+00 1.666659028944200704e+00 -5.663192179290886530e-02
2.692030074042205179e+00 7.946488581021514674e-01 9.340919492956845094e-02
-2.541470241362728366e+00 -2.611936690172131037e+00 -1.222439334749955142e+00
-1.125471876484881006e+00 -1.683934633553762827e+00 -8.946088254769154480e-01
1.068060856984408558e+00 -1.965689114555658312e+00 -7.682359027879774593e-02
2.551748987455793385e-02 3.656401051212158748e+00 8.283536321509946676e-01
-2.821198917145249396e+00 -2.732903670799047280e+00 1.035447965131040649e+00
4.542942207493171902e-01 -2.114440645674630304e+00 4.331289085093336655e-01
2.650187730056158042e+00 -2.209021194526757270e+00 2.413211322460436514e-01
-4.369188331161795169e+00 6.704375532447606201e-01 4.686739516303172759e-01
-9.802812628647068482e-01 2.012306408331922203e+00 -1.018633998470252600e+00
-2.142934587839955718e+00 3.718713082126791303e+00 -1.323532516406411008e-01
-2.833985947179770370e+00 -2.102523896634143963e+00 -1.322469149338469707e+00
2.130458424655392147e+00 -2.438633898999608807e+00 5.728113361415837490e-01
1.527486194847709422e+00 -1.937916203019822481e+00 -3.808802974383092010e-01
-2.422500732204079910e+00 -1.283138066611779204e-01 -1.385218558210178141e+00
1.628865482549464172e-01 -2.170573802432829602e+00 6.024553475786410539e-01
-1.237563098538155382e+00 -1.147592659783981617e+00 -4.774301831004666985e-01
-3.642647783388520022e+00 -5.233111608250577973e-01 1.332705876953432345e+00
1.711117355576414090e+00 -1.720995751504549309e+00 -5.772187265772869141e-02
2.961439037053299472e+00 7.174929909098598513e-01 1.714998955899757205e-01
2.962066302934393214e+00 1.676924060916679671e-01 2.639899923181169769e-02
2.183297690712362460e+00 -1.625726140966382571e+00 -3.813673673976077927e-01
-1.336985494091925908e+00 3.880892329740659008e+00 5.205684124373535226e-01
3.006996137118247869e+00 -1.276927621304319249e+00 1.351587395583963847e-01
-1.463617273990311107e-01 2.482978374142248423e+00 -9.634968332945098579e-01
2.278688801253203611e+00 1.811482490668672840e+00 4.862538364970238058e-01
2.965597573557152256e+00 6.232524056499371135e-01 1.520769509770664718e-01
-1.707380182816464531e+00 3.481050113500336884e-01 8.037594405728455405e-01
-2.608589028322196857e+00 -1.190291936149026064e+00 1.459754146268356534e+00
-1.214076908012836631e+00 2.019533217079919840e+00 1.135949010257714109e+00
1.439748098850056834e+00 -3.352206998185969677e+00 5.106177905328437294e-01
-1.486844524374094201e+00 3.051241557130726090e+00 1.209293922712059599e+00
-2.362214338819404347e+00 3.536314612216707953e+00 4.249708518541836511e-01
-1.930713524581769036e+00 -3.103066884424527938e+00 -1.136097015899375950e+00
2.723065480135075322e+00 1.206650671216912940e+00 -3.098272985664039525e-01
-3.851568195955486829e+00 1.256117024148174943e+00 1.043785107999369854e+00
1.384044757598516806e-01 -2.419373972332802047e+00 -8.533455903860635017e-01
7.472903115728140033e-01 3.525755692425192489e+00 7.258257111588550803e-01
-7.544104433227406814e-02 3.296579526284604711e+00 1.030663069883147820e+00
2.872827616061887301e+00 -4.007137391928474179e-01 -3.023666431457184417e-02
2.978620696920094790e+00 1.617744900904862504e-01 3.697228567196526178e-02
1.016256175756673485e+00 2.417506184198659813e+00 7.392368200964569702e-01
1.363412586301699703e+00 -3.597766625795554063e+00 -9.041908592134303979e-02
-3.109817508844386347e-01 -3.476811786370529234e+00 -9.921927417217529799e-01
2.998828077111301837e+00 9.067162452481047560e-03 -1.949579064664817233e-03
4.328643762161143993e-01 -2.216567378936235677e+00 5.995517975325659332e-01
1.512947643822973642e+00 -3.039452593877670861e+00 6.837477949998553850e-01
-1.641843104928018882e+00 -3.042516256965346888e-02 -6.371674303639519588e-01
1.633132047433839773e+00 1.778425710890330080e+00 1.459097619783391309e-01
-1.661633839190854944e+00 -2.345459966902302185e+00 -1.326485980685857324e+00
-2.444863702647979586e+00 -5.842288403494465543e-01 1.408085288080781039e+00
1.630243945556198559e+00 -1.992785109863617343e+00 4.814066132704254986e-01
-1.591306358064008553e+00 -8.158796075425468475e-01 -8.110509904552709592e-01
1.702371486927670485e+00 -3.176411057536101978e+00 -4.784914066948289246e-01
2.990145499943417939e-01 -3.978316000378759654e+00 -2.479869601191017070e-01
1.347068734437760762e+00 -2.147723814448090796e+00 -5.578649171371030668e-01
-2.936659054664513935e+00 8.525931010909909569e-01 1.483924933282224634e+00
2.896223084209808896e+00 -3.349408607983793695e-01 -1.768121793769596856e-02
-2.174694005356825055e-01 -1.878087553138787724e+00 -1.539960677833613067e-01
-8.350626602464409354e-01 4.073507120498311984e+00 -9.722339495031205592e-02
3.048130545676592362e+00 -9.345986311659709722e-01 -1.183488830029007371e-01
2.996045013700661119e+00 -1.575595409889340992e-02 -4.902757876922927711e-04
2.720523155732644138e+00 -7.578800975595019196e-01 1.016423528980558988e-01
1.833940240982456116e+00 2.464187436765784334e+00 6.694678352143403899e-01
2.986165868725523698e+00 -1.636680635725719368e-01 -3.998109437689319201e-02
-3.470324800463736370e+00 -2.732995514517961411e+00 1.122725077684087226e-02
2.873358630256935609e+00 -7.629997120460950688e-01 1.922230237983779955e-01
-4.299317721600907916e-02 3.522592359776552495e+00 -9.302432633279851260e-01
2.709032534013233740e+00 8.598038407029828800e-01 1.667688519114887136e-01
1.304207227404802660e+00 2.655215505864080949e+00 7.920049635895340945e-01
2.199317673607850576e+00 -1.438220409151929724e+00 2.119831283355855522e-01
2.945089598742029580e+00 -1.976400584120871773e-01 1.389794972950601434e-02
-9.391352027524825230e-01 2.166363697304286795e+00 1.079051165049402794e+00
1.886960439990616356e+00 -2.226455354000971720e+00 6.252943857392943006e-01
2.983961082421559663e+00 1.339871402670608780e-01 -3.102542729210983063e-02
-3.639013005721907223e+00 1.947123109976989230e-01 1.354021983437384558e+00
2.178675663894108272e+00 2.844103926364305757e+00 -3.183740885585329417e-01
3.000550700732389942e+00 -1.355154842055250830e+00 -1.192985981843121407e-01
7.384595540738733144e-01 -2.138093485856907616e+00 4.616592678994675403e-01
2.255627159698541107e+00 -1.884235233024780021e+00 5.078349098908611081e-01
2.803036808689065129e+00 1.843674496983803479e+00 -2.430050524973449422e-01
-2.370954856813039857e+00 -3.199416169250553388e+00 9.111286476323442463e-01
1.662131783757824666e+00 2.763340180096580667e+00 7.033070774106039424e-01
-3.333075516224575097e+00 -1.989749822606241558e+00 1.146022768164595140e+00
2.339587597673525643e+00 -1.525767121622554789e+00 -3.740159983317319359e-01
-2.834404409507920164e+00 1.951305754662879588e+00 -1.362731765900717873e+00
-3.549162468065101828e-01 3.239353894104235465e+00 1.086545143093292420e+00
-2.068111837145490406e-01 -4.033023072482897042e+00 3.232657439626682172e-01
-2.757906072129383102e+00 2.117202803883119433e+00 -1.337896687328745005e+00
1.178279014078656983e+00 2.268695522276787724e+00 6.400947429463486049e-01
3.816801062585427617e-01 -3.797512299192619345e+00 5.878658679629584771e-01
2.412305441579174925e+00 2.121473672215112849e+00 -4.848451201523969467e-01
2.668497928237003602e+00 1.547542790582403738e+00 3.802966088049664073e-01
-3.396792734277175096e+00 -1.077349318914404108e+00 -1.371046301362837339e+00
-3.205115238566738967e+00 -2.244568396429385437e+00 1.101408644520971869e+00
2.102429114470712790e+00 1.669668308841873561e+00 3.803293315739580960e-01
-2.549820768384276626e+00 1.823252030301409254e+00 -1.421969269739485231e+00
-1.501791979064801108e+00 3.074849260385997818e-01 -2.736624908144047463e-01
-1.254978608995374056e+00 -2.732013746230410600e+00 1.262759714684266843e+00
2.041018675981260966e+00 -1.660695528102433149e+00 3.412001395854472041e-01
1.796529148313553925e+00 1.673117762630183636e+00 -6.829761323407892992e-02
3.173408870715117014e-01 2.332177340805463572e+00 7.453684656814861809e-01
-2.776013928653185747e+00 1.397111054281976017e+00 1.455436924895846973e+00
2.978713157885384710e+00 -8.043202560794428246e-02 -1.349927591821823867e-03
1.958881747977244014e+00 -1.569212969038270344e+00 -8.243272295723881593e-02
8.355930127853353762e-01 -2.460668980490272606e+00 -7.760144709070868618e-01
-1.535637743960054813e+00 7.012978958843322230e-01 -6.538382616452169671e-01
-2.059150176267955157e+00 6.347173509989054163e-02 -1.168805753102824641e+00
-1.286672945504271581e+00 1.085095899058180935e+00 5.008829949995600161e-01
-3.027649003682177486e+00 -2.545340034882792590e+00 -1.035991360050084520e+00
-2.740544525367326401e+00 -1.547382935308166729e+00 1.443245726243927773e+00
2.121703331578935980e+00 3.010668273586616817e+00 -1.010805835375979678e-01
-7.622478528958787081e-01 -3.513900063008837726e+00 1.004352425483395983e+00
-1.491039526258339132e+00 -1.288365282021752600e+00 9.573316475370156065e-01
2.177930635332606002e+00 2.209887793353553676e+00 -5.698809864585366869e-01
2.396829205778959082e+00 -2.525250346230944132e+00 -3.443334084167642417e-01
-3.679812634457289455e+00 -1.556839539480305845e+00 -1.081610574112314094e+00
-1.269639338355721403e+00 -9.653787185667156434e-01 -2.154734532105671008e-01
7.981143006003710294e-01 3.769467899710330361e+00 4.053401442942241029e-01
5.375680278594496819e-01 3.650621780540185046e+00 6.964352153041075688e-01
-1.250744835668130772e+00 2.827338793386458882e+00 1.253686745182292839e+00
1.984035145070128570e+00 -3.105563349182775656e+00 -2.231329251673702108e-01
2.045989817633435126e-01 -2.586032182765103382e+00 9.335558830574438582e-01
3.005693473277292860e+00 -5.933128576160695555e-01 -1.313042298233643712e-01
1.781395505975556792e-01 -2.417467495865569305e+00 -8.429554996957424606e-01
1.497600466982400569e+00 -3.027085379193141801e+00 -6.955528046529154684e-01
2.636401345531128371e+00 -1.137711047265478781e+00 -2.748450945642407772e-01
-4.144638684305381737e+00 1.466351899271635784e+00 4.854722493112521020e-01
2.506174955938979210e+00 -2.479305818741745604e+00 -2.219677847908450574e-01
-2.041674576901747251e+00 3.515017438700474006e-01 -1.171311033324024198e+00
-5.033476781440986147e-02 -3.643175012697807080e+00 -8.523029030899319514e-01
1.779969494058794677e+00 -2.073694152039540217e+00 5.664770733238726486e-01
