1.063985244630165639e+00 2.015271942074074119e+00
-1.564203065262126824e+00 -1.558324750018016625e+00
2.276248498285105448e+00 8.591106818701403913e-01
-4.511163414570575902e-01 2.484232928969845489e+00
-2.397480964272871162e+00 7.938534589433445809e-01
5.311064515845543843e-01 -1.955348990979744128e+00
2.710904880568842327e-03 2.620081141112226675e+00
-1.635647957860681290e+00 1.550389138376139897e+00
-1.124823647934633852e+00 2.543797117461403801e+00
1.911580484664862301e+00 -1.983431237974232708e+00
-2.752042319798389425e+00 3.882474232998781583e-01
-1.235769947779764566e+00 1.838291678675198826e+00
2.079694928081347871e-01 1.754400558617868366e+00
-1.488024982017015052e+00 -7.003876768184810198e-01
2.096466555724726621e+00 1.039456729512353794e+00
1.957309884504274899e+00 1.345880383216621345e-01
5.289284360403520013e-01 1.501334665034887550e+00
-7.063211149939175870e-01 1.847835440035796806e+00
1.209289992558022275e+00 -9.157668780006894549e-01
-2.094311770467255585e+00 1.843904010540196703e+00
-6.648072124415264073e-01 -1.414592701581635970e+00
1.848957149011453804e+00 -6.522112281658766220e-01
2.452594959278079578e+00 -1.621112027124457899e+00
2.681014626652364008e+00 -1.010495996597675861e+00
-2.425384352042999403e+00 -3.930285891351903982e-01
1.151776065381258984e+00 -2.003016809190268699e+00
7.887134859506758078e-01 2.323046819402641017e+00
1.369805196464207064e+00 2.196349956809794612e+00
-5.742388379781234731e-01 -1.805299635766007826e+00
2.782110636517127755e+00 7.691246463337919614e-01
3.718046662832981131e-01 2.638468663083031629e+00
-1.550790564786654890e+00 1.790846165322833583e+00
2.158638658473312599e+00 -6.368426240622784840e-02
1.570212327192141988e+00 2.460719333385235519e+00
7.012894033567481644e-01 2.888278892854535762e+00
2.021900256990782463e+00 1.950415788185465349e+00
-1.164910097961184970e-01 1.831479674308324146e+00
-2.059439370327664331e+00 1.519143914767820291e+00
1.771219106068940841e+00 -1.506830276591624163e-01
1.826421077498217027e+00 -1.803664297204889133e-01
1.653657265621195860e+00 -4.516085663592748212e-01
-1.619738863192385248e+00 5.561801069786157514e-01
-1.037697129800680740e+00 2.422207492454217626e+00
1.623748523521944209e+00 2.392802100593218739e+00
1.811106843524121546e+00 -2.046206572511594768e+00
2.030403280073028505e+00 -1.295920616188590113e+00
-1.835428332971784648e-01 -2.481880097493164961e+00
-1.945870328252526482e+00 1.093004988681274714e+00
-2.167569857775594411e+00 -2.048093463817680371e-01
-1.257353139574759249e+00 1.205880424547928875e+00
-2.406330754362845159e+00 6.415144431550611204e-01
-2.005534220026356174e+00 1.889013745262569710e+00
-1.264420345048336447e+00 1.751415953028244710e+00
2.301959347500144304e+00 4.812696209619266585e-01
-5.091215111209727168e-02 2.837448421659340081e+00
-1.678223273316178599e+00 3.929437224464923384e-01
2.659252706954517986e+00 1.060575916697493737e+00
2.542224600484408015e+00 -5.275277397998642259e-01
-1.566870037286757222e+00 2.024151943857448899e+00
4.110005328062290575e-01 -1.790747900649938940e+00
1.572878498627364507e+00 -6.113136676035073602e-01
-8.636197588344657339e-01 1.590017036334051781e+00
-1.652017796363711488e+00 -1.761818415707484542e+00
-1.629440264665115823e+00 -1.622610682241607330e-02
-1.524444298555971633e+00 -8.036222308099308931e-01
1.643755058162725158e+00 -2.059919894270259455e+00
-4.805374972745095619e-01 1.475982396472810487e+00
-2.037362482868374958e+00 3.143881500142658991e-01
1.892924251908864486e+00 1.556837839325045936e-01
-2.051362700938903494e+00 2.066813433693435620e+00
-1.826025781915229462e+00 1.110250909010572495e-01
1.680951260093344057e+00 5.372405106682068970e-02
-1.328163785677161091e+00 -1.059020837173817675e+00
1.348328171590805757e+00 2.337063951131057138e+00
-1.468490527370527099e+00 -3.979852515641398858e-01
4.915852926836585257e-01 -2.859501043363959383e+00
-1.794856245992477728e+00 1.438944145965749932e+00
-2.195373326645064349e+00 7.902086853936938216e-01
-1.348654667322000344e+00 -7.498847684934621949e-01
2.649675340241145260e+00 3.549155007392147954e-01
-2.374030662496967814e+00 5.383177693796780128e-01
5.897421954513052400e-01 2.060881188231921790e+00
-2.258265199943130241e+00 -1.666689067437073346e+00
-2.280689446872824266e+00 -5.754320874126293145e-02
3.963800710448693865e-01 1.818158585628275592e+00
6.148500500387430456e-01 -1.400493913079254416e+00
1.257694445937105332e+00 1.335249875514184170e+00
1.950482888084888122e+00 -2.043462776712607898e+00
8.916713001670125704e-01 1.986769246577490433e+00
-7.616194880685479562e-01 -2.507208255785238205e+00
1.783065825922118597e+00 7.676879265904904548e-01
-6.942750928205688732e-01 -2.044735799549129762e+00
2.185645512925634915e+00 -6.095729822364931438e-01
1.720596637572916476e+00 1.374014466961571979e-01
1.348633973466670799e+00 -1.895581763773741546e+00
1.379546008692533299e+00 1.585645666465535841e+00
2.315095905111666852e+00 -6.782168372203021267e-01
1.137486452016211347e+00 1.224129653035525234e+00
2.092090519917736202e+00 -1.516234105555136491e+00
1.174319289153779255e+00 -1.184062155380345871e+00
3.271308768941152967e-01 -1.725593785021436455e+00
-2.444666576667060554e+00 5.120090735985527441e-01
-1.697329168412748945e-01 1.842999743803029222e+00
-1.940716329598326961e+00 -1.076807485641962936e+00
1.529494775986962374e+00 4.345902412904708578e-01
-1.406114631072484800e+00 -1.491783082159796381e+00
-8.162853329915796818e-01 -2.521809264722388200e+00
-5.653794482404996824e-01 -2.823406959016915074e+00
1.681407790758218335e+00 -8.829975734308147528e-01
-2.489309684263860234e+00 -1.146836038987720352e+00
-9.377223490650538062e-01 -2.725083333181511414e+00
-2.546360859633433282e+00 1.525427438139654424e+00
2.901223276075374446e+00 5.382974680699352810e-01
7.703903103648601647e-01 1.970241792650888835e+00
1.672994884981363617e+00 -7.088555657832110724e-01
-8.409086966614954806e-01 1.670586518691243860e+00
5.775093925131824513e-01 2.236713288555585599e+00
2.476711091743641013e+00 -1.417746480684328070e+00
-1.596860546908545730e+00 -3.903518697356189726e-01
-5.075151802188961753e-02 1.655989667542415944e+00
-2.234367550979392103e+00 1.437073703703505734e+00
-2.717195423758917983e+00 -9.394396352922645965e-01
-1.859353864288742830e+00 -2.934226419375089434e-01
1.587644302251404183e+00 1.598776899949720720e+00
-1.087250011117836923e+00 -1.327812308947915021e+00
-1.664860058279938881e+00 4.182596915667433773e-02
9.677471057662114795e-01 1.290600523804056543e+00
2.205506227163615662e+00 -2.111839068984948387e-02
-2.866192970339276336e+00 1.991891990435749882e-01
-1.155030644055167866e+00 1.187456893325718132e+00
3.511178930786965635e-01 -1.930781541065493156e+00
5.960693443738614983e-01 2.697173321057441786e+00
-9.942250609803031658e-01 1.356203797808142930e+00
-8.077495326052319680e-01 -1.749356704110800909e+00
-1.484106700548761593e+00 2.373670197050990804e+00
2.797686083408790041e-03 1.589020024033338085e+00
4.092761354212085534e-01 -2.445721489228971368e+00
-1.461165015983043824e+00 -1.961928042792460580e+00
2.611743363689343678e+00 -2.888483373338134874e-01
2.006131674044036473e+00 2.285758224534198413e-01
1.677900662371318186e+00 1.100818272086493188e+00
-2.246186744774602229e+00 1.983258444838190693e+00
-1.201587369288167118e+00 1.600456409685917070e+00
2.898614335530386721e-01 -1.757843868899981121e+00
-2.356493566610093460e+00 4.982167675402545681e-01
-2.096725319902842166e+00 -6.847536912757551386e-01
1.344626079706478183e+00 -1.061068247554129762e+00
-2.041595838738810009e+00 -1.134756178123753845e+00
-6.533458215541152470e-01 -1.683326148418218260e+00
-1.563785624472543434e+00 7.783817863370967594e-01
2.040079337615474220e+00 5.706620215535336271e-01
2.957435929002244501e-01 -1.822002025056279173e+00
1.586149633310109941e+00 -4.461633972883568555e-01
-8.594523557863572583e-01 -2.403749968571503359e+00
1.708740421894262784e+00 8.893886693227469609e-01
-6.228806866078295812e-02 2.910554567919699576e+00
-9.186943844854358332e-01 1.321857945434103065e+00
-1.353834381804408071e+00 9.398284419801388179e-01
-1.658298435971600426e+00 -3.710904704145369659e-01
-1.597846862966324943e+00 -1.171775167529218065e+00
-1.533917339425373116e+00 1.353525710417611494e+00
-2.057623042678441649e+00 -8.658610577071619296e-01
-2.208067376836489792e+00 -9.323094171958257181e-01
1.668980519128397066e+00 -2.496210857690235041e-01
-2.137174949335141516e+00 -6.690428132088312996e-01
1.964219987821593572e+00 8.595318159702025618e-01
9.383146138010493020e-01 1.459298058852818603e+00
-7.127957857401405750e-01 -1.337587602241301799e+00
2.381317985723020725e-01 -1.698354749316915102e+00
-2.161040721977713019e+00 -1.111120404214136936e+00
-1.578712368970288438e+00 1.840271380138929880e+00
-2.221351957241366915e+00 9.602034507220819082e-01
-2.154684944985312267e+00 -1.321174615714549860e-01
1.465339551882596228e-03 2.492934061612579910e+00
1.943130837375173003e+00 7.080572714467816553e-01
1.000067679182537361e+00 1.467531302052593078e+00
2.718584554550699028e+00 3.510312077388486052e-01
4.488053384745117058e-01 2.059522627505488312e+00
1.317850614099917772e+00 -1.900254185599082213e+00
2.374211737693547875e+00 -4.322887369831686089e-01
-1.726696400771103868e+00 -1.866638709970599219e+00
8.962085915916665479e-01 1.358423670168934727e+00
9.499003767646886365e-01 -1.350834454053148281e+00
-1.884960467907624559e-01 2.679352801362175462e+00
1.898042095227501003e+00 3.104175254325401978e-01
9.323934371282320555e-02 2.794355454420484719e+00
-1.214884921968496734e+00 1.723132872018094064e+00
-1.863925467150865378e+00 -1.555962326817725394e+00
-1.555307032193891104e+00 -1.138257647205460410e+00
2.072594356544170235e+00 1.028182845594213468e+00
1.680396772606199018e+00 3.357032083765610908e-01
-1.889293082803790602e+00 2.267819995486829665e+00
1.205732022152954830e+00 -1.758789813348977216e+00
2.021603987293469906e+00 -1.277447347898382990e+00
1.209966065891180387e+00 1.458630850066309881e+00
1.600794713054767504e+00 1.368600033460134480e+00
-1.336512184678150250e+00 2.027381894237098248e+00
-1.237739343225203514e+00 -2.087503116329070263e+00
-1.303699840244950670e+00 1.889150102145206622e+00
-3.796777131048910681e-01 2.635504589030934319e+00
2.459232764694789797e+00 1.681337126151825734e+00
5.639094411368270610e-01 2.197485944292768778e+00
-3.262790857564160096e-01 -2.342194210406752575e+00
-8.893633794645022794e-01 -1.756626264186494257e+00
-2.793038903748227053e+00 9.369636641635836760e-01
-3.988775733894626141e-01 2.262762117612724833e+00
-2.857252646250754591e+00 2.741745193142458015e-01
-1.876206712587636050e+00 -8.336205289742352198e-01
-9.121387492911074979e-01 1.846239778157420020e+00
9.962393066806839448e-01 2.256224119956827590e+00
1.521616942589420374e+00 1.910155089843006859e+00
4.038922213239133918e-01 1.452848702979267159e+00
2.526481750181536867e+00 8.799881275358951704e-01
-1.276670345597786138e+00 2.635533283165001350e+00
-1.917156073633625279e+00 7.185654890625489122e-01
1.041092153917291263e+00 1.323375268711536545e+00
2.418179945341768722e+00 6.815801789339111239e-02
-1.528789559517827135e+00 -3.665249990834694438e-02
-2.784226178043292532e-01 -2.104152205484859817e+00
-1.482261404533100180e+00 1.349354937986635639e+00
-1.805262683341138097e-01 -1.982629435756255054e+00
-1.453543522128530663e+00 2.118353084443831857e+00
-2.031777490985038348e+00 -1.715062871928019872e+00
2.328463628126017593e+00 -5.650477578807093781e-01
-2.280137078863803124e-01 1.882694846728038662e+00
1.078309003911904096e+00 1.382037332277990194e+00
-9.173295350081053234e-01 2.689964676143842048e+00
2.216188800058157771e+00 7.102249332484383837e-01
-2.399704464441425600e+00 1.649763401016004050e+00
-1.577950773115764926e+00 8.500632786361835835e-01
-1.414726725123628848e+00 -5.866090583623070343e-01
2.803846452530301736e+00 -4.372088681104046026e-01
-1.278470554586915719e+00 -1.076037386079181868e+00
1.962579381075497009e+00 -1.254291217825914129e-01
-8.162684061044612749e-01 1.526980649330917261e+00
-9.387683266540536309e-01 -2.429042013170748859e+00
1.406326965814112873e+00 1.404495262171398640e+00
-6.028775599662972162e-01 1.480466861422393920e+00
1.015935838783684625e-01 2.790921869912030395e+00
-1.093936005887014673e+00 -1.715542844286732427e+00
1.532512167494445743e+00 8.740774541279284771e-01
-2.130765599052545145e+00 -7.263473232939280377e-01
-9.443952141794913491e-01 -1.265854468008442035e+00
-1.424884219131273166e+00 1.428095519100630817e+00
2.613064795770480675e+00 -1.336199247308240246e+00
6.662769057379096527e-01 2.157066359230216612e+00
1.583241685547555511e+00 1.681969020986083363e+00
6.317604079939949102e-01 -1.861243115735688347e+00
-1.590809625110568559e-01 1.522816102012471973e+00
-2.013398026722852396e+00 -1.582742246433208599e+00
1.536252922089518691e+00 1.302640579346877159e+00
2.206900215663930798e+00 7.652021806675501914e-01
1.773406264304662860e+00 -2.177106913377901520e+00
-1.029454355072609184e+00 2.023583800624538132e+00
8.577026455388588877e-01 -2.296548002088075524e+00
2.412777013006987659e+00 -6.536640261781309080e-01
2.573318482269032259e+00 1.631655698160524581e-01
1.960634535306737591e+00 -6.599632217822477553e-01
-2.481013401674289298e+00 -7.333423638689949842e-01
2.409185498031591433e+00 -3.785069759537815770e-01
-8.462478747532214962e-01 2.583178226475424388e+00
-1.649554869150474889e+00 2.141936057132797888e+00
2.377978209113772723e-01 -2.767574949846577592e+00
-6.593136313366144696e-01 -1.758133552155284773e+00
-3.924931636307695260e-01 -2.963028841763132970e+00
1.705845783692706286e-01 -2.127597297997602777e+00
1.312094951188925274e+00 9.734483495182936208e-01
1.247942454274145518e+00 1.010965544506243763e+00
-2.485575589817455633e+00 -1.254887156584102437e+00
2.742090183411117543e+00 1.725929655056080148e-01
-1.837487040093862101e+00 9.669917233418453550e-01
-1.613908738420637423e+00 -6.517993185878637741e-01
-1.462595466559261981e+00 -2.489008582669248071e+00
-1.771595633945882264e+00 -5.019009265028265832e-01
-1.856142256553109382e+00 6.352035541878970903e-01
1.238980599798713278e-01 -1.537620866733544256e+00
2.393281681336160815e+00 6.649080801061997281e-01
1.457846514880618116e+00 -4.813472217333334413e-01
1.565194198478290666e+00 -1.107675389206768807e-01
-1.630339930822972017e+00 5.621259735443000505e-01
2.150546024232185549e-01 2.959830233147606293e+00
-1.968095020306239507e+00 -1.021430595933662699e+00
1.593538091055787032e+00 -1.913214337529601128e+00
1.935423499905056133e+00 -1.049782836252522111e+00
2.646404056171800079e+00 2.765423105149976690e-01
-2.114759918506558201e+00 1.162766505346571666e+00
1.233209912191998159e+00 -2.087075563405507150e+00
-1.651664326344102207e+00 -7.107162901735619709e-01
2.141034778074451417e+00 -1.157465704452506294e+00
-2.162933756189491685e+00 -7.728989865107517288e-01
1.331183694692637864e+00 -7.208215754847827617e-01
-1.792649382374853051e+00 1.555204346582166330e-01
3.653853811260224238e-01 -2.734041010290804152e+00
1.872736936828153231e+00 -4.603404900613528028e-01
-2.646898729805361450e-01 2.472900542449171901e+00
3.361804697863244318e-01 -1.610457352788854157e+00
-2.921695947592210185e+00 -6.461772389055281396e-01
-3.003610347779810952e-01 2.469394617841768280e+00
1.682906381941014384e+00 -3.357212550965438247e-01
-4.104444586425360364e-01 1.875660593990072789e+00
