3.607853100232668031e-01
7.176666482905932343e-01
4.748134023557923356e-01
2.865443223528046923e-01
6.083598087367206864e-01
9.208730398929556582e-01
8.112017943130529485e-01
1.526799447014582367e-01
5.603104148348636571e-01
8.223495170169465851e-01
4.817843958632482826e-01
7.497541387220458819e-01
2.167914374164782720e-01
1.876274926495703765e-01
7.712359662298600149e-01
7.678738921850584154e-01
2.565736869594284139e-02
4.267979994948444822e-01
6.993602837987449306e-01
6.142241416180111990e-01
9.206444507672942867e-01
9.697031743863009368e-01
7.786640211753370622e-01
2.865695183613181096e-01
4.616032686745755731e-01
8.864595305134088665e-01
2.599913471129841058e-01
2.332633722414901023e-01
5.766198533595146003e-01
1.526736471711271081e-01
8.862719478027473174e-01
3.722100280982335030e-02
7.863383446600473725e-01
3.662899419078950447e-01
1.555643162599758544e-01
1.548264479917981218e-01
8.715981933871672638e-01
9.046147340529265835e-01
7.431027174057484030e-01
9.707404647158373034e-01
9.519497376281942369e-01
8.812229978109956674e-01
8.596823691645151255e-01
5.981579289428888835e-01
8.074405208995123484e-01
8.951285888107616273e-01
2.256005048277258951e-01
8.504243875368817651e-01
4.728239827657518823e-01
8.678872176822384210e-01
3.032697232388160691e-01
7.433247728910459262e-01
2.566504936394216618e-01
8.260085974361006667e-01
6.516084668948829428e-01
8.616049275745036873e-01
4.739756725405271931e-01
6.833877371064986939e-01
4.189468248664113825e-01
1.224029696198368350e-01
4.267979994948444822e-01
7.070216982843727793e-01
3.539859050763877191e-01
6.333094746119208862e-01
3.013817841803160397e-02
4.017100801597456305e-01
1.526940938163048600e-01
2.866002854490098395e-01
9.763905846447302750e-01
1.876621167710579574e-01
9.678551302551546831e-01
2.546796444744585108e-01
9.977076032635172620e-01
9.877857471637324638e-01
9.998500652543405032e-01
1.153156754635785292e-01
4.100191782882788849e-01
3.181558591056772578e-02
8.715416267204345591e-01
1.117595461547979951e-01
5.977331415509178347e-01
7.799420225134099383e-01
1.776162188419368182e-02
3.509521100319387688e-01
3.661299338026458017e-02
9.035486739425564462e-01
8.864595305134088665e-01
8.261211363194618240e-01
4.941157004988080415e-01
2.865454799755418613e-01
8.081658314924839992e-01
2.655926720472130409e-01
2.865492905835861359e-01
8.847171389787774620e-01
5.769770798446929305e-01
2.655246060863865609e-01
4.849722634974815705e-01
9.863326840160904219e-01
6.386033559904172874e-01
7.619076711688957948e-01
8.320517170462664591e-01
6.474750546530482209e-01
6.591426681454687353e-01
8.261005270801345945e-01
4.082229585600949950e-01
4.931638514490216396e-01
8.505404089691694924e-01
9.732330210509475554e-01
9.152385096861561653e-01
8.260263239835556881e-01
5.465849880246615999e-01
2.092031557658633467e-01
6.040977939279049691e-01
8.882892591525237691e-02
9.647181516102317778e-01
4.224091524874640236e-01
6.142090655039051939e-01
1.526819378294042573e-01
4.242071527619394322e-01
3.033308051336472966e-01
6.800160467139779730e-01
5.387348968986565012e-01
1.080186431141262615e-01
4.323677979865223620e-01
6.050339462361890852e-02
5.835772192729488106e-01
6.131498895580951292e-01
7.825510514853460942e-01
7.477152766745285284e-01
1.526821717932440037e-01
1.526680384500831433e-01
8.880892714828531043e-01
5.715628493757434203e-01
2.865397065270706700e-01
7.957405273852690142e-01
5.438925053133905618e-02
4.132723996919799858e-01
4.818243193643677591e-01
6.433904244254625704e-01
4.933969662827337732e-01
3.128266348314089340e-01
2.865511597914731090e-01
6.020576570259612570e-01
4.323665100174957643e-01
2.865634206900617431e-01
6.993833544269572045e-01
4.323701437455406693e-01
4.849401807193174374e-01
5.030064131238495134e-02
4.027294890285174067e-02
8.710306088582026041e-02
7.880902515807741704e-01
2.405412154032597338e-01
5.539371046768153395e-01
2.528636370143768075e-01
5.712051756004077330e-01
8.499225178105757061e-01
7.133179219517615799e-01
4.748035696454811494e-01
3.796259570443718534e-01
6.429410476000323449e-01
6.833981022691881790e-01
1.526901854889173293e-01
8.260321826112150267e-01
6.486325643254775564e-01
5.760620953759691965e-01
6.762507615000288297e-01
7.177024633011681587e-01
6.324547685330372815e-01
8.169735794899619652e-01
7.071966268245354070e-02
2.511760965741319240e-01
2.656200630102052429e-01
6.295670484683497659e-01
6.782373381570530047e-01
4.704407247361168110e-01
4.518756413329170218e-01
7.808396760972091677e-01
7.927205598773992001e-01
7.176780011232176681e-01
9.839008068132799600e-01
6.559901501425591253e-01
8.260222160199131025e-01
9.352684977165524050e-01
4.554597004030778717e-01
8.260806715812111234e-01
4.899331556060678161e-01
2.898513103492484921e-01
7.737012419461453128e-01
2.898631036778988590e-01
8.878092405779314245e-01
3.315210718661436573e-01
8.261293662985482733e-01
7.434076652260762641e-02
7.880958421006158954e-01
1.060349589500931000e-01
4.003806912016327768e-01
4.542247225198462468e-01
6.039003578543655076e-02
3.542014914994237040e-01
2.583271361501000563e-01
2.582053736246988085e-01
2.636772520138353504e-01
7.411159127034177008e-01
8.261229319326304221e-01
6.324497903662502640e-01
1.876168111978719077e-01
5.871686226324587254e-01
7.747314727645578936e-01
8.743566208820590102e-01
2.477927803933424600e-01
8.110917033697757628e-01
8.970548350195588494e-01
2.660840281864065848e-01
4.588869340651704487e-01
9.881843893240805921e-01
4.076159643910472197e-02
6.972618642475328921e-01
2.545946864692395784e-02
9.152391416911463962e-01
8.260392211147786767e-01
4.899106015395884861e-01
7.726857381408051006e-01
6.993641618351120748e-01
2.477917954117043464e-01
5.643189467103394419e-01
4.323828120669467312e-01
7.414529084079743981e-01
5.951737113365818121e-01
3.938861043365077808e-01
9.165601864644984387e-01
4.027294890285174067e-02
5.790012906583161811e-01
4.525317090567179679e-01
8.935615916592792862e-01
4.747882877423015291e-01
8.336578790814775930e-01
4.249957226172010882e-01
8.727669852816558604e-01
8.333534123320601728e-01
6.923033849266446715e-01
8.880898650010025097e-01
8.377734935617313361e-02
2.941980394537990207e-01
9.550995426785275910e-01
6.661232402315568901e-01
4.303017956005290579e-01
2.247494787088470114e-01
8.571743858272339311e-01
1.028949599122103986e-01
1.877957668562515725e-01
4.120585349788151164e-01
6.834037156773090649e-01
8.892907289187699238e-01
6.834115651613790199e-01
6.003430326950722762e-01
5.436612380628687013e-01
4.817791296382161192e-01
8.424598118916009071e-01
9.916123726610968081e-01
4.280034320534935599e-01
7.256817704576759009e-01
8.715981933871672638e-01
1.012102157821637843e-01
4.787756270111108436e-02
9.181324004255696503e-01
7.878910847875283396e-01
2.654912283225827618e-01
9.991314555029809918e-01
1.876846723306219156e-01
4.849760942822867738e-01
6.605340825927681347e-01
6.631697508382086159e-01
6.833910558713465200e-01
8.260494376236539038e-01
2.905365984525409839e-01
7.881034606912228346e-01
7.716332427134411365e-01
7.482642576226580244e-01
2.865567649117400917e-01
6.102386293722807942e-01
6.807936933408473669e-04
6.005902174544746064e-01
8.764299210154150588e-01
9.567737185111510057e-01
8.399639617881244913e-01
9.699395107520151216e-01
3.733988319610573869e-01
6.000025244837190463e-01
5.274968012253807848e-01
9.368547373427245084e-01
9.782383584114461295e-01
7.786613618251805313e-01
6.672567046237056765e-01
8.261164617187625181e-01
8.040678857543507307e-01
1.244202553924841394e-02
4.017112433969401986e-01
4.323659073165742051e-01
4.931638514490216396e-01
