3.611561030946756068e-01
7.180906591058864308e-01
4.740794911425616487e-01
2.864838614271943973e-01
6.085043842305263295e-01
9.208028971901032200e-01
8.138041456798887907e-01
1.530441010635943677e-01
5.603684690231558463e-01
8.231703454470007397e-01
4.798566313107117676e-01
7.500033503350898023e-01
2.171305123941997262e-01
1.886511081549014923e-01
7.713735355089790247e-01
7.679940731745791282e-01
2.550299615660332406e-02
4.269283761030847058e-01
7.003316399680841187e-01
6.144240227620538786e-01
9.205692319709820604e-01
9.694874089590417299e-01
7.788936335163766378e-01
2.865041646308330026e-01
4.624263660609437832e-01
8.863082531854135082e-01
2.605095758800843875e-01
2.334733451158184647e-01
5.766782286946133818e-01
1.530523799811959740e-01
8.860726492797115217e-01
3.709439836346448138e-02
7.867813085410917395e-01
3.665772370320863338e-01
1.548992399505120798e-01
1.529797063310635863e-01
8.712162037753863331e-01
9.045383824122034122e-01
7.432899005852500185e-01
9.705979806812925492e-01
9.517508432264862872e-01
8.810001878154796184e-01
8.591855328069475384e-01
5.982072095504435971e-01
8.082163289774165760e-01
8.950336521721756755e-01
2.259108853565569286e-01
8.499070184410203455e-01
4.730475001624733777e-01
8.671974481444330030e-01
3.023030215962947964e-01
7.435421086869464791e-01
2.569020390976950452e-01
8.260216796816738372e-01
6.518083270182994937e-01
8.611845999508407346e-01
4.740557538754559541e-01
6.837753609628843821e-01
4.190218289629182857e-01
1.218468301829110367e-01
4.269283761030847058e-01
7.075883185492266580e-01
3.543283588370871318e-01
6.334775672468746510e-01
2.997542147711192151e-02
4.017847329618565722e-01
1.530496544308682094e-01
2.863601457843903408e-01
9.762575815541473245e-01
1.891684758989036763e-01
9.676157291833472618e-01
2.549081512711454667e-01
9.975776919024731404e-01
9.876587577996270850e-01
9.997629931778856394e-01
1.149887852174731606e-01
4.101002992468700259e-01
3.167869929955774433e-02
8.707086670583805699e-01
1.114237450373500443e-01
5.978006615827842207e-01
7.802194556039815376e-01
1.761677365474441023e-02
3.512735179187351231e-01
3.646048692496144800e-02
9.034513952234789480e-01
8.863082531854135082e-01
8.260546032313463849e-01
4.934800835061782798e-01
2.864874485642559532e-01
8.093787328962163130e-01
2.668643752292702009e-01
2.864857314066734384e-01
8.844907701619257878e-01
5.770362286841965727e-01
2.667931091419715184e-01
4.821282385509232382e-01
9.862009775173858905e-01
6.387275362793655153e-01
7.620515721640399587e-01
8.314996235279574766e-01
6.476488074650712523e-01
6.593316658105314865e-01
8.260077864018413596e-01
4.083037292208164248e-01
4.902695374565131381e-01
8.501894570397958706e-01
9.730930249663366505e-01
9.151376445843583118e-01
8.260061143120303040e-01
5.466775449555951738e-01
2.097135444657446945e-01
6.042735537825216774e-01
8.864307766264044319e-02
9.644786813322061558e-01
4.224842064415465503e-01
6.143821700044891365e-01
1.530666523609763852e-01
4.242966880802379048e-01
3.028055470489688372e-01
6.802226694752082636e-01
5.388376698015546751e-01
1.076956579046662033e-01
4.324380705569646488e-01
6.040553237214725535e-02
5.836453000675523306e-01
6.133382401032214659e-01
7.829903689919675003e-01
7.479166534359924512e-01
1.530598827223896563e-01
1.530416347343779571e-01
8.879820223735445106e-01
5.716091243858739679e-01
2.864796101681075791e-01
7.987108040598029923e-01
5.427006950543299818e-02
4.133738805322233478e-01
4.798640094575297166e-01
6.435655771606115794e-01
4.922300116181200225e-01
3.111544436317049134e-01
2.864922691020022061e-01
6.021799270360614909e-01
4.324587302440546788e-01
2.864990296760647204e-01
7.012521594787901602e-01
4.324345498180903191e-01
4.821311000284764781e-01
5.018807946631501787e-02
4.016083693589675430e-02
8.688942280215390668e-02
7.891793738296153382e-01
2.407193357485231944e-01
5.540050752395750955e-01
2.530684696641006259e-01
5.712566537993576388e-01
8.489148408626815412e-01
7.136486378464259595e-01
4.740734431423151429e-01
3.797869035941181526e-01
6.430570930797425699e-01
6.837859881749231983e-01
1.530805824136040882e-01
8.260131077532190114e-01
6.488323592813305396e-01
5.761069262323934570e-01
6.764123266503783150e-01
7.185685654810368694e-01
6.325665034457317315e-01
8.182260154727869494e-01
7.058569120605848179e-02
2.513568057559012470e-01
2.668703865036824441e-01
6.296450994344729990e-01
6.784176212341710421e-01
4.706550195480586618e-01
4.520395959556701704e-01
7.812192414128631412e-01
7.956683195409254283e-01
7.182420077142981363e-01
9.837564730440575556e-01
6.561652200338234930e-01
8.260431905162275434e-01
9.351606460630081941e-01
4.561746011899122100e-01
8.260369932210789301e-01
4.839907246724003964e-01
2.887730571978104344e-01
7.738722476783148618e-01
2.888193218371524207e-01
8.876877097680562212e-01
3.314144502665613556e-01
8.260692602052991385e-01
7.419119264661631907e-02
7.891818743041926210e-01
1.056740572284776830e-01
4.004471296502646327e-01
4.545742259128584539e-01
6.028763007478555452e-02
3.547536558843183419e-01
2.587403877901667815e-01
2.585064751429663188e-01
2.641805676934556590e-01
7.412324648399843952e-01
8.260580148072205198e-01
6.325666483346912283e-01
1.891671910898728437e-01
5.872281493625359783e-01
7.749352399557460913e-01
8.741412722107985145e-01
2.479624478658349895e-01
8.122716461551431344e-01
8.969632715325805972e-01
2.669318990648089640e-01
4.595813180877592052e-01
9.880637172199687734e-01
4.067449387915203496e-02
6.976738623197675793e-01
2.527442530056205061e-02
9.151385896855289692e-01
8.260287709559943625e-01
4.869369067488917291e-01
7.728550833947442911e-01
6.999177881012499380e-01
2.479624478658349895e-01
5.643703953148055952e-01
4.324473607122983343e-01
7.416125000589040006e-01
5.952232672643227307e-01
3.939733821500246425e-01
9.164731864065226441e-01
4.016083693589675430e-02
5.790745444670954978e-01
4.527724179844404562e-01
8.934768249989414324e-01
4.740724569527551280e-01
8.333358889655235746e-01
4.250997679838852683e-01
8.725171949506780322e-01
8.328722079924606447e-01
6.928307195396823381e-01
8.879823405126312519e-01
8.355285810614224151e-02
2.937915730334390019e-01
9.549013666687532487e-01
6.663775313422024560e-01
4.305181824267670376e-01
2.249929325131243829e-01
8.565632811641507027e-01
1.024986225041596144e-01
1.892368507810799905e-01
4.121355413748426511e-01
6.837904059386876732e-01
8.892048388388038571e-01
6.837821089228656168e-01
6.004086494500154858e-01
5.437482264973345636e-01
4.798003425078839479e-01
8.420580385486120534e-01
9.915065686560834424e-01
4.281917747444138889e-01
7.260452028856098083e-01
8.712162037753863331e-01
1.007017067220289108e-01
4.777544716608816966e-02
9.180515567756771800e-01
7.884352474969937852e-01
2.664105606041134999e-01
9.990272540609540508e-01
1.891794562550892234e-01
4.821207338892450345e-01
6.607669779089000439e-01
6.634133171757994329e-01
6.837802138532708129e-01
8.260107653497974489e-01
2.901398284620954615e-01
7.891790852506517240e-01
7.717827315831242707e-01
7.484855990341272580e-01
2.865242145731300427e-01
6.104121859883029355e-01
5.830641497837128848e-04
6.007043538333693977e-01
8.762296419976897122e-01
9.565964904794220791e-01
8.395313793246809153e-01
9.697740319746387394e-01
3.735885517260985056e-01
6.000781016834267900e-01
5.280942204404415197e-01
9.367558807655989028e-01
9.781095285107004322e-01
7.788861441692548349e-01
6.675698351331592617e-01
8.260532931309262361e-01
8.048844530937528940e-01
1.231163602620975565e-02
4.017863025654688225e-01
4.324312002182018055e-01
4.902695374565131381e-01
