3.611550009419350893e-01
7.180897969038817497e-01
4.741444579779772184e-01
2.864822332467002464e-01
6.085039418554818447e-01
9.208031138594553466e-01
8.137982019755720664e-01
1.530444421958052637e-01
5.603682912027172502e-01
8.231681366359858698e-01
4.798327962672653824e-01
7.500026117013447458e-01
2.171295189051753172e-01
1.886484167673960488e-01
7.713731196513097244e-01
7.679937112021286705e-01
2.550346517796527740e-02
4.269279756348172139e-01
7.003278318751151588e-01
6.144287578742539946e-01
9.205694641630071118e-01
9.694880589686115657e-01
7.788928320708687902e-01
2.864952002355343752e-01
4.624238543447897754e-01
8.863087133420115560e-01
2.605080903669494963e-01
2.334727178458870789e-01
5.766780505085902231e-01
1.530527432296890367e-01
8.860732522785352838e-01
3.709478458626290498e-02
7.867800368004270739e-01
3.665763678851126084e-01
1.549010823147395077e-01
1.529843162349533159e-01
8.712172724664428713e-01
9.045386175703206133e-01
7.432893378153951902e-01
9.705984158547652507e-01
9.517514450159634265e-01
8.810008588643096772e-01
8.591869647723031633e-01
5.982070595803543611e-01
8.082142230765290147e-01
8.950339442770917087e-01
2.259099695565533195e-01
8.499085029606392450e-01
4.730468077720427766e-01
8.671993875576406996e-01
3.023055361397420371e-01
7.435414566348661491e-01
2.569012869942245980e-01
8.260566206317399018e-01
6.518077183640651473e-01
8.611858248254699033e-01
4.738294075716401044e-01
6.837329255891917423e-01
4.190215955640482770e-01
1.218484169024120767e-01
4.269279756348172139e-01
7.075866880192864805e-01
3.543273354206386005e-01
6.334770547800188112e-01
2.997591523347673328e-02
4.017844923865400153e-01
1.530505640575940962e-01
2.863583933143494797e-01
9.762579887245597110e-01
1.891723796180496409e-01
9.676164510797450324e-01
2.549074656451322807e-01
9.975780879038805837e-01
9.876591454282028781e-01
9.997632616061528088e-01
1.149897456329921769e-01
4.101000484534745305e-01
3.167911645012418814e-02
8.707111986813301785e-01
1.114247308457838453e-01
5.978004547638267052e-01
7.802186471996809258e-01
1.761721467207488095e-02
3.512725592276895736e-01
3.646095027977042102e-02
9.034516946110650037e-01
8.863087133420115560e-01
8.260100209777652136e-01
4.934818122631612902e-01
2.864870179302697051e-01
8.093756110099697976e-01
2.668094965439880006e-01
2.864935679232117893e-01
8.844914508432273337e-01
5.770360449386707780e-01
2.668364161414007452e-01
4.818884832154830544e-01
9.862013809563203726e-01
6.387271571515131807e-01
7.620511387362265410e-01
8.315011963640237536e-01
6.476482795877165355e-01
6.593310931919198481e-01
8.260363569947903883e-01
4.083034802854711431e-01
4.902754047994124509e-01
8.501904885232063336e-01
9.730934525340160235e-01
9.151379214115099581e-01
8.259226013400641220e-01
5.466772628462174266e-01
2.097120916055386364e-01
6.042730184157845130e-01
8.864363607493454256e-02
9.644794032301658993e-01
4.224839730414606254e-01
6.144108001571653155e-01
1.530590624922218146e-01
4.242964116375482764e-01
3.028070086774614644e-01
6.802220455480165739e-01
5.388373545988767166e-01
1.076966111727246517e-01
4.324286876393070855e-01
6.040582953755477269e-02
5.836450921684451787e-01
6.133376634263445482e-01
7.829891176257395280e-01
7.479160481784019598e-01
1.530534264123063481e-01
1.530407667349093503e-01
8.879827215744040547e-01
5.716089808474571488e-01
2.864916527214150244e-01
7.987040985840002660e-01
5.427043276095423752e-02
4.133735686497399531e-01
4.798510398701559820e-01
6.435650439998213956e-01
4.922329294101386865e-01
3.111584110281543358e-01
2.865063188271677053e-01
6.021795541350088987e-01
4.324742374702963410e-01
2.864961472392610897e-01
7.012472615057834258e-01
4.324622010610989498e-01
4.818879906695652249e-01
5.018842307829659427e-02
4.016117884805210647e-02
8.689006138440318050e-02
7.892177568041900404e-01
2.407187985712458955e-01
5.540048661574216160e-01
2.530678526223074654e-01
5.712564969764515332e-01
8.489175642577898584e-01
7.136476597869164662e-01
4.741170271667233815e-01
3.797864129805047506e-01
6.430567386482868297e-01
6.837498063830224071e-01
1.530825661433003471e-01
8.260172371697531712e-01
6.488317506286951364e-01
5.761067882332056023e-01
6.764118358782704732e-01
7.185645759207192063e-01
6.325661374658959613e-01
8.182228162899676249e-01
7.058609550538608168e-02
2.513562588301511691e-01
2.668711387527374357e-01
6.296448615879614019e-01
6.784170754536169579e-01
4.706543525907341818e-01
4.520390937607023374e-01
7.812181479807784878e-01
7.956616348630839441e-01
7.182406501340410365e-01
9.837569124566930556e-01
6.561646869191957165e-01
8.260522045077979270e-01
9.351609773967423100e-01
4.561723942766333639e-01
8.260786655615764973e-01
4.840023448448311782e-01
2.887767542492195583e-01
7.738717396118157676e-01
2.888212456354802282e-01
8.876880818825749753e-01
3.314110453059720962e-01
8.260546189833679609e-01
7.419164524070909206e-02
7.892338369372792206e-01
1.056751142084162015e-01
4.004469230997468876e-01
4.545731496181013020e-01
6.028794004058792705e-02
3.547520549745336593e-01
2.587391841456327946e-01
2.585055825292562615e-01
2.641791207306385947e-01
7.412321117549419691e-01
8.260539130424546794e-01
6.325663142308460829e-01
1.891568637102639394e-01
5.872279674433802388e-01
7.749346340451720438e-01
8.741419207594027796e-01
2.479619583009983752e-01
8.122686014613479388e-01
8.969635533922821757e-01
2.669152323440232011e-01
4.595791652703101748e-01
9.880640858860579856e-01
4.067476011924728296e-02
6.976726455135480176e-01
2.527498526728864242e-02
9.151389184484498562e-01
8.260329306201239508e-01
4.869421038686913006e-01
7.728545748402440019e-01
6.999165846824240145e-01
2.479619583009983752e-01
5.643702364286431461e-01
4.324678935185602979e-01
7.416120172326701177e-01
5.952231158256153787e-01
3.939731133279811837e-01
9.164734544338462019e-01
4.016117884805210647e-02
5.790743198582657403e-01
4.527716789729524516e-01
8.934770860770001599e-01
4.741280093647754490e-01
8.333368402293532817e-01
4.250994476166071734e-01
8.725179428149184568e-01
8.328735966776696920e-01
6.928291888498188111e-01
8.879822909752916882e-01
8.355352878554182794e-02
2.937927268321390839e-01
9.549019655604379375e-01
6.663767671512400570e-01
4.305175183865825317e-01
2.249922074612284717e-01
8.565650194232832249e-01
1.024997778294364503e-01
1.892146599264268036e-01
4.121353017026721521e-01
6.837549206817232772e-01
8.892051032982002390e-01
6.837779141242240621e-01
6.004084501606520297e-01
5.437479589951936809e-01
4.798552358276345076e-01
8.420592083601023958e-01
9.915068935398310135e-01
4.281911973210982825e-01
7.260441296124192645e-01
8.712172724664428713e-01
1.007031703168171782e-01
4.777575779052431471e-02
9.180518060763009913e-01
7.884337102451772772e-01
2.664085537209953114e-01
9.990275743247927220e-01
1.891781887481348012e-01
4.819236511562605130e-01
6.607662753392324895e-01
6.634125837961692973e-01
6.837731229422777668e-01
8.260169928437723907e-01
2.901409565676872360e-01
7.892108793455168136e-01
7.717822812673114097e-01
7.484849386631446944e-01
2.865101488691650933e-01
6.104116545748519140e-01
5.833635832604966952e-04
6.007040047323168874e-01
8.762302470237920415e-01
9.565970279106942309e-01
8.395326338626619700e-01
9.697745351261607416e-01
3.735879711212559684e-01
6.000778706674769758e-01
5.280923333449597523e-01
9.367561848745400432e-01
9.781099223750782112e-01
7.788856138562363363e-01
6.675688991493967661e-01
8.260426018982427454e-01
8.048822443496665979e-01
1.231203386890292704e-02
4.017860776610695517e-01
4.324474947218948095e-01
4.902754047994124509e-01
