3.611570930909697164e-01
7.180914336547874477e-01
4.741065718465058976e-01
2.864744236224191498e-01
6.085047811659645145e-01
9.208027022545604012e-01
8.138094829641819850e-01
1.530422927152728096e-01
5.603686284877179569e-01
8.231723313730519020e-01
4.795606200573935829e-01
7.500040141763726353e-01
2.171314054857332865e-01
1.886535262367266541e-01
7.713739094136977670e-01
7.679943986969840486e-01
2.550257418108955662e-02
4.269287355518292526e-01
7.003350579309413071e-01
6.137933240273724111e-01
9.205690230718761580e-01
9.694868241452520019e-01
7.788943540171960889e-01
2.864815250693651394e-01
4.624286184665218902e-01
8.863078391541552303e-01
2.605109104680803922e-01
2.334739089732626727e-01
5.766783885417885447e-01
1.530449556736931949e-01
8.860721067966306208e-01
3.709405082722736641e-02
7.867824516280086389e-01
3.665780175031481125e-01
1.548975817937905120e-01
1.529755636603985502e-01
8.712152424432484388e-01
9.045381708556412548e-01
7.432904064054006721e-01
9.705975891855563864e-01
9.517503018629722700e-01
8.809995840684815560e-01
8.591842448757233131e-01
5.982073438948825039e-01
8.082182224684013594e-01
8.950333893130525409e-01
2.259117084370960149e-01
8.499056832483955493e-01
4.730481209624006200e-01
8.671957040250113380e-01
3.023007591567903884e-01
7.435426946215722976e-01
2.569027149706025748e-01
8.260473312340306240e-01
6.518088732944865571e-01
8.611834981683118562e-01
4.739300597972045948e-01
6.836702068282058953e-01
4.190220384171243762e-01
1.218454029054635707e-01
4.269287355518292526e-01
7.075897832800909226e-01
3.543292780391475993e-01
6.334780269833890642e-01
2.997497722181679397e-02
4.017849489238043970e-01
1.530434363522729102e-01
2.863617204716766285e-01
9.762572152496629130e-01
1.889957880082483443e-01
9.676150798068743342e-01
2.549087674349649335e-01
9.975773356141912629e-01
9.876584090413587091e-01
9.997627516188909436e-01
1.149879211627362618e-01
4.101005244342975087e-01
3.167832393546128611e-02
8.707063907830429050e-01
1.114228581936274609e-01
5.978008472577192034e-01
7.802201827772772269e-01
1.761637687076374886e-02
3.512743791803147331e-01
3.646006999553171035e-02
9.034511258297586167e-01
8.863078391541552303e-01
8.260478763410962211e-01
4.934785279104004219e-01
2.864896070318506127e-01
8.093815389395855320e-01
2.667984943605770098e-01
2.864959446637758700e-01
8.844901577535777548e-01
5.770363933200541862e-01
2.668042677023318432e-01
4.814081507836139862e-01
9.862006145308935823e-01
6.387278763187635988e-01
7.620519617965167969e-01
8.314982089329752135e-01
6.476492816331280711e-01
6.593321801033618090e-01
8.260258045147759187e-01
4.083039527594751195e-01
4.902642671590921597e-01
8.501885291917751220e-01
9.730926402739751291e-01
9.151373585604660743e-01
8.259637028035323736e-01
5.466777979388821596e-01
2.097148503212019899e-01
6.042740343914547729e-01
8.864257514629017565e-02
9.644780319552817005e-01
4.224844158961041929e-01
6.137885141435845959e-01
1.530519545600192710e-01
4.242969362164277225e-01
3.028042314091437537e-01
6.802232299204951094e-01
5.388379523794810666e-01
1.076948001766075691e-01
4.324276656695926757e-01
6.040526496955403446e-02
5.836454865426022875e-01
6.133387571471610178e-01
7.829914944637661467e-01
7.479171973547882324e-01
1.530643869020365533e-01
1.530582577339032191e-01
8.879834267695705385e-01
5.716092530337941735e-01
2.864960451456868840e-01
7.987168221432008330e-01
5.426974265235170319e-02
4.133741605705114064e-01
4.795620685356381530e-01
6.435660557837594720e-01
4.922273875572858448e-01
3.111508761095237441e-01
2.864932847810083838e-01
6.021802607842374755e-01
4.324534385462032171e-01
2.864841231210423222e-01
7.012565555132064254e-01
4.324740605936390758e-01
4.814341752516687056e-01
5.018777027952774777e-02
4.016052924831924054e-02
8.688884822352442583e-02
7.891561768073872551e-01
2.407198186648731864e-01
5.540052627194509416e-01
2.530690242052960337e-01
5.712567945053367291e-01
8.489123923234838109e-01
7.136495166103768995e-01
4.741033497475975467e-01
3.797873443273460659e-01
6.430574110802331766e-01
6.836906987532633817e-01
1.530633872453059652e-01
8.259984190209336274e-01
6.488329055570547510e-01
5.761070499340784634e-01
6.764127674406733570e-01
7.185721460649157066e-01
6.325668319145090202e-01
8.182288908753847512e-01
7.058532740694985208e-02
2.513572972829169472e-01
2.668830458816766060e-01
6.296453126624406149e-01
6.784181115079750413e-01
4.706556174201390608e-01
4.520400463945405956e-01
7.812202249009164712e-01
7.956743172590032831e-01
7.182432274717452936e-01
9.837560777013438784e-01
6.561656986163668659e-01
8.260693507022857096e-01
9.351603479771315452e-01
4.561765798000292915e-01
8.260793339149916648e-01
4.839803112337238145e-01
2.887697321650131155e-01
7.738727047423509253e-01
2.888175905470911631e-01
8.876873749694900173e-01
3.299370528160995852e-01
8.260398974033390518e-01
7.419078542281452859e-02
7.891702032922077725e-01
1.056731062864670612e-01
4.004473151133012276e-01
4.545751908758245419e-01
6.028735114808288220e-02
3.547550937520227987e-01
2.587414692673584704e-01
2.585072772771055405e-01
2.641818676301623259e-01
7.412327821972739539e-01
8.260441309824564371e-01
6.325669482007736377e-01
1.890269944419589176e-01
5.872283124538774102e-01
7.749357848278629612e-01
8.741406887351361732e-01
2.479628879900200034e-01
8.122743828693652635e-01
8.969630178924339337e-01
2.668842601698357964e-01
4.595832480779501461e-01
9.880633855187841430e-01
4.067425429771301393e-02
6.976749551052712217e-01
2.527392145043995744e-02
9.151383188087296450e-01
8.260015545034293805e-01
4.869322368247517852e-01
7.728555406155458440e-01
6.999188692650473165e-01
2.479628879900200034e-01
5.643705377776954135e-01
4.324332358103076257e-01
7.416129339640324947e-01
5.952234030804508524e-01
3.939736236072081121e-01
9.164729452520513631e-01
4.016052924831924054e-02
5.790747458680016724e-01
4.527730805774278222e-01
8.934765900986330056e-01
4.740823626857451623e-01
8.333350332098581337e-01
4.251000555407734027e-01
8.725165221249944203e-01
8.328709589120171231e-01
6.928320945490262783e-01
8.879802824185873966e-01
8.355225457800041777e-02
2.937905342939343689e-01
9.549008278420083595e-01
6.663782177811179430e-01
4.305187782302897226e-01
2.249935843276256731e-01
8.565617177985667130e-01
1.024975832043041601e-01
1.890996930588138558e-01
4.121357564970083431e-01
6.836888766511139970e-01
8.892046008918953470e-01
6.836866641242653753e-01
6.004088278713308746e-01
5.437484663124947382e-01
4.795059150071370735e-01
8.420569862889323298e-01
9.915062763420980918e-01
4.281922929488113372e-01
7.260461669830704512e-01
8.712152424432484388e-01
1.007003902158293412e-01
4.777516765123213799e-02
9.180513324831850452e-01
7.884366295278154579e-01
2.664123632995810120e-01
9.990269659036570271e-01
1.890213329131476827e-01
4.814423469126679622e-01
6.607676089228666783e-01
6.634139759020418747e-01
6.836961896162871977e-01
8.259945726624747797e-01
2.901388128214130724e-01
7.891549503200044891e-01
7.717831364335587807e-01
7.484861925800390114e-01
2.865155806317188913e-01
6.104126623043080180e-01
5.827947372201205392e-04
6.007046670229905239e-01
8.762290976416382549e-01
9.565960069390631038e-01
8.395302508926429930e-01
9.697735793267007187e-01
3.735890731294121414e-01
6.000783089998484865e-01
5.280959120307787691e-01
9.367556071710834154e-01
9.781091741380913973e-01
7.788866212348453111e-01
6.675706758278697750e-01
8.260276682886336097e-01
8.048864390004651925e-01
1.231127808224029632e-02
4.017865044598878388e-01
4.324382947464365246e-01
4.902642671590921597e-01
