3.611508176590807473e-01
7.180865243194711756e-01
4.741609588772243700e-01
2.864971072870333146e-01
6.085022660846711728e-01
9.208039372799745603e-01
8.137754975639927002e-01
1.530410301820506191e-01
5.603676177767830113e-01
8.231597256761657988e-01
4.798571204988110739e-01
7.499998061866414156e-01
2.171257435571073424e-01
1.886381716415394261e-01
7.713715400948784051e-01
7.679923358141572676e-01
2.550524792921812778e-02
4.269264575699567854e-01
7.003133547049474883e-01
6.144253816045854855e-01
9.205703465872018265e-01
9.694905300562329797e-01
7.788897868037656380e-01
2.865035185583110766e-01
4.624143346596953363e-01
8.863104623163402529e-01
2.605024465042119486e-01
2.334703353080639920e-01
5.766773755442817784e-01
1.530456649172181327e-01
8.860755442561772943e-01
3.709625270769530830e-02
7.867752025356178347e-01
3.665730714703163140e-01
1.549081015276953521e-01
1.530018992207291817e-01
8.712213361114627963e-01
9.045395111623651951e-01
7.432872009338080677e-01
9.706000698062872134e-01
9.517537326025998778e-01
8.810034097988540536e-01
8.591924115760003478e-01
5.982064924352704649e-01
8.082062049602710685e-01
8.950350544263924180e-01
2.259064908704910002e-01
8.499141503137882525e-01
4.730441860116829655e-01
8.672067677054327017e-01
3.023151253909661662e-01
7.435389812651397312e-01
2.568984313346152071e-01
8.260306474404548460e-01
6.518054117715734730e-01
8.611904832577030877e-01
4.738212942000349370e-01
6.837275598317607006e-01
4.190207114834566537e-01
1.218544542504435696e-01
4.269264575699567854e-01
7.075804942546612963e-01
3.543234518698805680e-01
6.334751138348340138e-01
2.997779217197832705e-02
4.017835808796626496e-01
1.530443567185282294e-01
2.863517371015066315e-01
9.762595361916214243e-01
1.891968736378271676e-01
9.676191954208305246e-01
2.549048624480744207e-01
9.975795930302931991e-01
9.876606187095759992e-01
9.997642818535451559e-01
1.149933981663710941e-01
4.100990977737763443e-01
3.168070216576970161e-02
8.707208360981550932e-01
1.114284798654167213e-01
5.977996707884081218e-01
7.802155725292228006e-01
1.761889092883146476e-02
3.512689201756629132e-01
3.646271168646889743e-02
9.034528324402312238e-01
8.863104623163402529e-01
8.260527854149029015e-01
4.934883982024151905e-01
2.865137900684828764e-01
8.093637143473502160e-01
2.667050717671348714e-01
2.864726908125817539e-01
8.844940384481817519e-01
5.770353500783338419e-01
2.667053281808321463e-01
4.821695517129229724e-01
9.862029142885111455e-01
6.387257216724699926e-01
7.620494925986802670e-01
8.315071803845013321e-01
6.476462770485503784e-01
6.593289211425217289e-01
8.260046340615956328e-01
4.083025363636110239e-01
4.902978506515014434e-01
8.501944108185077731e-01
9.730950776337431440e-01
9.151391296070845449e-01
8.259797640196595570e-01
5.466761942648881156e-01
2.097065680480940109e-01
6.042709889191167916e-01
8.864575922623672832e-02
9.644821475873743832e-01
4.224830889483310870e-01
6.144458707442965739e-01
1.530458898834924919e-01
4.242953639430331880e-01
3.028125772907545032e-01
6.802196783485850995e-01
5.388361611111130989e-01
1.077002365616915314e-01
4.324489848187695329e-01
6.040695914384112963e-02
5.836443048111281673e-01
6.133354809292350662e-01
7.829843565657916837e-01
7.479137503804027531e-01
1.530686749808125580e-01
1.530301517369975217e-01
8.879839414787077390e-01
5.716084378440453584e-01
2.864931375789331880e-01
7.986784799405692858e-01
5.427181352020762906e-02
4.133723859724544036e-01
4.799181111970725611e-01
6.435630229832072224e-01
4.922440576222756881e-01
3.111735609760205024e-01
2.865025548940544620e-01
6.021781454906318665e-01
4.324432963589836532e-01
2.864840888050597667e-01
7.012286145604469390e-01
4.324438206043818012e-01
4.821823232703166262e-01
5.018972916305837473e-02
4.016247860909879369e-02
8.689248936933677281e-02
7.891790794029868161e-01
2.407167584082206269e-01
5.540040744648055959e-01
2.530655099676089037e-01
5.712559027566748160e-01
8.489279348237331879e-01
7.136439461875550005e-01
4.741402166232713267e-01
3.797845516302092439e-01
6.430553961300968790e-01
6.837454031418348510e-01
1.530937612859714914e-01
8.260422729853963419e-01
6.488294440526692908e-01
5.761062660263300828e-01
6.764099743656986075e-01
7.185494040217029754e-01
6.325647507452266671e-01
8.182106238136415133e-01
7.058763247600437218e-02
2.513541825901989823e-01
2.667296363235105994e-01
6.296439614932077822e-01
6.784150047505363990e-01
4.706518280644500507e-01
4.520371913268242947e-01
7.812139884681943425e-01
7.956361068929292957e-01
7.182354931954950672e-01
9.837585826243486764e-01
6.561626660880213180e-01
8.260663072659293338e-01
9.351622366233269812e-01
4.561640337836300740e-01
8.260416594545090252e-01
4.840470632744190982e-01
2.887908685527060260e-01
7.738698077717311996e-01
2.888285776377417791e-01
8.876894960842800497e-01
3.314144207990241120e-01
8.260780269327777647e-01
7.419336568646044128e-02
7.891914978223195654e-01
1.056791343282995760e-01
4.004461402629603262e-01
4.545690739573543526e-01
6.028911835522166029e-02
3.547459754473930582e-01
2.587346122164000395e-01
2.585021927669292063e-01
2.641736237595241343e-01
7.412307711558105972e-01
8.260587287114169452e-01
6.325650482670850394e-01
1.891749961005249059e-01
5.872272789233569101e-01
7.749323312508966666e-01
8.741443859758437629e-01
2.479600991011363942e-01
8.122569995313695390e-01
8.969646245956892638e-01
2.668856109224264639e-01
4.595710116643192400e-01
9.880654870817398017e-01
4.067577208698045649e-02
6.976680275321306413e-01
2.527711407881548869e-02
9.151400627117800557e-01
8.260233485159171885e-01
4.869619741846978878e-01
7.728526430256977831e-01
6.999120148984099288e-01
2.479600991011363942e-01
5.643696349736805340e-01
4.324436567627655270e-01
7.416101844562231760e-01
5.952225424722135116e-01
3.939720937843175785e-01
9.164744730945570961e-01
4.016247860909879369e-02
5.790734695647463681e-01
4.527688803822566554e-01
8.934780781504677583e-01
4.741433642656958658e-01
8.333404573676921334e-01
4.250982332400088382e-01
8.725207860136912075e-01
8.328788789997456643e-01
6.928233755789533488e-01
8.879835720184419134e-01
8.355607905694634185e-02
2.937971216378555406e-01
9.549042422928475382e-01
6.663738674469941170e-01
4.305150024118084562e-01
2.249894530156626715e-01
8.565716331029452624e-01
1.025041720263686618e-01
1.892715387083902245e-01
4.121343937497062293e-01
6.837386282706208185e-01
8.892061082766138380e-01
6.837309629363519381e-01
6.004076969913146877e-01
5.437469462878230519e-01
4.798519078495879220e-01
8.420636575045865602e-01
9.915081282516846617e-01
4.281890089845193925e-01
7.260400553707831994e-01
8.712213361114627963e-01
1.007087381627788242e-01
4.777693853318005363e-02
9.180527535291338470e-01
7.884278630281758016e-01
2.664009255032577239e-01
9.990287914656725832e-01
1.892149880853437327e-01
4.821696601550554129e-01
6.607636100501880216e-01
6.634098013065954369e-01
6.837407274246538602e-01
8.260467621113396497e-01
2.901452535182343917e-01
7.891852238374641448e-01
7.717805708275121690e-01
7.484824305412965950e-01
2.865073157683324379e-01
6.104096441282900187e-01
5.845015854230633991e-04
6.007026825713135398e-01
8.762325468699705411e-01
9.565990708920684149e-01
8.395374055648774370e-01
9.697764475917207694e-01
3.735857694397928253e-01
6.000769953559694780e-01
5.280851895502459703e-01
9.367573406100725419e-01
9.781114193488913422e-01
7.788835973011942748e-01
6.675653473950317052e-01
8.260326886943418767e-01
8.048738340847287898e-01
1.231354597480450661e-02
4.017852255312481802e-01
4.324341419726039915e-01
4.902978506515014434e-01
