3.611001454691243340e-01
7.180469770183082190e-01
4.742432123953543299e-01
2.864855931458489824e-01
6.084820637208983030e-01
9.208138067916622482e-01
8.134882411385963019e-01
1.529697807391999509e-01
5.603594974138279561e-01
8.230566593268265896e-01
4.801754186639152766e-01
7.499658946431135842e-01
2.170799957457340279e-01
1.885119641709190053e-01
7.713525110860726119e-01
7.679757608899474564e-01
2.552667252840956982e-02
4.269081456217939663e-01
7.001352009996719694e-01
6.143921719057208186e-01
9.205809239858848692e-01
9.695202716862321157e-01
7.788686040091562512e-01
2.865086966763996101e-01
4.622987849256283144e-01
8.863314941589676144e-01
2.604337685350820442e-01
2.334415424702644681e-01
5.766692350045121707e-01
1.529575427688288081e-01
8.861031303039766938e-01
3.711388034897156185e-02
7.867164988722650243e-01
3.665332164708223206e-01
1.549935648884498696e-01
1.532205340858845410e-01
8.712704671761216657e-01
9.045502354252246136e-01
7.432614264964345629e-01
9.706199320644121054e-01
9.517812475786094906e-01
8.810341339936821337e-01
8.592584867947321570e-01
5.981996380430929516e-01
8.081080781047835782e-01
8.950483727684599433e-01
2.258643729327385052e-01
8.499827062609714989e-01
4.730125788325145186e-01
8.672966399615564814e-01
3.024329847165264651e-01
7.435091099546065063e-01
2.568639113946405428e-01
8.260525441814093872e-01
6.517775935001617338e-01
8.612468828998762760e-01
4.741008991953918894e-01
6.836823795467700249e-01
4.190100561011622093e-01
1.219276975430614030e-01
4.269081456217939663e-01
7.075052190071933200e-01
3.542764383442154608e-01
6.334516994926919775e-01
3.000035226992699491e-02
4.017754969194951564e-01
1.529780876047441562e-01
2.863674426481396251e-01
9.762781118195050789e-01
1.886386045877525286e-01
9.676522147328078249e-01
2.548734135047881488e-01
9.975976732977536177e-01
9.876783127506799653e-01
9.997765112480413441e-01
1.150375002340993380e-01
4.100876424557848288e-01
3.169974455464235480e-02
8.708387282141034635e-01
1.114737554629046667e-01
5.977902278942957004e-01
7.801783604604153322e-01
1.763902788507163907e-02
3.512248802232905698e-01
3.648387653975262990e-02
9.034664813033979058e-01
8.863314941589676144e-01
8.260642196269398774e-01
4.935688726736746079e-01
2.864841951329987757e-01
8.092168341638829032e-01
2.665871602441707289e-01
2.865113785506031574e-01
8.845252111136397977e-01
5.770269778489194312e-01
2.665645433374478346e-01
4.823592325902074651e-01
9.862213169057985063e-01
6.387084052699587566e-01
7.620296465249357665e-01
8.315799041690447035e-01
6.476221392349383876e-01
6.593027275664926634e-01
8.260690263994241445e-01
4.082911635267978956e-01
4.905845234084916795e-01
8.502418425608593289e-01
9.731145933993462505e-01
9.151528449324147774e-01
8.258535778804363403e-01
5.466633007524310806e-01
2.096393433555423791e-01
6.042465194350084001e-01
8.867129484549551854e-02
9.645151683875418103e-01
4.224724324232716488e-01
6.143993850515587773e-01
1.529896644385185245e-01
4.242827331559639314e-01
3.028803206266700854e-01
6.801911211352541509e-01
5.388217696712018778e-01
1.077439743919178655e-01
4.324021149233526762e-01
6.042052643032704701e-02
5.836348075268824598e-01
6.133091484591406406e-01
7.829265298415267749e-01
7.478860312995552206e-01
1.529845769392778332e-01
1.529658627226504475e-01
8.880001706218529911e-01
5.716018961171163149e-01
2.865060330422438128e-01
7.983524260290055796e-01
5.428839781789100705e-02
4.133581304610220442e-01
4.802108375567414322e-01
6.435386543843155671e-01
4.923817231738800149e-01
3.113624708072159075e-01
2.865425619898647192e-01
6.021611113360674228e-01
4.324054355374776781e-01
2.864636244903026596e-01
7.009969368356977482e-01
4.324022077431915467e-01
4.823622216320347933e-01
5.020541243704156747e-02
4.017808318552275326e-02
8.692172172653396534e-02
7.890420117213460260e-01
2.406921380003790023e-01
5.539945321353108021e-01
2.530372260792460581e-01
5.712487355857336357e-01
8.490551073130140347e-01
7.135990202410902317e-01
4.742198566496602652e-01
3.797620989864477492e-01
6.430392082731195558e-01
6.836947891316078607e-01
1.530190605600516007e-01
8.260641934870256442e-01
6.488016272817649366e-01
5.760999697990334401e-01
6.763875352209669511e-01
7.183622081507674562e-01
6.325495842264339252e-01
8.180599270316685212e-01
7.060610791389806962e-02
2.513291318247670159e-01
2.665974734901689347e-01
6.296330958323155258e-01
6.783900358199801417e-01
4.706214147340576637e-01
4.520142045641367678e-01
7.811635483745333897e-01
7.953113292027571557e-01
7.181729189431165228e-01
9.837786489231763465e-01
6.561383010036125896e-01
8.260223234261324654e-01
9.351773443104403061e-01
4.560628053986026664e-01
8.261047626266810884e-01
4.846553140570007967e-01
2.889132635558320228e-01
7.738464929805890513e-01
2.889550536153916438e-01
8.877064847201459052e-01
3.314117975815366601e-01
8.260609000678303948e-01
7.421404851973509298e-02
7.890392758620237146e-01
1.057276918561315115e-01
4.004367128345253657e-01
4.545198253535190913e-01
6.030327146248894155e-02
3.546720506375559689e-01
2.586791193877812089e-01
2.584611657366501225e-01
2.641067585173213494e-01
7.412146199456839391e-01
8.260472631369046859e-01
6.325482714239329951e-01
1.886564548792441509e-01
5.872189698314760342e-01
7.749045262967488856e-01
8.741740862543354584e-01
2.479376792415174113e-01
8.121138310020028506e-01
8.969774748938017517e-01
2.665905657695732400e-01
4.594723441505198513e-01
9.880823144255846957e-01
4.068791577625577999e-02
6.976121102719040623e-01
2.530270890075102946e-02
9.151545292596711123e-01
8.260530299791454256e-01
4.872140414676836007e-01
7.728293459021333689e-01
6.998566531031041871e-01
2.479376792415174113e-01
5.643623886309898641e-01
4.324043946843889596e-01
7.415880962334049364e-01
5.952156257809436690e-01
3.939598118759143341e-01
9.164866884771853961e-01
4.017808318552275326e-02
5.790632163066324889e-01
4.527350498662859324e-01
8.934899852345582483e-01
4.741669814689828399e-01
8.333841689845368217e-01
4.250835904654457487e-01
8.725550617329091985e-01
8.329429511897806782e-01
6.927528094093260425e-01
8.879972840447553084e-01
8.358677841326056512e-02
2.938504205390940482e-01
9.549316318890095356e-01
6.663388595796975178e-01
4.304846142920067398e-01
2.249561551959176064e-01
8.566520494289014964e-01
1.025572955467196484e-01
1.887149261154155711e-01
4.121234525337262311e-01
6.836916966901438464e-01
8.892181704040559298e-01
6.836969299205124528e-01
6.003985864684916463e-01
5.437347383739303819e-01
4.801854945866641522e-01
8.421175264483288236e-01
9.915229414687736220e-01
4.281625880132614581e-01
7.259907488688374100e-01
8.712704671761216657e-01
1.007761875179346150e-01
4.779111664809130439e-02
9.180641131840568958e-01
7.883566993953177171e-01
2.663076774912541134e-01
9.990433903004035665e-01
1.886296940959872326e-01
4.823784231744459028e-01
6.607314464960849509e-01
6.633762162368241899e-01
6.836892496715927248e-01
8.260769451801115437e-01
2.901973505790608754e-01
7.890372106158582977e-01
7.717599523249607518e-01
7.484521441834200983e-01
2.865131411207669232e-01
6.103853803426053659e-01
5.981605515598288755e-04
6.006867403225696345e-01
8.762602335528343334e-01
9.566236349834847941e-01
8.395952319180924883e-01
9.697994309364702525e-01
3.735592013708143866e-01
6.000664445792395219e-01
5.279991849418671501e-01
9.367712033953263795e-01
9.781293934432720993e-01
7.788440681196816540e-01
6.675224261525398717e-01
8.260367064269815707e-01
8.047708349832334296e-01
1.233170459721683564e-02
4.017719053442213584e-01
4.323631923825612677e-01
4.905845234084916795e-01
