3.609841150183772940e-01
7.179565769682592080e-01
4.744215854920511011e-01
2.865181455059339077e-01
6.084364658067253906e-01
9.208360320013260214e-01
8.127379715852525166e-01
1.528529186576829679e-01
5.603411721120306055e-01
8.228098838939119641e-01
4.808259739268664901e-01
7.498881900841896098e-01
2.169745913338003707e-01
1.882064224775153727e-01
7.713092956441324199e-01
7.679380579748944502e-01
2.557526762873850446e-02
4.268668781414232671e-01
6.997276991496825804e-01
6.143273619920979201e-01
9.206047517111204392e-01
9.695879984204679447e-01
7.787901392570777404e-01
2.865138452132938718e-01
4.620361578508789813e-01
8.863791670193098549e-01
2.602739003090209780e-01
2.333758035941046749e-01
5.766508458134771420e-01
1.528626036932346499e-01
8.861658192020263058e-01
3.715379062493629619e-02
7.865799958153814053e-01
3.664426982625118567e-01
1.551956742805692679e-01
1.537667116211188789e-01
8.713835063270805037e-01
9.045744059975774354e-01
7.432027519596134946e-01
9.706648861315229082e-01
9.518437907637686823e-01
8.811041017639338335e-01
8.594120222102894502e-01
5.981841427260004007e-01
8.078740403678965620e-01
8.950784126672765018e-01
2.257676354834538546e-01
8.501423272584331947e-01
4.729415485598236768e-01
8.675079515759949178e-01
3.027195293063305037e-01
7.434410441287528926e-01
2.567851036060026515e-01
8.260411050560165780e-01
6.517146675568494807e-01
8.613772771173321408e-01
4.742858244005006552e-01
6.835670410243189776e-01
4.189861810318600277e-01
1.220986661023852893e-01
4.268668781414232671e-01
7.073302784217949668e-01
3.541690546249433025e-01
6.333987791203055107e-01
3.005155779127202317e-02
4.017502977653243379e-01
1.528565364798339932e-01
2.864678112281962563e-01
9.763201115713477929e-01
1.883235782233831923e-01
9.677274046653483452e-01
2.548017330353570253e-01
9.976386190322048542e-01
9.877183597786768354e-01
9.998040720744095777e-01
1.151390433781968453e-01
4.100618976372355506e-01
3.174287992132329705e-02
8.711191711218928546e-01
1.115780454681700590e-01
5.977689237820315027e-01
7.800924625734251272e-01
1.768466020443755504e-02
3.511242113005837995e-01
3.653188248780555453e-02
9.034972639354817980e-01
8.863791670193098549e-01
8.260632610410580945e-01
4.937605402537686428e-01
2.865329497982478379e-01
8.088575763818486308e-01
2.661929213082693813e-01
2.865139490614495577e-01
8.845962485578211520e-01
5.770082089413471893e-01
2.661282244366011684e-01
4.834355188520646496e-01
9.862629106008593549e-01
6.386693000375903706e-01
7.619844996089517597e-01
8.317497777209351684e-01
6.475674593492741771e-01
6.592433231369236868e-01
8.261265617724400379e-01
4.082655710808107963e-01
4.913647534692944241e-01
8.503510503468546533e-01
9.731587576439261200e-01
9.151848432907223607e-01
8.258730055021911154e-01
5.466341375352802290e-01
2.094823971902688153e-01
6.041911632194030268e-01
8.872949101864123500e-02
9.645903710939282005e-01
4.224485478167232522e-01
6.143548442726349812e-01
1.528470119332459853e-01
4.242543356612838434e-01
3.030400865630089036e-01
6.801262522717224090e-01
5.387893047028833315e-01
1.078444809173181029e-01
4.323637639755019690e-01
6.045129938913110235e-02
5.836133578777833453e-01
6.132497502599600914e-01
7.827916453252897755e-01
7.478229214349167986e-01
1.528671252948451131e-01
1.528369863822522379e-01
8.880324332151010580e-01
5.715872205148284646e-01
2.865017199066534070e-01
7.974902142392805704e-01
5.432595496981609817e-02
4.133260108552672119e-01
4.808898412257162081e-01
6.434835189570276004e-01
4.927221050614482012e-01
3.118415781456306823e-01
2.865098540088289458e-01
6.021226614776107322e-01
4.323738815334679519e-01
2.865169401771206492e-01
7.004280822430581921e-01
4.323783065925118629e-01
4.834329180795804981e-01
5.024090465771884756e-02
4.021341423445835145e-02
8.698850345193134825e-02
7.886807733381657748e-01
2.406361566838513544e-01
5.539730380974201562e-01
2.529728776213207020e-01
5.712325278286820573e-01
8.493598272690973117e-01
7.134959655401578171e-01
4.744466903788974177e-01
3.797113017157164316e-01
6.430026526028276290e-01
6.836166315210010502e-01
1.528650954867435408e-01
8.260535569529687816e-01
6.487387138238629447e-01
5.760857977194979718e-01
6.763367076890139939e-01
7.180177756885510743e-01
6.325093582724998775e-01
8.176900948167407090e-01
7.064812960546593135e-02
2.512722615938209891e-01
2.661952982233493081e-01
6.296085437633427428e-01
6.783333855627722286e-01
4.705532289935561718e-01
4.519623365566963757e-01
7.810464688930246480e-01
7.944543196663524931e-01
7.179958368560874771e-01
9.838241212914211609e-01
6.560831828780383512e-01
8.259888794122991484e-01
9.352114490049452389e-01
4.558341527321970177e-01
8.261836731761953434e-01
4.866239082013393835e-01
2.892471141548255686e-01
7.737931364109871257e-01
2.892603652305479334e-01
8.877448787541810660e-01
3.314511315212802511e-01
8.260699947544671851e-01
7.426104243263906279e-02
7.886882929679059906e-01
1.058396637839235099e-01
4.004155768388249492e-01
4.544088594518960189e-01
6.033542006633930282e-02
3.545007730351564801e-01
2.585508924560840360e-01
2.583671332276792909e-01
2.639513158421630812e-01
7.411779774935103315e-01
8.260647450977249839e-01
6.325158629384206588e-01
1.883401736226346379e-01
5.872002141215080240e-01
7.748409048451671000e-01
8.742417133686725128e-01
2.478868183329968056e-01
8.117641231451345751e-01
8.970064524018772634e-01
2.663518712743055961e-01
4.592499655921075119e-01
9.881203835895474574e-01
4.071538426083156498e-02
6.974837396771884634e-01
2.536087272927341901e-02
9.151865074236060771e-01
8.260112615227299671e-01
4.878863859712216366e-01
7.727762762678778152e-01
6.997242221833728237e-01
2.478868183329968056e-01
5.643460993326788744e-01
4.323864579734753577e-01
7.415379594149682507e-01
5.952000124859535557e-01
3.939321614349641232e-01
9.165142304735883760e-01
4.021341423445835145e-02
5.790400994855553485e-01
4.526587893613774893e-01
8.935168231322753174e-01
4.744412354621729833e-01
8.334845832746776706e-01
4.250506298710869379e-01
8.726333242404450408e-01
8.330917495050228494e-01
6.925894645730756860e-01
8.880329944103448891e-01
8.365692512062723740e-02
2.939750006275723138e-01
9.549939153877701203e-01
6.662591550446674837e-01
4.304160853511173612e-01
2.248800060405918844e-01
8.568401036048622910e-01
1.026800741238771408e-01
1.884494708556920251e-01
4.120989362918758836e-01
6.836359270132748023e-01
8.892453605241863457e-01
6.836355130144013970e-01
6.003779782817464383e-01
5.437072335415176205e-01
4.808297953647293621e-01
8.422420974409489114e-01
9.915563827945488296e-01
4.281029842455348899e-01
7.258775650866571283e-01
8.713835063270805037e-01
1.009330221232420527e-01
4.782325390913876734e-02
9.180897135332969361e-01
7.881899831796534972e-01
2.660877013069070651e-01
9.990763361011785193e-01
1.883386811906330449e-01
4.834408857259353542e-01
6.606583511978558754e-01
6.632998215936404263e-01
6.836442777795561643e-01
8.260557296971893226e-01
2.903190329890196208e-01
7.886907306927345429e-01
7.717130502021845029e-01
7.483829462994513460e-01
2.865294027966888701e-01
6.103306591381523205e-01
6.290211069996783306e-04
6.006507557088685001e-01
8.763231941677661618e-01
9.566794052926073100e-01
8.397291951525314158e-01
9.698515527317569385e-01
3.734991911950765742e-01
6.000426212083234123e-01
5.278070245731012466e-01
9.368024781620205577e-01
9.781700490892321076e-01
7.787798831329195703e-01
6.674244525213776091e-01
8.260690330458553277e-01
8.045247147136405097e-01
1.237281372530072213e-02
4.017494440560144819e-01
4.323737600713996043e-01
4.913647534692944241e-01
