3.611570913937479643e-01
7.180914323265692456e-01
4.741065785339786398e-01
2.864744219700270378e-01
6.085047804836536400e-01
9.208027025879681471e-01
8.138094738343621959e-01
1.530344221867051269e-01
5.603686282133566454e-01
8.231723279743355937e-01
4.796066034712844206e-01
7.500040130390525084e-01
2.171314039573858379e-01
1.886535221008444341e-01
7.713739087733214594e-01
7.679943981393615449e-01
2.550257490275129740e-02
4.269287349346322369e-01
7.003350520696576265e-01
6.137941092765851758e-01
9.205690234291644680e-01
9.694868251452575247e-01
7.788943527835552327e-01
2.864815286374819969e-01
4.624286145952839489e-01
8.863078398620639620e-01
2.605109081833697493e-01
2.334739080085316554e-01
5.766783882668325978e-01
1.530473816365676143e-01
8.860721077242216248e-01
3.709405142156341206e-02
7.867824496708142323e-01
3.665780161645528779e-01
1.548975846282306668e-01
1.529955713238169701e-01
8.712168988064713515e-01
9.045381712174520583e-01
7.432904055386729825e-01
9.705975898550900371e-01
9.517503027888323253e-01
8.809995851007242917e-01
8.591842470761787975e-01
5.982073436632375785e-01
8.082182192276610166e-01
8.950333897624873636e-01
2.259117070282049000e-01
8.499056855298168234e-01
4.730481198943057852e-01
8.671957070046808491e-01
3.023007630199970319e-01
7.435426936172335743e-01
2.569027138134370447e-01
8.260530741189943127e-01
6.518088723557674546e-01
8.611835000508988314e-01
4.739300564477026412e-01
6.836540305778302518e-01
4.190220380573204118e-01
1.218454053458617459e-01
4.269287349346322369e-01
7.075897807693811714e-01
3.543292764633206859e-01
6.334780261926871159e-01
2.997497798154321463e-02
4.017849485529734199e-01
1.530446621526212747e-01
2.863617177738235764e-01
9.762572158761122498e-01
1.890847011468484717e-01
9.676150809174290934e-01
2.549087663800438941e-01
9.975773362235261787e-01
9.876584096377791777e-01
9.997627520319630756e-01
1.149879226402651111e-01
4.101005240478222125e-01
3.167832457738276736e-02
8.707063946736386395e-01
1.114228597101512425e-01
5.978008469388114143e-01
7.802201815321008205e-01
1.761637754934114453e-02
3.512743777040552295e-01
3.646007070854234006e-02
9.034511262904121320e-01
8.863078398620639620e-01
8.260538830226543672e-01
4.934785305673389244e-01
2.864896069674947587e-01
8.093815341377149641e-01
2.667758129349904195e-01
2.864959465690791185e-01
8.844901588006307547e-01
5.770363930363262561e-01
2.667172926163147717e-01
4.816947158609612978e-01
9.862006151516342634e-01
6.387278757336634083e-01
7.620519611291216577e-01
8.314982113501143690e-01
6.476492808196938622e-01
6.593321792208086674e-01
8.260258017645291106e-01
4.083039523758962841e-01
4.902642761547719719e-01
8.501885307772273359e-01
9.730926409318488846e-01
9.151373590496176824e-01
8.259636985500424800e-01
5.466777975036104520e-01
2.097148480867296882e-01
6.042740335660002904e-01
8.864257600556520178e-02
9.644780330658365708e-01
4.224844155363002285e-01
6.138011764965027872e-01
1.530620929091346671e-01
4.242969357903675909e-01
3.028042336559780279e-01
6.802232289590115499e-01
5.388379518931019074e-01
1.076948016432431598e-01
4.324276646081692266e-01
6.040526542684745287e-02
5.836454862217677064e-01
6.133387562571688267e-01
7.829914925367604805e-01
7.479171964225483915e-01
1.530767404251083541e-01
1.530506584850280238e-01
8.879834272636475401e-01
5.716092528122012073e-01
2.864960424451218346e-01
7.987168118483447543e-01
5.426974321133979512e-02
4.133741600899318303e-01
4.795960717368931703e-01
6.435660549616264436e-01
4.922273920387491564e-01
3.111508822000063623e-01
2.864932873692484505e-01
6.021802602078030198e-01
4.324534371792875254e-01
2.864841211943822130e-01
7.012565479810723978e-01
4.324740613089838592e-01
4.816795469298332799e-01
5.018777080830005843e-02
4.016052977449889594e-02
8.688884920607270468e-02
7.891590726979726966e-01
2.407198178384611642e-01
5.540052623968090284e-01
2.530690232558674424e-01
5.712567942634263485e-01
8.489123965061117216e-01
7.136495151039510265e-01
4.741033560418931869e-01
3.797873435716338508e-01
6.430574105334090351e-01
6.836620262888508659e-01
1.530902634780538785e-01
8.259852626449302182e-01
6.488329046183356485e-01
5.761070497210780683e-01
6.764127666842493225e-01
7.185721399259135111e-01
6.325668313499352990e-01
8.182288859550318483e-01
7.058532802906783421e-02
2.513572964413421373e-01
2.667719894448303264e-01
6.296453122952407888e-01
6.784181106669209260e-01
4.706556163914341062e-01
4.520400456202927075e-01
7.812202232171334693e-01
7.956743069990874773e-01
7.182432253813693102e-01
9.837560783774207396e-01
6.561656977943027824e-01
8.260722162638070021e-01
9.351603484869451810e-01
4.561765763966504350e-01
8.260793367852505842e-01
4.839803289881592363e-01
2.887697378413427440e-01
7.738727039597004254e-01
2.888175935037368691e-01
8.876873755419916190e-01
3.311963613064113909e-01
8.260459089770790797e-01
7.419078611924086186e-02
7.891735549280898265e-01
1.056731079125011186e-01
4.004473147949884071e-01
4.545751892157445240e-01
6.028735162505161754e-02
3.547550912874163354e-01
2.587414674158934336e-01
2.585072759038526957e-01
2.641818654046927950e-01
7.412327816535473346e-01
8.260376580774803079e-01
6.325669476853832407e-01
1.890756097173573180e-01
5.872283121730574873e-01
7.749357838946268062e-01
8.741406897326960967e-01
2.479628872366806958e-01
8.122743781859764756e-01
8.969630183261092515e-01
2.667494295083242539e-01
4.595832447577932189e-01
9.880633860860779105e-01
4.067425470743107896e-02
6.976749532304984402e-01
2.527392231208278051e-02
9.151383192719770854e-01
8.259926578906432448e-01
4.869322447955776734e-01
7.728555398326123482e-01
6.999188674116353370e-01
2.479628872366806958e-01
5.643705375324499229e-01
4.324332383716380512e-01
7.416129332202968660e-01
5.952234028467571214e-01
3.939736231930159871e-01
9.164729456644675754e-01
4.016052977449889594e-02
5.790747455214024786e-01
4.527730794377261003e-01
8.934765905002987063e-01
4.740823629160617059e-01
8.333350346721406510e-01
4.251000550470153683e-01
8.725165232747148503e-01
8.328709610462001756e-01
6.928320921916982789e-01
8.879802829369193296e-01
8.355225560998758016e-02
2.937905360687213530e-01
9.549008287634278558e-01
6.663782166035728816e-01
4.305187772067276541e-01
2.249935832122738344e-01
8.565617204711806210e-01
1.024975849814768331e-01
1.891215448478056893e-01
4.121357561275714732e-01
6.836637025956728841e-01
8.892046012987863124e-01
6.836588749719481051e-01
6.004088275633665539e-01
5.437484658997313591e-01
4.795704853624366826e-01
8.420569880869002155e-01
9.915062768419822259e-01
4.281922920588721593e-01
7.260461653298380114e-01
8.712137228333324268e-01
1.007003924669111067e-01
4.777516812923660733e-02
9.180513328668026274e-01
7.884366271614485777e-01
2.664123602138057656e-01
9.990269663964237434e-01
1.890867143753746371e-01
4.816802249929280078e-01
6.607676078401070185e-01
6.634139747718894586e-01
6.836690485703479370e-01
8.260040941020830862e-01
2.901388145567064258e-01
7.891805428381479803e-01
7.717831357402629155e-01
7.484861915633056473e-01
2.865155847838807834e-01
6.104126614839828768e-01
5.827951979826261628e-04
6.007046664844857276e-01
8.762290985723519832e-01
9.565960077659459992e-01
8.395302528209194204e-01
9.697735801008154910e-01
3.735890722348951809e-01
6.000783086435417246e-01
5.280959091192773958e-01
9.367556076390106679e-01
9.781091747441107431e-01
7.788866204178924724e-01
6.675706743856451020e-01
8.260220461064290420e-01
8.048864356017488841e-01
1.231127869439610500e-02
4.017865041132168136e-01
4.324382935011287232e-01
4.902642761547719719e-01
