3.611569032356373721e-01
7.180912851279318554e-01
4.740780745801203566e-01
2.864865972381597237e-01
6.085047050399157165e-01
9.208027396408394738e-01
8.138084602312630755e-01
1.530469299836154651e-01
5.603685978989472183e-01
8.231719506485806193e-01
4.798304947312716506e-01
7.500038868795526614e-01
2.171312342295099451e-01
1.886530626702986324e-01
7.713738377139531810e-01
7.679943362735138779e-01
2.550265510381158687e-02
4.269286665852158325e-01
7.003344026792999166e-01
6.144011804690689971e-01
9.205690631363069310e-01
9.694869362872622354e-01
7.788942158614784450e-01
2.865068849666089768e-01
4.624281862732853576e-01
8.863079185446556263e-01
2.605106545562782538e-01
2.334738008424711020e-01
5.766783578834848711e-01
1.530651287470945199e-01
8.860722108253947793e-01
3.709411746927726572e-02
7.867822324513624732e-01
3.665778678124894663e-01
1.548978996631229788e-01
1.529963635716842241e-01
8.712154267697866938e-01
9.045382114305627885e-01
7.432903094088872953e-01
9.705976642658128428e-01
9.517504056823217207e-01
8.809996998340900998e-01
8.591844918092608197e-01
5.982073181271383433e-01
8.082178594575677444e-01
8.950334397146025855e-01
2.259115506010974661e-01
8.499059392394830992e-01
4.730480018373702800e-01
8.671960383972009412e-01
3.023011928092379508e-01
7.435425822621816172e-01
2.569025853572440843e-01
8.260470730154547692e-01
6.518087685310036683e-01
8.611837094142870130e-01
4.740334531858553246e-01
6.837090858829730777e-01
4.190219982367519580e-01
1.218456765245466838e-01
4.269286665852158325e-01
7.075895024293645807e-01
3.543291017509194729e-01
6.334779388143102485e-01
2.997506241237884311e-02
4.017849075000007320e-01
1.530311298232470973e-01
2.863355313151719761e-01
9.762572854996017790e-01
1.891106052574806906e-01
9.676152043430388261e-01
2.549086492714784935e-01
9.975774039401966720e-01
9.876584759235637057e-01
9.997627979405243615e-01
1.149880868210898105e-01
4.101004812394611898e-01
3.167839591344592115e-02
8.707068271597446785e-01
1.114230282257630822e-01
5.978008116485542534e-01
7.802200433431729643e-01
1.761645296315784981e-02
3.512742140130920010e-01
3.646014994353174998e-02
9.034511774876194945e-01
8.863079185446556263e-01
8.260285059431151655e-01
4.934788260996519904e-01
2.864828346890652133e-01
8.093810010486675033e-01
2.668444022134253690e-01
2.865143326678769031e-01
8.844902751796767104e-01
5.770363617371483400e-01
2.668057805975646568e-01
4.820376211101493058e-01
9.862006841437043203e-01
6.387278111045205931e-01
7.620518870792941657e-01
8.314984801416227533e-01
6.476491907021857397e-01
6.593320814773618865e-01
8.260513735474518393e-01
4.083039098754994711e-01
4.902652767929636668e-01
8.501887070957162562e-01
9.730927140481671067e-01
9.151374134122364223e-01
8.259686408374570243e-01
5.466777494107246671e-01
2.097145999318687504e-01
6.042739422217318079e-01
8.864267148891702419e-02
9.644781564914629568e-01
4.224843757157188961e-01
6.143830455139215330e-01
1.530475755900510826e-01
4.242968886113205884e-01
3.028044836210876944e-01
6.802231224452586211e-01
5.388378981648511701e-01
1.076949646170595604e-01
4.324361087919381674e-01
6.040531624254783655e-02
5.836454507774813116e-01
6.133386579846045183e-01
7.829912786682085013e-01
7.479170930521283900e-01
1.530706794517340263e-01
1.530286053154846782e-01
8.879817889575332135e-01
5.716092283550754383e-01
2.864940115484341798e-01
7.987156690440891937e-01
5.426980532865346984e-02
4.133741068443237965e-01
4.798371715884858224e-01
6.435659639953738020e-01
4.922278904801782873e-01
3.111515597729151428e-01
2.864886496734633803e-01
6.021801967662152588e-01
4.324141392236174886e-01
2.864783820148930626e-01
7.012557128934384654e-01
4.324574337117271794e-01
4.820777684195869939e-01
5.018782956837677944e-02
4.016058824575051422e-02
8.688895838789714721e-02
7.892531462902079298e-01
2.407197260548566142e-01
5.540052267558952526e-01
2.530689178583876986e-01
5.712567675193324090e-01
8.489128616956979068e-01
7.136493481026779939e-01
4.740871165992237013e-01
3.797872597957547836e-01
6.430573500934763098e-01
6.837237974587800915e-01
1.530900309080737431e-01
8.260346636653992380e-01
6.488328007935892927e-01
5.761070262049186042e-01
6.764126829097290017e-01
7.185714596679853017e-01
6.325667689195759724e-01
8.182283396980251089e-01
7.058539715990828911e-02
2.513572030192791629e-01
2.668353148744485592e-01
6.296452717680725009e-01
6.784180174888814197e-01
4.706555026866247604e-01
4.520399599573882710e-01
7.812200363251744495e-01
7.956731680518270844e-01
7.182429935886582850e-01
9.837561535168366511e-01
6.561656068356995775e-01
8.260695649426657017e-01
9.351604051455476574e-01
4.561762001216035367e-01
8.260855379151276212e-01
4.839823043533903468e-01
2.887703693841884300e-01
7.738726170977109353e-01
2.888179224215832730e-01
8.876874391728581948e-01
3.314101743711620474e-01
8.260269124718633282e-01
7.419086350623763093e-02
7.892612669037453177e-01
1.056732885977196279e-01
4.004472795405549790e-01
4.545750056957811314e-01
6.028740462740907191e-02
3.547548180106508964e-01
2.587412618830217115e-01
2.585071234540062823e-01
2.641816183605371626e-01
7.412327213401377346e-01
8.260316398644624858e-01
6.325668906924366564e-01
1.891166976599986671e-01
5.872282811722950857e-01
7.749356803443996355e-01
8.741408006169850697e-01
2.479628035857791013e-01
8.122738582637775151e-01
8.969630665264251013e-01
2.669305082081644409e-01
4.595828777156816258e-01
9.880634491298190270e-01
4.067430023660558586e-02
6.976747455565123213e-01
2.527401806486517799e-02
9.151383707556479674e-01
8.259929114959961849e-01
4.869331315078855305e-01
7.728554529403010021e-01
6.999186619502458795e-01
2.479628035857791013e-01
5.643705104497880320e-01
4.324458765805928029e-01
7.416128507566438488e-01
5.952233770327757245e-01
3.939735772918728784e-01
9.164729914992130189e-01
4.016058824575051422e-02
5.790747072355411085e-01
4.527729534200288231e-01
8.934766351460829981e-01
4.740627909276078911e-01
8.333351972889860848e-01
4.251000003675594052e-01
8.725166511333438679e-01
8.328711983921432971e-01
6.928318308955314642e-01
8.879820953369441661e-01
8.355237028535919541e-02
2.937907334332092724e-01
9.549009311676519562e-01
6.663780861461208183e-01
4.305186639195942022e-01
2.249934593321864240e-01
8.565620175293906513e-01
1.024977824618748951e-01
1.892273962757250738e-01
4.121357152340137664e-01
6.837245733599432995e-01
8.892046465229047625e-01
6.837345675117771915e-01
6.004087936483677446e-01
5.437484203028428720e-01
4.798372608892020330e-01
8.420571880440242962e-01
9.915063324013259072e-01
4.281921935303743543e-01
7.260459821123550483e-01
8.712154267697866938e-01
1.007006426110116232e-01
4.777522124672373138e-02
9.180513754994298337e-01
7.884363645451630820e-01
2.664120176504325976e-01
9.990270211662247712e-01
1.891071338863910267e-01
4.821342793011978434e-01
6.607674879147225067e-01
6.634138495804786650e-01
6.837420671707038489e-01
8.260004417928152876e-01
2.901390075326452656e-01
7.892334319549771937e-01
7.717830588000585967e-01
7.484860787645872815e-01
2.865130169866605403e-01
6.104125709515307863e-01
5.828464036202040278e-04
6.007046069569998981e-01
8.762292020201380982e-01
9.565960996637280500e-01
8.395304672474753760e-01
9.697736661330966790e-01
3.735889731274930625e-01
6.000782692402859553e-01
5.280955874523982629e-01
9.367556596426925841e-01
9.781092420978264590e-01
7.788865297554143918e-01
6.675705146140371582e-01
8.260222102576736392e-01
8.048860582767073391e-01
1.231134672659200610e-02
4.017864657344386026e-01
4.324238576807292733e-01
4.902652767929636668e-01
