3.511567329144604788e-01
7.080911863446436305e-01
4.708573246958724923e-01
2.843707637306033265e-01
5.985046181917146324e-01
9.308028164948932703e-01
8.038091343805129352e-01
1.499880317199989710e-01
5.503684337772878354e-01
8.131722212220048318e-01
4.791287792901605114e-01
7.400035990443457612e-01
2.071311125249660490e-01
1.786532803658668900e-01
7.613734502374374102e-01
7.579943426744566448e-01
3.550230136983374696e-02
4.169285975876595440e-01
6.903349698506142662e-01
6.048963423610224099e-01
9.305693846582119289e-01
9.794865688895608713e-01
7.688940222589002449e-01
2.884960378127149339e-01
4.524280019850926982e-01
8.963072953379510599e-01
2.505103513573888052e-01
2.234735617075589709e-01
5.666782985127380989e-01
1.516843552285598307e-01
8.960719138391973759e-01
4.709374645707699314e-02
7.767824241086993542e-01
3.565777253770313626e-01
1.648972749189308584e-01
1.629749565268956424e-01
8.812146206519165803e-01
9.145377651778278105e-01
7.332898651759437447e-01
9.805971314461016108e-01
9.617498074578593181e-01
8.909992336550746073e-01
8.691839627652387934e-01
5.882070887363175515e-01
7.982178813431800579e-01
9.050330718888740522e-01
2.159112882587800875e-01
8.599054364982626764e-01
4.630475776543847011e-01
8.771952927630906061e-01
3.123006122167189536e-01
7.335424019048224498e-01
2.469022525463362705e-01
8.194806463980982558e-01
6.418085139750356882e-01
8.711829932930849063e-01
4.645748581893608953e-01
6.740185601170759488e-01
4.090222048355919848e-01
1.318451555897831029e-01
4.169285976009528549e-01
6.975897825013479547e-01
3.443289993054411968e-01
6.234777009250772606e-01
3.997456908485865629e-02
3.918141953833693125e-01
1.494187360507265583e-01
2.771678278660525407e-01
9.862566494211789658e-01
1.819227727969317809e-01
9.776150757440984496e-01
2.449086252200259606e-01
7.577192117675561091e-03
9.976582517118003368e-01
9.762602700026793909e-03
1.249874333957722294e-01
4.001003022608169979e-01
4.167767966991572925e-02
8.807057723361315649e-01
1.214225147593029630e-01
5.878006221066718329e-01
7.702199356161718580e-01
2.761623104266564682e-02
3.412740655855904803e-01
4.645969877286269811e-02
9.134507124649553500e-01
8.963072953365681661e-01
8.311744530516053109e-01
5.034784465891148919e-01
2.860140273856866533e-01
7.993815563193216178e-01
2.599063408895624372e-01
2.866808251053294954e-01
8.944900097201906597e-01
5.670359269583641337e-01
2.581774487231911497e-01
4.857838794151817519e-01
9.962003760155230259e-01
6.287276712310071458e-01
7.520516080936388015e-01
8.414977041291621385e-01
6.376490432402803776e-01
6.493320251533499787e-01
8.166760938037912476e-01
3.983039310962667723e-01
5.002642656153098999e-01
8.601887034898869633e-01
9.830923712327169772e-01
9.251193813908717978e-01
8.180344394679189834e-01
5.366774736057057238e-01
1.997149643944465813e-01
5.942737410838434542e-01
9.864202795180578021e-02
9.744775734065589390e-01
4.124841988945949778e-01
6.061021813179445772e-01
1.527912764399786127e-01
4.142969087147623797e-01
3.128038569517435086e-01
6.702232427601515496e-01
5.288376568662176425e-01
1.176948040235179377e-01
4.247471779266476233e-01
7.040472103115649749e-02
5.736453136308554690e-01
6.033384843866439473e-01
7.729911090432275422e-01
7.379168040489811897e-01
1.562108373416303542e-01
1.482508565982226523e-01
8.979674582613165201e-01
5.616092763521993714e-01
2.807089903740340731e-01
7.887168424636598063e-01
6.426907355003141920e-02
4.033739557593720715e-01
4.814441220625483853e-01
6.335660011484463006e-01
5.022272536356188199e-01
3.211504145935692445e-01
2.887280306255426976e-01
5.921801054008943854e-01
4.257155472460333323e-01
2.845567745224405476e-01
6.912566322677102804e-01
4.269811954583411229e-01
4.883971927058667339e-01
6.018764596648318310e-02
5.016043475793033335e-02
9.688825421214171396e-02
7.818890403153037072e-01
2.307196503919454467e-01
5.440050712870443395e-01
2.430686665094985710e-01
5.612566218898925596e-01
8.589117096019596165e-01
7.036489091831799048e-01
4.706868098465833983e-01
3.697870450557023125e-01
6.330570678567148946e-01
6.744771874155490732e-01
1.577459232306794301e-01
8.224305852140886275e-01
6.388326482325258349e-01
5.661066765373850007e-01
6.664124486894247301e-01
7.085718145995664186e-01
6.226562202405800939e-01
8.082280787328808280e-01
8.058469958390822308e-02
2.413572111708504886e-01
2.617545194354881088e-01
6.196445448151097768e-01
6.684179111057833023e-01
4.606552878417904395e-01
4.420397490868512858e-01
7.712200765528015589e-01
7.856739219778258176e-01
7.082431015001300345e-01
9.937556903534868757e-01
6.461658087422073038e-01
8.355204000236668982e-01
9.451596947835215756e-01
4.461762523608613362e-01
8.341170338573824505e-01
4.939798281722840301e-01
2.987692967030876612e-01
7.638722990145024871e-01
2.988173462564175931e-01
8.976869674747509631e-01
3.288082548080404344e-01
8.310489444385541491e-01
8.419058403501833432e-02
7.813433631487010089e-01
1.156731918505368023e-01
3.904469056072544797e-01
4.445748291204673630e-01
7.028694729427253929e-02
3.447546705738468997e-01
2.487414744602342298e-01
2.485072257113298821e-01
2.541817172007480585e-01
7.312323164565848188e-01
8.310589276370591305e-01
6.226562202537064827e-01
1.820440094242452844e-01
5.772278251665629023e-01
7.649358770480959580e-01
8.841402097996298171e-01
2.379624682536559399e-01
8.022742959087294512e-01
9.069628528613683516e-01
2.653515981750161901e-01
4.495826093905735954e-01
9.980635269722349934e-01
5.067370055010429059e-02
6.876744797039928692e-01
3.527380340931207670e-02
9.251193813966328561e-01
8.236124460210131337e-01
4.969319155209599437e-01
7.628551035501569544e-01
6.899182489398083540e-01
2.379624682537793967e-01
5.543702140634021447e-01
4.278168113964132546e-01
7.316127734030444252e-01
5.852227567056025315e-01
3.839735806476811675e-01
9.264726787661390350e-01
5.016043475793036110e-02
5.690742561455227611e-01
4.427726768231513566e-01
9.034760586333521193e-01
4.684611423064506952e-01
8.433345573746107160e-01
4.150997139668836100e-01
8.825163806553920631e-01
8.428707288052013080e-01
6.828316535196794490e-01
8.979674582672132477e-01
9.355211942210672760e-02
3.037900159054182647e-01
9.649004403757063253e-01
6.563781896041365194e-01
4.205184830576101374e-01
2.149934356556769954e-01
8.665615654365150800e-01
1.124971494185319359e-01
1.874024870607369775e-01
4.021356860749957240e-01
6.755093708037107625e-01
8.992043047315010362e-01
6.761369111681134747e-01
5.904082362185324451e-01
5.337480723129192084e-01
4.780261339476231108e-01
8.520565140371947344e-01
1.506164942273355636e-03
4.181920578361138507e-01
7.160458454007410101e-01
8.812146206518977065e-01
1.107000296452107929e-01
5.777550096855203765e-02
9.280512169627356256e-01
7.784362248883400781e-01
2.564119528910757673e-01
9.027193250805976010e-03
1.834643942931269700e-01
4.882148974382142792e-01
6.507672358300480298e-01
6.534135824264036829e-01
6.756792782953914278e-01
8.256783567354590847e-01
3.001382366702186055e-01
7.804585681475258996e-01
7.617833876533486315e-01
7.384858218856175105e-01
2.915140359075997778e-01
6.004125020549588854e-01
1.058187404361507489e-02
5.907041773276939800e-01
8.862291558015376047e-01
9.665957535767050191e-01
8.495296047831035757e-01
9.797736354416870519e-01
3.635890311150643539e-01
5.900778213919776194e-01
5.180957703860203933e-01
9.467552866564022951e-01
9.881086279949079509e-01
7.688863880562253339e-01
6.575703432115231895e-01
8.297843131868705147e-01
7.948861018223797315e-01
2.231127411230183002e-02
3.918141953719406767e-01
4.249021444475007958e-01
5.002642656154182577e-01
