3.590930196412157605e-01
7.151370996151086290e-01
4.763374890022258334e-01
2.873617184229867449e-01
6.077024702903734976e-01
9.211702048744239146e-01
8.056124817246720360e-01
1.510201536505395292e-01
5.600463424487286401e-01
8.175427567367452575e-01
4.854428632393855136e-01
7.484671103628525168e-01
2.149965291311383975e-01
1.820188478871981042e-01
7.705825237493630908e-01
7.672913947406969637e-01
2.637339307601645894e-02
4.262443827291977905e-01
6.962171987805026996e-01
6.133553536367022385e-01
9.209644454979999395e-01
9.707047143025406832e-01
7.774890599924986212e-01
2.873907346483544067e-01
4.596854114639165600e-01
8.871536802508309671e-01
2.572339964009868751e-01
2.322305507043126438e-01
5.763489819693912164e-01
1.510023773805020120e-01
8.871491493857394106e-01
3.780178544005304009e-02
7.838200873169878236e-01
3.650570710607322078e-01
1.595861765247565678e-01
1.593991892939596311e-01
8.739808907047186270e-01
9.049410471827175062e-01
7.421926671071298331e-01
9.713741163045892524e-01
9.528662415463893254e-01
8.822658263899028075e-01
8.622594783645335381e-01
5.979178622900155338e-01
8.027834376518323545e-01
8.955368807059624903e-01
2.240125822409497480e-01
8.530494382408828624e-01
4.719340631410294251e-01
8.713288530945920707e-01
3.079543054160676085e-01
7.422576332418615586e-01
2.554414431469460012e-01
8.225964873921751686e-01
6.506946362636453207e-01
8.637760635579234680e-01
4.724863530230830611e-01
6.820194384332534110e-01
4.186464557918989637e-01
1.253935847648385005e-01
4.262443827291977905e-01
7.042644110389582046e-01
3.520868045293487625e-01
6.325262279140375643e-01
3.089867261583752883e-02
4.014152924017131974e-01
1.510162837463474295e-01
2.839392386726745099e-01
9.769760649922536455e-01
1.839035441486349676e-01
9.689633659353925621e-01
2.535950499419148407e-01
9.983003894347979301e-01
9.883587010597226774e-01
2.254671606555411450e-04
1.170702879976807109e-01
4.096837413547583240e-01
3.244603685711493213e-02
8.739474553931794176e-01
1.135585291065663027e-01
5.974285008686122111e-01
7.783948897937493783e-01
1.842793484609821925e-02
3.494593083451215665e-01
3.732200599361736038e-02
9.039667953307616299e-01
8.871536802508309671e-01
8.279198383776473769e-01
5.011629601138010148e-01
2.873954158013023452e-01
8.028384112153420515e-01
2.625378867387074822e-01
2.873873564238179079e-01
8.857847095875549526e-01
5.767249516365653417e-01
2.619692791075151073e-01
4.915563538250485309e-01
9.869137891310847399e-01
6.380179283969147352e-01
7.612138011106255320e-01
8.350242591833634265e-01
6.466772671414833251e-01
6.582587761487659339e-01
8.225088433067611060e-01
4.078823384535083529e-01
5.010946042965701563e-01
8.530509521955417229e-01
9.738579634381077099e-01
9.156707556836246598e-01
8.225244507060230914e-01
5.461558594517748055e-01
2.062787394292050214e-01
6.033019636199186131e-01
8.975618868366565251e-02
9.658294922039246666e-01
4.221070844968772273e-01
6.133883228892288431e-01
1.510277832594230651e-01
4.238339919564800828e-01
3.079490252289383556e-01
6.790385906183127318e-01
5.382785555460207760e-01
1.096986007537951585e-01
4.325611146776597860e-01
6.096689322582891229e-02
5.832618565814473577e-01
6.122942057876080701e-01
7.799782688705758638e-01
7.467325567069305059e-01
1.528831527855306349e-01
1.510048716549539649e-01
8.885573473948386036e-01
5.713645484823614007e-01
2.873175358979630500e-01
7.906089674941005896e-01
5.493593854546068023e-02
4.128393122885147815e-01
4.860922324529561300e-01
6.425839692919360635e-01
5.011543072246212871e-01
3.205955897395986742e-01
2.873800724811776952e-01
6.014588694371858502e-01
4.325556536532572105e-01
2.873760776837606112e-01
6.962133590070225253e-01
4.325648529178379720e-01
4.915681786987750601e-01
5.081339005451638441e-02
4.078856576230768805e-02
8.818944040415797880e-02
7.846569723599648993e-01
2.397069640751459674e-01
5.536380780133021151e-01
2.519069465719768197e-01
5.709660860438279251e-01
8.530370854204336606e-01
7.116510002075104868e-01
4.763103325713355929e-01
3.789193757938144613e-01
6.423988683336936401e-01
6.820325805061253632e-01
1.529555735910391179e-01
8.240793285547638458e-01
6.477210193247684433e-01
5.758600206197743709e-01
6.754987147791366997e-01
7.151931588772112436e-01
6.319276024402061820e-01
8.112468715305665157e-01
7.137762395815312744e-02
2.503493265636257403e-01
2.628901617199153051e-01
6.291884510324946556e-01
6.773891796785480590e-01
4.696079760889185772e-01
4.511774177636863059e-01
7.786821349110345514e-01
7.876444425099584645e-01
7.151441302407670619e-01
9.845598716540643336e-01
6.551857076548082137e-01
8.280086541318987248e-01
9.357364489155490794e-01
4.537013281212534666e-01
8.279652729662505539e-01
4.989145037307433084e-01
2.945076134196968343e-01
7.728268229537412770e-01
2.944983397954834548e-01
8.883419411967437007e-01
3.318729969373748201e-01
8.279396523436897137e-01
7.505773585125305458e-02
7.846402003964290106e-01
1.079667216760272913e-01
4.001137180528177018e-01
4.529371629916196795e-01
6.089072349630272885e-02
3.521027582125081934e-01
2.564891763255623403e-01
2.564805196790639896e-01
2.610207790376513626e-01
7.405665600959907557e-01
8.279075853165551724e-01
6.319348472744136247e-01
1.838782920233217877e-01
5.868896889064809663e-01
7.736854220649989067e-01
8.753616091404972099e-01
2.470659480919182860e-01
8.055782396743532692e-01
8.974476459332224598e-01
2.665775226182754976e-01
4.571618774926626827e-01
9.887283070418103614e-01
4.116290314966431635e-02
6.952990729062877850e-01
2.633263256649161568e-02
9.156738320302280076e-01
8.240993609954845311e-01
4.998186421982010463e-01
7.718579427534728588e-01
6.961898702064093225e-01
2.470659480919182860e-01
5.640954299134079974e-01
4.325781336537496968e-01
7.406951589856928253e-01
5.949422229983333255e-01
3.935178246399824720e-01
9.169324145395980619e-01
4.078856576230768805e-02
5.786683624373261114e-01
4.515545482769985908e-01
8.939231106256987358e-01
4.763184280170306706e-01
8.355129293299856652e-01
4.245566620884679288e-01
8.739669754198140517e-01
8.355207699174679314e-01
6.897957390267612787e-01
8.885574516698310221e-01
8.492030578999322510e-02
2.967875551787859112e-01
9.560215065885335761e-01
6.649148660967298952e-01
4.294157384034760772e-01
2.235414705815058911e-01
8.602425358876296668e-01
1.050249432686263806e-01
1.865939227458723870e-01
4.117511172341482006e-01
6.820312008450591934e-01
8.896581135336689705e-01
6.820677641683381420e-01
6.000170355265495026e-01
5.432769740884348941e-01
4.854012131097200089e-01
8.445829580436727824e-01
9.920759980308100356e-01
4.272147862242429706e-01
7.238578822466470442e-01
8.739808907047186270e-01
1.039028022850841532e-01
4.835822337017352257e-02
9.184768894118519045e-01
7.846187304943417207e-01
2.619452708025581944e-01
9.995872851708714757e-01
1.839164006392716710e-01
4.915678053114523327e-01
6.594390299192007809e-01
6.620186491608972545e-01
6.820287328966132545e-01
8.241364019205220659e-01
2.945098934852443673e-01
7.846286114605520723e-01
7.709126021081522673e-01
7.471544441067472508e-01
2.874106339605154159e-01
6.094400909033087510e-01
1.116797550196094949e-03
6.000650070639754752e-01
8.773586196207238119e-01
9.575869727678030241e-01
8.422555493920651504e-01
9.707098655168833190e-01
3.725979991027388305e-01
5.996544961018762665e-01
5.260071879120049587e-01
9.372818919595644616e-01
9.788123711500043012e-01
7.774797749518995715e-01
6.657730187411237122e-01
8.278954148993489248e-01
7.994720666888531779e-01
1.303675464002444252e-02
4.014122040587677631e-01
4.325591187239989366e-01
5.010946042965701563e-01
