3.611382128834320082e-01
7.180766865311278835e-01
4.741609902866007475e-01
2.864902922694262388e-01
6.084972349215680421e-01
9.208064025945124076e-01
8.137062705187922962e-01
1.529901283238541687e-01
5.603655958347621979e-01
8.231343324943486417e-01
4.799335286299497016e-01
7.499913716588111345e-01
2.171143731352095652e-01
1.886071633294153227e-01
7.713667960115286881e-01
7.679882047116333155e-01
2.551059088449417200e-02
4.269218880301555163e-01
7.002695915726119269e-01
6.144278972122445559e-01
9.205729884489604053e-01
9.694979408762991469e-01
7.788806305205977498e-01
2.864901791285546229e-01
4.623856068438447209e-01
8.863157105596437546e-01
2.604854234663666612e-01
2.334631641424440851e-01
5.766753489857593395e-01
1.530227963601557273e-01
8.860824231013889607e-01
3.710065025808925027e-02
7.867606476983248776e-01
3.665631408183266382e-01
1.549292291902271690e-01
1.530551600412379532e-01
8.712335542481129957e-01
9.045421902262843483e-01
7.432807812248138912e-01
9.706050252368936260e-01
9.517605912428123149e-01
8.810110681868708049e-01
8.592088054957185417e-01
5.982047891310732224e-01
8.081820073801291304e-01
8.950383810351592029e-01
2.258960168904337873e-01
8.499311528620501210e-01
4.730363050184878682e-01
8.672290005815386227e-01
3.023440806269624970e-01
7.435315425869670758e-01
2.568898357583311864e-01
8.260585455402477129e-01
6.517984857564227408e-01
8.612044919710928337e-01
4.740693019769921523e-01
6.837475016576988196e-01
4.190180491585783762e-01
1.218726033516760177e-01
4.269218880301555163e-01
7.075618448096832047e-01
3.543117511271937636e-01
6.334692860204944598e-01
2.998341733143897875e-02
4.017837229930336096e-01
1.530045973637421119e-01
2.863574808363942292e-01
9.762641714825325279e-01
1.887888075936644261e-01
9.676274215920350752e-01
2.548970284679227816e-01
9.975841037880832651e-01
9.876650335733749841e-01
9.997673354952342217e-01
1.150043623089480466e-01
4.100962365994219594e-01
3.168545201755768731e-02
8.707499193394399040e-01
1.114397345748090323e-01
5.977973174347074314e-01
7.802063256272873115e-01
1.762391365410843555e-02
3.512579596290767436e-01
3.646798969300751175e-02
9.034562413985439688e-01
8.863157105596437546e-01
8.260250112018125979e-01
4.935082687028579107e-01
2.865027957994548680e-01
8.093277142706122307e-01
2.666207617937178531e-01
2.864806718977686018e-01
8.845018074863227886e-01
5.770332649710601114e-01
2.665927409057713415e-01
4.822663749895325092e-01
9.862075066576634352e-01
6.387214118551132191e-01
7.620445475037451732e-01
8.315252039630866010e-01
6.476402636130300650e-01
6.593223980516949023e-01
8.260163936817086494e-01
4.082996966276621897e-01
4.903664766126533681e-01
8.502062048229627189e-01
9.730999468847961742e-01
9.151427483302805310e-01
8.258987060528312218e-01
5.466729851091296499e-01
2.096899107420708008e-01
6.042648948256346131e-01
8.865211920318666339e-02
9.644903739047888669e-01
4.224804265103161427e-01
6.143945483374186889e-01
1.530064859685910106e-01
4.242922102579497201e-01
3.028293386674188459e-01
6.802125681314832306e-01
5.388325776835724001e-01
1.077111097644604248e-01
4.324911449572013677e-01
6.041034254483321209e-02
5.836419407644225510e-01
6.133289275165267895e-01
7.829700222261225528e-01
7.479068460309143962e-01
1.530133188373308528e-01
1.530047880140139871e-01
8.879874370828377828e-01
5.716068083493128782e-01
2.865142962911089164e-01
7.986002195818615590e-01
5.427595177743151089e-02
4.133688277164706548e-01
4.799668573407031569e-01
6.435569545556840687e-01
4.922777542579269694e-01
3.112195113777493916e-01
2.865085504031488206e-01
6.021739152454734789e-01
4.324821651344939455e-01
2.864799191294535863e-01
7.011720768110395463e-01
4.324896235690582347e-01
4.822549812195713326e-01
5.019364284549526073e-02
4.016637153753478684e-02
8.689976675819435781e-02
7.891171376461812992e-01
2.407106207293936706e-01
5.540016978240520640e-01
2.530584613956067819e-01
5.712541182637127513e-01
8.489592580144675882e-01
7.136327804381128459e-01
4.741388313830410262e-01
3.797789506590115716e-01
6.430513655958098873e-01
6.837530607198285537e-01
1.530317612722183751e-01
8.260586037807826632e-01
6.488225181859545998e-01
5.761046984930373593e-01
6.764043846155297635e-01
7.185034935540486334e-01
6.325617706265960205e-01
8.181737162540527741e-01
7.059223668488570635e-02
2.513479367097188333e-01
2.666528080382714605e-01
6.296412588128278420e-01
6.784087859297092127e-01
4.706442433624827837e-01
4.520314590948855682e-01
7.812014711746372297e-01
7.955581310745450940e-01
7.182199729678877542e-01
9.837635878674827472e-01
6.561565983173980321e-01
8.260563500469357834e-01
9.351660082613182379e-01
4.561388340437120270e-01
8.261159754042642911e-01
4.841863952708465590e-01
2.888336319009066067e-01
7.738640028450379793e-01
2.888506767602643799e-01
8.876937379471907530e-01
3.314074908651970519e-01
8.260201361849270896e-01
7.419852360520212686e-02
7.891377177641137886e-01
1.056912002689127661e-01
4.004437842535429337e-01
4.545567979372134304e-01
6.029264609095754540e-02
3.547276382275845186e-01
2.587208333283326223e-01
2.584919860533887448e-01
2.641570452183029660e-01
7.412267448028284633e-01
8.260502011666916999e-01
6.325601210097067106e-01
1.887874923684067785e-01
5.872252115690135277e-01
7.749254104230551832e-01
8.741517900280200148e-01
2.479545070523410111e-01
8.122218970071579669e-01
8.969678344837856976e-01
2.668872317664591209e-01
4.595464397974287074e-01
9.880696863178308753e-01
4.067880220315456957e-02
6.976541389060679776e-01
2.528349383178909657e-02
9.151434898022140496e-01
8.260618983770958712e-01
4.870226123417943920e-01
7.728468390842615499e-01
6.998982688876977942e-01
2.479545070523410111e-01
5.643678298858211262e-01
4.324888284725187937e-01
7.416046793100845580e-01
5.952208208562137504e-01
3.939690268618355473e-01
9.164775237789036799e-01
4.016637153753478684e-02
5.790709169820502655e-01
4.527604443296616710e-01
8.934810529282954938e-01
4.740948325241640116e-01
8.333513337228426465e-01
4.250945782885131030e-01
8.725293246084194765e-01
8.328947806559819922e-01
6.928058796489844351e-01
8.879875818272316979e-01
8.356372050870100598e-02
2.938103366982780518e-01
9.549110695397388104e-01
6.663651556429466272e-01
4.305074225467301896e-01
2.249811628965441290e-01
8.565915566596055131e-01
1.025173667903898911e-01
1.887999120831306832e-01
4.121316596467505811e-01
6.837468590967383797e-01
8.892091218465006941e-01
6.837491529938597434e-01
6.004054347629748101e-01
5.437439060689464032e-01
4.799611196724308249e-01
8.420770377907917936e-01
9.915118260117662397e-01
4.281824181420388342e-01
7.260278012059910857e-01
8.712335542481129957e-01
1.007254664682636081e-01
4.778047469614973147e-02
9.180555906250503773e-01
7.884102466308888779e-01
2.663778852845584133e-01
9.990324357691861001e-01
1.887959844545944177e-01
4.822612036371662914e-01
6.607556039007386195e-01
6.634014423936267502e-01
6.837452263250227702e-01
8.260592490229994311e-01
2.901581729090110806e-01
7.891208676543775002e-01
7.717754326804333598e-01
7.484748922924304715e-01
2.865152378657415677e-01
6.104036069389213726e-01
5.879111023855711476e-04
6.006987126486900141e-01
8.762394504564037234e-01
9.566051960602317550e-01
8.395517646145519430e-01
9.697821791406464609e-01
3.735791406673028558e-01
6.000743673478465823e-01
5.280637502578954257e-01
9.367608019302879896e-01
9.781159044704040850e-01
7.788775367263537364e-01
6.675546734956865347e-01
8.260355892784059240e-01
8.048484472806625156e-01
1.231807623588705367e-02
4.017796140231357227e-01
4.324787772276583731e-01
4.903664766126533681e-01
