3.611570744186157755e-01
7.180914190556044741e-01
4.741096061095619874e-01
2.864860205655670455e-01
6.085047736774495952e-01
9.208027059212056109e-01
8.138093824947032484e-01
1.530514467940040646e-01
5.603686254783504239e-01
8.231722939701285879e-01
4.797847443431870196e-01
7.500040016662765652e-01
2.171313886555513717e-01
1.886534806884773152e-01
7.713739023691303931e-01
7.679943925625859480e-01
2.550258211954219492e-02
4.269287287628534266e-01
7.003349935203204701e-01
6.141755173044733951e-01
9.205690270009844189e-01
9.694868351468439727e-01
7.788943404440693552e-01
2.865093022122228161e-01
4.624285758950006930e-01
8.863078469460228259e-01
2.605108853126746893e-01
2.334738983458741202e-01
5.766783855255183111e-01
1.530727025940083197e-01
8.860721170062731966e-01
3.709405736401714254e-02
7.867824300934422865e-01
3.665780027741724068e-01
1.548976129836473759e-01
1.529756415368136169e-01
8.712152605374139380e-01
9.045381748379239806e-01
7.432903968738791001e-01
9.705975965499289426e-01
9.517503120476542566e-01
8.809995954301687027e-01
8.591842691116233777e-01
5.982073413576570742e-01
8.082181868048132767e-01
8.950333942570030121e-01
2.259116929248592975e-01
8.499057083745829022e-01
4.730481092400104504e-01
8.671957368355347473e-01
3.023008017026932448e-01
7.435426835791236755e-01
2.569027022298673857e-01
8.259974392610632821e-01
6.518088629898074471e-01
8.611835188981740163e-01
4.739300230678147874e-01
6.836371075293776745e-01
4.190220344606672143e-01
1.218454297492957417e-01
4.269287287628534266e-01
7.075897556779705555e-01
3.543292606982528237e-01
6.334780183083673633e-01
2.997498557891146304e-02
4.017849448459994144e-01
1.530633982211126176e-01
2.863358047983033949e-01
9.762572221396780270e-01
1.888200278225826423e-01
9.676150920205588424e-01
2.549087558199843451e-01
9.975773423174320031e-01
9.876584156026120276e-01
9.997627561615978209e-01
1.149879374153434664e-01
4.101005201834234115e-01
3.167833099548236081e-02
8.707064336168501839e-01
1.114228748755757420e-01
5.978008437558870458e-01
7.802201690764177799e-01
1.761638433485876454e-02
3.512743629379519450e-01
3.646007783824265630e-02
9.034511308967917431e-01
8.863078469460228259e-01
8.260478388066677669e-01
4.934785571851545982e-01
2.864786075745316407e-01
8.093814860962874613e-01
2.668454507127698272e-01
2.864767987305236185e-01
8.844901692783261327e-01
5.770363902110575705e-01
2.668064850825033196e-01
4.819408175130128202e-01
9.862006213584159076e-01
6.387278699012948202e-01
7.620519544544057666e-01
8.314982355536251202e-01
6.476492726942522093e-01
6.593321704068775269e-01
8.259970305419906955e-01
4.083039485396796620e-01
4.902643662567933158e-01
8.501885466535079594e-01
9.730926475108988560e-01
9.151373639401843008e-01
8.259988063225465194e-01
5.466777931648117983e-01
2.097148257153224338e-01
6.042740253273823914e-01
8.864258459448097482e-02
9.644780441689664308e-01
4.224844119396469755e-01
6.141876601005228364e-01
1.530666344822765867e-01
4.242969315302128619e-01
3.028042561539035504e-01
6.802232193549848649e-01
5.388379470462527632e-01
1.076948163056321572e-01
4.324276540258019663e-01
6.040526999858338714e-02
5.836454830235993096e-01
6.133387473880350660e-01
7.829914732602093475e-01
7.479171871044520969e-01
1.530773306981768611e-01
1.530276080819155948e-01
8.879834322065719432e-01
5.716092506048231492e-01
2.864889091629467255e-01
7.987167088653536196e-01
5.426974880178161292e-02
4.133741552835805688e-01
4.797755995568317444e-01
6.435660467565706977e-01
4.922274369250245196e-01
3.111509431840487894e-01
2.865014149931843779e-01
6.021802544772756338e-01
4.324534236291793232e-01
2.865079651980162456e-01
7.012564727062111647e-01
4.324740686711410209e-01
4.819383879159108708e-01
5.018777609628338049e-02
4.016053503534335739e-02
8.688885902889613433e-02
7.891778107557122501e-01
2.407198095628250711e-01
5.540052591810811222e-01
2.530690137518159522e-01
5.712567918508112408e-01
8.489124383902533211e-01
7.136495000491307472e-01
4.740805082310514118e-01
3.797873360130550324e-01
6.430574050801021180e-01
6.836500845640323121e-01
1.530596769985995143e-01
8.260019483500171678e-01
6.488328952523758630e-01
5.761070475988145922e-01
6.764127591299425868e-01
7.185720785965419299e-01
6.325668257176761955e-01
8.182288367275729613e-01
7.058533424814890378e-02
2.513572880169341328e-01
2.668354640953127244e-01
6.296453086370569219e-01
6.784181022654705018e-01
4.706556061302981653e-01
4.520400378802437724e-01
7.812202063726979562e-01
7.956742043663960207e-01
7.182432044873169330e-01
9.837560851387269212e-01
6.561656895899350417e-01
8.260516215446114252e-01
9.351603535843845405e-01
4.561765424050749362e-01
8.260630596161604444e-01
4.839805068242539199e-01
2.887697946796147774e-01
7.738726961304979168e-01
2.888176231086966306e-01
8.876873812707609668e-01
3.313795307862315020e-01
8.260471194569127817e-01
7.419079308364019687e-02
7.891620972089452568e-01
1.056731241703684626e-01
4.004473116124289134e-01
4.545751726358405742e-01
6.028735639202390667e-02
3.547550666349388870e-01
2.587414488821538905e-01
2.585072621571953833e-01
2.641818431270031575e-01
7.412327762170118906e-01
8.260522850325169308e-01
6.325669425437249194e-01
1.888386911207079744e-01
5.872283093751794469e-01
7.749357745607468040e-01
8.741406997178553517e-01
2.479628796939704616e-01
8.122743313305691437e-01
8.969630226630761483e-01
2.669160841721727739e-01
4.595832115979834875e-01
9.880633917598383720e-01
4.067425880334776117e-02
6.976749345048380846e-01
2.527393092771029401e-02
9.151383239035458805e-01
8.260231871776387846e-01
4.869323246501440217e-01
7.728555320016298191e-01
6.999188488896008753e-01
2.479628796939704616e-01
5.643705350885670491e-01
4.324332641684939804e-01
7.416129257866546087e-01
5.952234005173188125e-01
3.939736190505784830e-01
9.164729497877600606e-01
4.016053503534335739e-02
5.790747420667170520e-01
4.527730680464325808e-01
8.934765945194954595e-01
4.741000761498248006e-01
8.333350493146459703e-01
4.251000501095935080e-01
8.725165347849479502e-01
8.328709824169870934e-01
6.928320686356508329e-01
8.879802881224969635e-01
8.355226592518712192e-02
2.937905538338041467e-01
9.549008379788654910e-01
6.663782048408495307e-01
4.305187669737963740e-01
2.249935720436203046e-01
8.565617472217558204e-01
1.024976027522633698e-01
1.888734288848774867e-01
4.121357524346261347e-01
6.836450248596874779e-01
8.892046053703406283e-01
6.836574670386319497e-01
6.004088245004344238e-01
5.437484617862200498e-01
4.797724127739426692e-01
8.420570060898882048e-01
9.915062818404813960e-01
4.281922831609280555e-01
7.260461488116031203e-01
8.712152605374139380e-01
1.007004149753081279e-01
4.777517290780716741e-02
9.180513367021778670e-01
7.884366034916465704e-01
2.664123293241579260e-01
9.990269713232693416e-01
1.888401193323494542e-01
4.819238967872008783e-01
6.607675970261857046e-01
6.634139634835674038e-01
6.836504630111168712e-01
8.260135095115771486e-01
2.901388319264527338e-01
7.891579518698352835e-01
7.717831288060754691e-01
7.484861813963795685e-01
2.865181316817788648e-01
6.104126533122078424e-01
5.827998059080572498e-04
6.007046611138043835e-01
8.762291078858565063e-01
9.565960160357968034e-01
8.395302721291723058e-01
9.697735878417521604e-01
3.735890632901573416e-01
6.000783050890047265e-01
5.280958801055589680e-01
9.367556123175538874e-01
9.781091808046104008e-01
7.788866122458882879e-01
6.675706599795956375e-01
8.260564423386509425e-01
8.048864015975492059e-01
1.231128481561989847e-02
4.017865006477222556e-01
4.324382811292590278e-01
4.902643662567933158e-01
