5.766419589636107013e+00 -1.665469897348250683e-01
-2.426541669332038964e+00 -6.937906309804199978e+00
1.011343109686331232e+00 -5.087394540694591072e+00
-2.053348738859037681e-01 -3.956337444641243373e+00
5.837714514076108863e-01 3.551630708399199587e+00
-3.922111714207226374e+00 -1.091426999070997939e+00
-7.213628257485765749e-01 4.683714183647028406e+00
-4.101466134867361446e-01 8.016240961656247777e+00
-8.457143689491404714e+00 1.989746274488475741e+00
2.282915407931459306e+00 -1.407130188182821762e+00
2.372686885972032478e+00 -6.763992254047536790e+00
-4.523170305405448843e+00 -4.681978298263853588e+00
-6.579908523426450273e+00 -2.543432185213724050e+00
3.738007006978673274e+00 2.949240900026163903e+00
2.061123256010307880e+00 2.647722001337612152e+00
-1.153891482860143647e+00 2.713349781521612325e+00
1.870470720645615037e+00 2.607143580657176885e-01
-2.514068462144236626e+00 7.455262792756434109e+00
3.935605851067050409e+00 5.495559090130000435e+00
-4.485011943240235333e+00 1.952650445223964137e+00
1.765066474496937543e+00 2.095026686858386444e+00
-2.703161896848075951e+00 4.777427351186161353e+00
4.967724190235363046e+00 -2.841874449661585533e+00
3.623630846437490227e+00 -5.523290300842558231e-01
-5.935346073330914685e+00 -2.318332439394668487e+00
-6.587319074998332802e+00 -4.269296379534525343e+00
7.538270942888195547e-01 3.091019777181137407e+00
-1.945571546988845713e-01 -2.714473108088052644e+00
-2.197383894868481402e+00 -5.587201418093028948e+00
1.581040047447011654e+00 6.035124596543824105e-02
7.203472091154539125e-01 4.060956551798649450e+00
-3.029789900624446641e+00 -4.050155106630361601e+00
7.092373051505343362e+00 -5.802660056667093835e-01
-2.045720447235782391e+00 -8.518332930726705499e+00
9.269482857464259040e-02 3.860782094644419349e+00
5.654237542895511615e-01 -2.536009620616250348e+00
-2.670107201630278038e+00 -6.085359874530240631e+00
6.020649479313869179e+00 2.055019207807728066e+00
3.077018407079470386e-01 3.075934531492796609e+00
7.246799690479507894e-02 -2.656192586722697868e+00
-2.296216869895109536e+00 6.723772275946312327e+00
-1.228267805377919242e+00 1.957838799404195251e+00
-1.199453617728313493e+00 1.352071029352331699e+00
4.437453316166833694e+00 -2.280132496136583198e-01
2.515200882448177744e+00 -8.552937315940805973e+00
4.936554886223138539e+00 5.520461855273163465e+00
4.043144260459540007e+00 -7.625657477887965108e+00
-1.469392881769273185e+00 -1.297394675974646638e+00
-3.824926656155125393e+00 -5.347643048515615227e+00
5.502605906449016260e+00 9.143096264078561797e-01
-2.100465600597700710e+00 3.414782137964742947e+00
-3.631099193252608881e+00 -5.894357086205367358e-01
-7.736945882070535019e-01 -5.392406928842198965e+00
5.540528218780578662e+00 3.645318162166462095e+00
2.742653440563089351e+00 3.140039886305434624e+00
-1.383920310035815726e+00 1.351675391263477133e+00
8.277847480009619119e-01 -6.820786163263059088e+00
2.054681243723194939e+00 6.269759966213616309e+00
-2.550450650952056808e+00 4.514619154885466834e+00
1.475889444615279489e+00 -6.150682179804288774e-01
-5.364052662974233776e+00 -2.728408999479034591e+00
-8.667494139588846069e-01 1.308669724870363815e+00
7.970694730318097498e+00 -2.332638541846853375e+00
-1.789384377892403233e+00 6.671248863934556184e+00
-1.485960024340799990e+00 8.213977019289883108e-01
6.027141429262885097e+00 4.593926247128479190e+00
-5.301606234376576410e+00 4.633875343945536684e+00
2.197760219279189631e+00 3.070083438196326231e+00
3.782023872404802756e+00 5.651587513368203197e+00
1.006626161155123600e-01 6.077305545626979111e+00
-5.109457218218659280e-01 1.579778968421654550e+00
-3.218729263799255502e+00 5.123205557127016085e+00
-1.855974820156625515e+00 2.594040980724185985e+00
1.829618044437596180e-01 2.229163511792920271e+00
3.866365068042300068e-01 8.583232658368832091e+00
-4.176341082855445030e+00 -4.063070153365246351e-01
-5.954112877268830317e+00 3.226735633495873223e+00
5.861196768124803391e+00 5.434952630473141255e+00
-1.150436615936651918e+00 -3.146213513632071024e+00
2.282376571224118411e+00 -6.769171874651772391e+00
8.116762598008071539e-01 2.462985926244572799e+00
2.161343385788904836e+00 5.896369772903372386e+00
1.236196669774437318e+00 -8.717864648066171451e-01
-9.611365095745770804e-01 -1.473255173493423387e+00
3.041409029215870419e+00 8.126978772924795535e+00
2.779707656982909558e+00 -2.618498682072339268e+00
7.183501877160136662e-01 2.212433681538300778e+00
-4.117239979689345297e+00 -4.655972830321567280e+00
2.102096071779390840e+00 2.985209888016283397e+00
-8.607891041833040546e+00 1.912268180641158111e+00
-4.785768390964376451e+00 3.084246947117179172e+00
-5.709366943102026859e+00 8.060354014831312419e-01
-8.374263661650070745e+00 1.085036609809341135e+00
-1.479479345829571635e+00 1.526317345697410177e+00
-5.994446800667584618e+00 6.075782040794191374e+00
1.337687220460948456e+00 -2.919123538282477170e+00
-5.284300202817831860e+00 3.416647464868936446e+00
1.392474415883089289e+00 1.350795991091282566e+00
4.674116381675590404e+00 -1.376246395291799429e-01
3.121651608600687133e+00 -2.794633219633168686e+00
1.383568865216179000e-01 -8.697451256397036090e+00
-5.340948140363575902e+00 1.315073557761815559e+00
-1.061606836949804178e+00 -1.766287904192243685e+00
-8.157504118617181499e-01 3.043822711014362969e+00
-2.687100241705946413e-01 -4.967236856547926571e+00
-8.242111076916696533e+00 2.309362546151912277e+00
7.903117158310718260e+00 2.150907384645851739e+00
-7.732114003995296692e+00 -2.788475173920255124e+00
5.044031155536170985e+00 -1.023129455134483168e+00
-7.439305328845080556e-01 5.492367427816152059e+00
-1.812485359293096288e+00 1.276320888467308512e+00
-1.657743569022684271e+00 -1.314533366352373056e+00
4.325481372766573962e+00 -2.938266327740393535e+00
1.225330140880098728e+00 -1.415468317919585939e+00
9.215348220093427800e-01 -6.091230843465227807e+00
2.155518402831988922e+00 -3.263864904922384014e+00
-8.736439669566259170e+00 -3.790433231964061567e-01
-2.776900345898690170e-01 3.153601088557892229e+00
-1.163829469906764308e-01 -2.209352311286029824e+00
4.982342761008403009e+00 7.123046089079945631e+00
-1.163089307294006280e+00 3.189055572250385495e+00
-5.578524032548122236e+00 3.318917508252523962e+00
-4.196886968285213904e+00 -3.767616562431423510e+00
3.112907882973707352e+00 7.747517809436406111e+00
-1.293089609351399272e+00 -4.669408524968282848e+00
2.794181441559296708e+00 4.186766716134717292e+00
2.970255127335253764e+00 5.656893508756422939e+00
2.644249557039628051e+00 -4.228460257912429299e+00
-2.433497444892800843e+00 3.321405065673802337e+00
1.168128211716478626e+00 1.094549674215610890e+00
3.855573000824881635e+00 -4.519008525680180632e+00
3.359691476934423271e+00 -1.399431414687590580e+00
1.753154839818539701e+00 4.620241719605627573e+00
4.277304488200281973e+00 -3.920855429313247598e+00
-6.299520929465035834e+00 -3.800078811624393094e+00
4.923956237656349266e+00 -6.458882894402531605e+00
-1.753030285970823776e+00 -7.162893028533409812e+00
-3.581892493305235403e-01 -4.934164955464302338e+00
-7.512237455777897921e+00 -1.394028458602188714e+00
2.926473358499863231e+00 6.106717347927594020e+00
-5.812671200252148118e+00 -2.193642769467863407e-01
-3.013005874275760831e+00 9.633419353749307357e-01
-1.166877151899021303e+00 1.162420168026322864e+00
-1.107870525012552676e+00 2.305239127265081400e+00
-6.648138516718409718e+00 -2.497022165309793706e+00
1.589940360764392491e+00 8.316190297146235366e+00
-5.764403966793032019e+00 2.395630558791136178e+00
4.602360663831740695e+00 -2.382195961185828104e+00
1.538065142098666405e+00 3.558644731524256866e+00
5.382635158319041935e+00 4.094333201753812546e+00
2.259655377864976167e+00 6.271896536359960805e+00
3.172212529284610394e+00 5.847331780663949985e+00
-2.587278158753917534e+00 1.555213095225691289e+00
-1.149878602203337152e+00 2.103057527296650520e+00
-8.563306525843445982e+00 7.445318991254122887e-01
2.649475395860381166e+00 -7.868976870660731038e+00
-6.345676972176171660e+00 4.914595858917495397e-01
-1.554631489030966041e+00 2.463232221813425049e+00
-3.652150679766041019e+00 3.657314564321767936e+00
-2.783918641503056346e+00 2.454786440686293147e+00
-4.515389364816942752e+00 -5.609189969092751582e+00
2.045401972047926176e+00 -1.661305448695121090e+00
-3.364857407291430125e+00 -3.213735170200838986e+00
-5.347845459438561377e+00 8.343671661653717653e-01
1.667823327725624027e+00 6.783818679984779720e+00
1.550247254956753196e+00 -2.109180301100984867e+00
-1.176478835224060049e+00 -5.053510273026867061e+00
1.791189103418902695e+00 2.831944968775150784e+00
3.712316202078331795e+00 -8.620317445251546307e-01
5.637928315227694887e-01 -1.663423597505678586e+00
2.669320458759112391e+00 6.783697116899051194e-01
-3.171788883986339957e+00 -1.135448988804414583e+00
-1.972463267405156095e+00 1.583372217622509792e+00
2.770989354351272027e+00 -4.413584102714037449e+00
5.986408843169326310e+00 2.873058086538422096e+00
3.197484791898312029e+00 -1.408851426056709766e+00
7.762471967548006724e+00 -1.141171406226024976e+00
4.991245844877778559e+00 -2.500136375056935201e+00
-3.748048446068602768e+00 7.535474632287971097e+00
4.161364842432073274e+00 5.774315704762172707e+00
3.969008404997917960e+00 6.236161521656030438e+00
4.470914411376494257e+00 3.938944434510627701e+00
-6.231919804427944243e+00 2.441925326852520062e+00
2.664861859684536594e+00 -4.981861402106549264e+00
-8.625425286403991976e+00 -8.229510584642918403e-01
-2.781113984110925585e+00 8.348950768019003377e-01
1.460373252641094854e+00 1.900389050945705094e+00
7.941667154947078089e+00 -3.249255967657429522e+00
3.269316451094021136e+00 -3.307446480952183521e+00
5.979690325698409303e+00 -1.248439904367168563e+00
-2.629487376728653292e+00 7.486802728404762242e+00
-1.166251305540573879e+00 1.122683313661304805e+00
2.427753479373511603e+00 5.550393201745560390e-01
7.220678950376065330e+00 1.887915548926579756e+00
-1.932348499159226130e+00 2.327055280126286707e-01
4.355091372880560918e+00 -4.386737980603263587e+00
-5.821286757400244483e+00 2.124067795718307838e+00
7.700161679038283191e-01 5.149942660160879093e+00
4.613441686659052188e+00 -4.370836777524525374e+00
-2.985789962884721316e+00 -5.661085738428587533e+00
-1.438568217984385056e+00 -7.671941396450568940e-01
-8.899494497456009734e-01 2.265210514012095722e+00
6.058585781278691407e+00 -2.250873927050439871e+00
-2.561237744010142592e+00 -4.447292382359136376e+00
-1.837069673539804437e+00 1.696567926492119405e+00
-6.644840829241717373e+00 -5.496017890905625647e-01
-4.441516953949534496e+00 -3.682505249600527275e+00
3.409182703895281996e+00 3.878740934624180348e+00
3.907775198319449306e+00 1.346548995180735009e+00
4.024744769041873838e+00 -6.861799369392278081e+00
-6.334715749416376163e+00 -2.126583668406659022e+00
-2.445669507082016025e+00 1.690922732758388891e+00
2.562809768918193676e+00 -2.146450737469861370e+00
-3.752317330151456076e+00 1.905812910216111877e+00
-4.414880781344507454e+00 6.992182113196937499e-01
2.164414078215676884e+00 9.904131119561384589e-01
4.342521981135783804e+00 2.001449974338646243e+00
-3.204442658906484276e+00 -3.980352743943160743e+00
-7.679712972216712785e+00 2.504172841669749960e+00
-2.086147675932061574e-01 -2.363000713845984979e+00
5.313644681439650963e-01 3.282757540507524663e+00
-7.699220409581168489e+00 -3.654809910913702886e+00
-3.384232979142431486e+00 7.245373294788756802e+00
3.244667937950429515e+00 4.680488161201863839e+00
5.347749907475410680e+00 -6.816256778081147161e+00
2.276501502962738233e+00 2.960482792059237145e+00
-3.885099713006451072e+00 -2.266934824819355931e+00
-3.918528275404788541e+00 -8.667187430785028290e-01
9.828804787587310798e-01 -1.147381110627414103e+00
-6.050265294039788522e+00 3.460221932443178883e+00
1.107735888997560536e-01 -3.921365791208160534e+00
-2.536264817773343339e+00 -2.878051140508049333e+00
1.839572408749919452e+00 3.812921125355953844e+00
-6.693630874057849844e+00 -1.684923574526962842e+00
1.363885839711395098e-01 -3.799192184212488943e+00
4.764157674344100535e+00 -1.268051714487397508e+00
3.703272153995919247e+00 1.838178758518062672e+00
6.180151321598493119e+00 5.853983433477289111e+00
2.540174860919483191e+00 7.894706033968917680e+00
1.873598853227138150e+00 3.666018184259060231e+00
-2.901024164342757228e+00 -2.716521677862263617e-01
-8.470268230404879972e+00 1.195837970868428649e-02
-3.378683401178462220e-01 5.589328965147172923e+00
2.207104061835865494e+00 1.784393131795844134e+00
3.970139390911913591e+00 -7.224790840401161818e-01
8.193949820897898917e+00 -1.650154126315677372e+00
-2.140174207209583290e+00 -2.179810580532782982e+00
7.763637710785943336e-01 -2.783699268439402186e+00
-6.486991008079283638e+00 3.675692666268973507e+00
6.506880812533495373e-01 8.419293178911088305e+00
5.457285186313328706e-01 -8.893529218189934582e+00
-3.691943596500420366e+00 1.445509577226468112e+00
-3.301526979240721804e+00 -4.526545521169916819e-01
2.120026895748782003e+00 -1.519717763943710720e+00
8.631213064441032756e+00 7.497259923633193823e-01
-1.628599427427673385e+00 -6.383579129638212279e+00
-6.665541746694882086e+00 1.477167112402734794e+00
-7.407226647494290717e+00 4.769830096187040458e-01
3.008283242874258412e-01 5.315452573763174371e+00
1.274310302416004348e-01 -4.321278154048786568e+00
-3.697044774979078685e+00 5.003441673613523655e+00
2.194270822393661557e+00 -2.020867662465713338e-02
-7.445016784146507582e+00 2.928879971062199328e+00
7.318198050478444294e+00 5.754826270903821150e-01
-4.281108487850422861e+00 1.186109541064735318e+00
-3.225523727674483254e+00 1.144105051942666540e+00
1.415383932695024383e+00 9.683665651786388384e-01
-5.463614409218879864e-01 -1.496461459079015732e+00
-4.003195497640065881e+00 5.951537625075853377e-01
1.514150548891202819e+00 -9.883207539534978325e-01
1.391091919196792537e+00 -7.049970501952297353e-01
-3.990786576791913731e+00 -2.561885545262252872e+00
6.386537139792696216e+00 -4.523209165888117944e+00
6.487560509700012190e+00 -2.939846560652314089e+00
7.488801334996232129e+00 1.183770444452903581e+00
1.100270596955292557e-01 3.659484005296611109e+00
2.935574684519975275e+00 -4.886263186928123670e-01
-4.225922799024954823e-01 -5.589302706583343827e+00
2.821383249385106318e+00 -1.330290918070168082e+00
-5.939300169194656753e+00 1.105949473439963526e+00
-1.878881697979287058e+00 6.874060213117378915e+00
-2.724681981257323304e+00 -1.332420370802450682e-01
3.918089423016628547e+00 9.985075739147281082e-01
3.122063860127550772e-01 -5.416236244277366829e+00
-5.364137668792007041e+00 -5.532804443783467363e+00
8.796277908414491975e+00 1.337327002494375305e+00
4.812101692313266454e+00 4.054725233609189239e+00
5.954442386419912303e+00 5.683036527461186177e-02
-4.559071140739356487e+00 -3.329551298637758450e+00
-2.330609165407302896e+00 -7.302754648001447357e+00
-6.014906475642002093e+00 -2.414268966587635568e+00
-7.145950935494537859e+00 -4.882956906301616051e+00
3.373650383767943239e+00 -2.169357966590149400e-01
3.798037657005489010e+00 -4.035900467611060805e+00
-4.549610457536156005e+00 -6.382768811122695674e+00
3.513701922735317229e+00 -8.159765623070913687e-01
6.255471398540082717e+00 1.025653829769644032e+00
4.962980354408743189e+00 6.021090403515805711e+00
1.728098743428152284e+00 3.622547526428546050e+00
-2.329566835270012959e+00 -5.074623975766666462e+00
