-2.364111916158241122e+00 2.539420751674972720e+00
3.257732079208355724e+00 3.989684400563469069e-01
-8.619815874014810086e-01 2.388702916708517865e+00
1.420986820898572756e+00 1.727548881048530438e+00
1.787156140768080048e+00 2.275512221857563411e+00
2.032472045158648655e+00 1.011548842938005510e+00
-1.773031502967894468e+00 2.939300455578520488e+00
1.185848349795350365e-01 2.829450878799343982e+00
-1.058180207447696253e+00 1.811723636446724406e+00
-2.027762901536321660e+00 -4.317503997558362894e-01
-6.548593061039402752e-01 -2.877567519104653471e+00
-1.479149944238160597e+00 -3.058424045297138516e+00
-1.291054729310183280e+00 2.338846956920063391e+00
2.197104132442778468e+00 -1.490327473730226115e+00
-1.557147715973196345e+00 -6.730981462406701032e-01
-1.703543602431554449e+00 -2.159799370258601581e+00
-6.477001795058382437e-03 -2.053646075217570921e+00
1.150809934253484323e+00 -1.657507955295798308e+00
-1.527996898608327547e-01 -2.971529820427163404e+00
-9.600382752513854090e-01 2.655664896450459000e+00
-7.148351080967261240e-01 -3.101568262521913422e+00
-2.149918828546645955e+00 2.119415897194206977e+00
1.310670671669557752e+00 2.329210503793929909e+00
7.452174711523410489e-01 -2.819224596275905714e+00
-1.618494159883657080e+00 -3.263007358339830438e-02
1.667868526395262230e-01 -2.368379438584490959e+00
1.755573123212652131e+00 1.781674172006637580e+00
2.825132796554383319e+00 -8.974263756671537751e-01
1.688506179753157754e+00 -1.031787470275782548e+00
1.407149286620337003e+00 1.682231426099437765e+00
-2.811311540685378141e+00 4.682513466409708447e-01
-1.541272808531781058e+00 -2.775881271903755554e+00
-2.184941088575380164e+00 -3.856491123943210364e-01
2.464528598102076806e+00 -7.161073756611224805e-01
-1.386478458693626570e-01 -1.743966611627098429e+00
-1.386839354659409773e+00 -2.008459137953817475e+00
2.506515111390430040e+00 9.800747948117188857e-02
9.454827000667238579e-01 -2.907384782142132362e+00
-1.374369136408415626e+00 -7.131041135496554162e-01
1.339341626841067168e+00 -1.608844813629921155e+00
-2.338458120444343091e+00 -1.449054994796166174e+00
2.947414729998788729e+00 -7.838480512695148450e-01
1.906152710000536821e-01 2.706952511897985580e+00
4.352711846692208786e-01 2.075870388278846512e+00
2.239477494421969972e+00 -1.583843402519232058e+00
4.775256229364298333e-02 1.675518963624378133e+00
1.832019229421866680e+00 -9.185441063978866394e-01
1.354939694074688727e+00 1.926722274579207195e+00
-9.012071273792843229e-01 -1.844235804752679231e+00
6.407325769798846160e-01 2.174307115303100169e+00
1.395687623615554207e+00 -2.343851278798280813e+00
-1.687062444628766089e+00 -4.735404066577965088e-01
-1.875589255066517858e+00 2.011235121585295715e+00
-5.242240076690777295e-01 -1.637757952412187468e+00
1.884534020816129196e+00 -3.381408517342061604e-01
-2.941245324293783048e-01 -2.923642248988838510e+00
1.703493079174918545e+00 2.935086678965041496e-01
-1.936873304444437949e+00 1.769017966141795517e+00
-1.749986424684328190e+00 5.018481525516365060e-01
-5.967112936899909847e-01 2.434732020832208743e+00
-6.066453114100878174e-01 1.474191287083336910e+00
2.106847591459340308e+00 2.391799484525004793e+00
1.312846300911188147e+00 -2.822671012671846835e+00
-2.435419440241604505e+00 1.633006197161481765e+00
-2.962837089484656516e+00 2.706879059673635290e-01
-3.990298627426215328e-01 1.547404339699321563e+00
1.592596807224433197e+00 -1.889980706970845414e+00
-4.794725653463726145e-01 3.205429945343841069e+00
-3.006753329743321740e-02 -2.568351087975570657e+00
2.283644698231484416e+00 2.233525275047288705e+00
2.379190386988351502e+00 -1.732478230339281833e+00
-2.022689473033842500e+00 7.072087112441097778e-01
-2.774753489098591430e+00 -1.277276195178425944e+00
2.211153554728715331e+00 2.521631410277981544e+00
-2.369736387622275675e+00 2.130535366602142933e+00
8.747488379131300729e-01 2.135330290435462963e+00
1.654585860470584757e+00 -4.029762543393198837e-01
-2.545610859419099370e+00 1.913774378717389979e+00
2.091272201188673741e+00 -2.259659623627188196e-01
-1.466699273233210699e+00 -1.468575304322913722e+00
-6.553919085922960130e-01 2.012557542544128886e+00
-3.430546923830024131e+00 6.081923846975978432e-01
-1.216361222538546949e+00 -1.066503549241377691e+00
1.280235960922215144e+00 -2.799761001554760931e+00
-3.145197491674320389e+00 -2.158210052776105559e-01
2.444556181128578309e+00 2.039785578873678062e+00
-6.156486063266947140e-01 2.077474808462894895e+00
6.652574299591318407e-01 -1.732286228968061836e+00
-9.572392346565199439e-01 -1.956557348312221167e+00
1.615282931835585467e+00 -1.513758447532344453e+00
1.403808281565246840e+00 -1.463714061855804438e+00
7.842399466921831097e-01 -2.569978750793560085e+00
3.040659535691883075e+00 -1.614322162743468070e+00
-2.227632500152173289e+00 -1.409266943763258118e+00
1.527191107872059472e+00 2.408192799706048159e-01
2.313369982304149808e+00 4.668269274764458854e-01
-3.007412646235167575e+00 -3.265947581771719843e-01
1.102019838154327580e+00 -2.752638496602196394e+00
2.097283221967910283e+00 3.219653059739904233e-01
2.355326377617291023e+00 -8.475061222372901604e-01
1.958494974369240638e-01 -1.687381192804479069e+00
-2.660358044052182791e+00 5.250291955276209510e-01
8.891504403307729509e-01 -2.101533178038054839e+00
9.564018330399817192e-01 -2.178473625720914963e+00
-1.528495828085018049e+00 1.868776661815092222e-01
1.570588042175864230e+00 2.087534883301587652e+00
1.752387172616646227e+00 6.662495461790559625e-01
-1.707398439649447042e+00 1.281442428613684958e-01
-3.085196595369830153e+00 1.203347095870250572e+00
-1.081638005429474525e+00 -3.230046683159681020e+00
-1.560739958866612376e-02 3.235895289085117810e+00
1.678376164906374868e+00 2.353159646624929380e+00
-1.856377692970504478e+00 -2.134475968341505991e-01
-7.138415262174415687e-01 -1.873433981089264400e+00
-1.597424013888296024e+00 -3.037807355009086052e+00
1.822177447162512287e+00 -2.927529986257923156e+00
1.565602042026507990e+00 4.475700917181451022e-01
-1.516981729245497235e+00 2.554841501792578518e-01
-2.172727988511444330e+00 -4.693711904788935851e-01
-2.594669142069582435e+00 -2.160006375608966245e+00
1.094658833954754495e+00 1.574613802780076233e+00
-7.592109254860875955e-01 1.769585856539250157e+00
-1.293863685336020364e+00 -2.589957697851235974e+00
-9.093342513354707446e-01 -2.491887196883125544e+00
-1.888205633797138239e+00 1.383362335220045536e-01
2.645334336220326765e+00 1.335920093581728085e-01
-7.867667018001059942e-01 2.721846485419806339e+00
-1.612549724646833660e+00 1.034476976639587154e+00
-1.863589755067343035e-01 -1.561882113023240315e+00
-1.858646858263447221e+00 1.782445502560508821e+00
-4.219170926915118414e-01 -2.972152495357827995e+00
-1.046022111041170044e+00 -2.081067093901392440e+00
-7.550628841501647037e-02 1.577223544263999466e+00
-3.169052238502568120e+00 -7.337659026066746248e-01
-2.035043690173256703e+00 -1.117062873694804059e+00
1.571847454745186612e+00 -2.451984112231166524e+00
-1.937495429385870827e+00 5.391501906119474663e-01
-7.944089228046691264e-01 3.082160565759579196e+00
-2.662999652341829560e+00 -9.244340914953474986e-01
1.716650717600776144e+00 -1.608825714576509691e+00
-1.345674185012588620e-01 -1.751141377712112979e+00
1.757261889389894804e+00 2.329940017781748640e+00
-2.164330597163517833e+00 -4.470329297517553480e-01
2.517732544200318223e+00 -1.692785107920845133e+00
6.731631786300120712e-01 -1.343596864526430679e+00
1.889492511226033677e+00 -2.773828092994288230e+00
-4.837088959209257522e-01 -2.866856092612098728e+00
-6.559844380195669622e-01 2.135963506881852769e+00
1.560125609472773567e+00 7.903991767439694227e-01
-4.524581082571851876e-01 -3.084318485989231196e+00
1.270302466382841278e+00 3.168244203123675273e+00
-2.426383089233919765e+00 8.539118698215982795e-01
2.109564666267902122e-01 2.679702522795137209e+00
1.432399666604553090e+00 -2.091851430552165159e+00
-3.270873020949844445e+00 4.075243373536960867e-01
9.899478522118273505e-01 -2.188183353771218975e+00
1.857830492399126454e+00 3.980730800490617227e-02
1.179046174561664495e+00 -2.086692827189931432e+00
-2.539559678172921275e-01 -3.276966248291371731e+00
1.017031954083470691e+00 -1.237365499685508796e+00
6.636393870408033302e-02 1.731130615599288491e+00
3.199477826749322906e-01 -2.440404827739647953e+00
-5.829873760856660869e-01 1.686765882095039526e+00
-2.659282406063383508e+00 -1.922910343980012815e+00
3.286101799864680650e+00 8.231209425049020867e-01
3.173054611443558048e+00 -1.289027543673151310e-01
-2.135399664010765530e+00 6.385312534592423039e-02
-6.007604191115547554e-01 -1.534855339502519289e+00
1.061156630634229270e+00 2.120246255811116143e+00
1.937616556813577251e+00 -1.923968847825829220e+00
2.642968239817109932e+00 -8.897499969185066471e-01
-1.469625928864902953e+00 1.163954089541977099e+00
-3.157781517413201122e+00 -1.187888235337658971e+00
1.603009118008678346e-01 -2.223133134800043376e+00
2.180891948211367115e+00 -5.421965009232737609e-01
1.772742031194103784e+00 2.824411534217974751e+00
-2.337160896436880630e+00 -5.835077001035138961e-02
2.817863617988237479e+00 1.525087737473096672e+00
-5.200300017552275111e-01 1.985003085429606351e+00
1.508125327854583420e+00 1.357672610617149278e+00
1.004876919463129292e+00 2.725087669750014818e+00
-1.082107229683540783e+00 -2.693699102887693542e+00
-3.116067563968119902e+00 -6.773371249822898177e-01
-2.706524183192943855e+00 1.778251831003254679e+00
1.483330647957289417e+00 8.103113290638842559e-01
2.184440083867952964e+00 2.667960711633515114e+00
2.339052655870227593e+00 -1.466847304094523352e+00
1.343255305627576890e+00 1.619206599812093916e+00
7.601738251541579894e-01 -3.103078582265300867e+00
1.351336266511814266e+00 -8.846242631243959043e-01
1.936275588578956430e+00 -8.388693288768200862e-01
-1.980195351899887157e+00 -2.696456357553814076e+00
-2.964632038674972936e+00 4.356847065508961392e-01
-1.085360082031171958e+00 -1.222035434357870987e+00
-1.055836772134287393e+00 1.911931502967514351e+00
1.958287379211239576e-01 -3.360932651920529590e+00
-1.714176573131986903e+00 4.888005715928112060e-01
2.519133018545477665e+00 2.135755886047637220e-01
-2.433215145258470713e+00 -1.955743627131181439e+00
-8.103582584103553588e-01 -2.713207701143297346e+00
-1.009130963468153203e-01 1.629198801566914545e+00
1.983206827319377030e+00 2.698863566181525009e+00
-1.856399965280130404e+00 1.340229820847655295e+00
1.230563448276666749e+00 1.548586959023109610e+00
2.214740269129425343e+00 1.694313990286697935e+00
-2.086360836041696309e+00 1.180078015966840921e+00
1.330141049273928511e+00 1.912035245923723314e+00
-1.757660218948505770e-01 2.896668132906941917e+00
1.404954165847246417e+00 -9.247828741113088835e-01
-6.638209337809437560e-01 2.353884866709339274e+00
1.252686083685877527e+00 -2.746413096299028744e+00
5.834416518377654182e-01 3.092811255278133054e+00
-1.333531922493538469e+00 -1.049505470125579931e+00
-2.724249418289233393e+00 1.399541967209007920e+00
1.426878475109167210e+00 -1.957422599259623919e+00
3.032203381729461800e+00 8.251003249955148888e-01
1.353272599013877864e+00 -2.262539138309533460e+00
-8.461914894106767893e-01 1.350761158329435219e+00
-1.524690115711618610e+00 -2.584355653071598979e+00
-5.762027096356644451e-01 -3.070482093347012498e+00
8.773038120856303523e-01 2.321888361918396537e+00
9.567279182968603246e-01 3.285452543174188111e+00
-1.038335245445993316e+00 1.677925476565572005e+00
2.557627932628864009e+00 2.152171462077708153e+00
-9.225479814925819921e-01 2.073415742087527658e+00
2.385481811209364977e+00 -2.521581294870241408e+00
9.692175848043860231e-01 2.653262562361585974e+00
-2.219684520374523462e+00 6.960554748984594253e-01
-9.394022074839172287e-01 -1.638908463670186721e+00
-9.573933929404777610e-01 -1.199384290914757845e+00
-2.087596367774391837e+00 2.324388908227882578e+00
4.325670290679229368e-01 -2.191378174246981114e+00
-2.552413400606671434e+00 7.783479842310209174e-01
1.447933894081064654e+00 1.492788106805870596e+00
1.000347693978982822e+00 -2.033028082987295537e+00
1.597717509478142395e+00 2.927128500850256221e-01
1.516212459722283690e+00 4.954057669487319515e-01
-8.038158053191183372e-01 2.092344880296213905e+00
9.727039952562598346e-01 -1.624553322736888683e+00
2.906405343632268323e+00 -1.856867351462655913e+00
-6.464161503538073950e-01 1.738551723304690322e+00
2.738678715088832538e-01 -3.470954671570363193e+00
1.504972844667398224e+00 -1.826282791858400589e+00
1.327645792756911414e+00 2.533105219612510339e+00
2.085498389926319529e+00 -2.692792229602689158e+00
2.446885167910483272e+00 -5.420495625238456183e-01
1.129911589523904247e+00 1.444839287539095185e+00
-6.025697240145408973e-01 2.278273289120301914e+00
-2.950396423639208621e+00 -8.680975328408043756e-01
-5.488833083507874688e-01 1.804032693980625268e+00
-2.156445793262500743e+00 -1.486012614139731181e+00
-9.949451317278557028e-01 -1.485423520135011222e+00
-3.112406838893746031e+00 -4.445540519546615776e-01
-2.843479601199773832e+00 1.944974220797335285e-01
2.677869893267362578e+00 -1.779760896637544887e+00
1.461740006236653233e+00 4.926380863556589218e-01
-1.654165736572749124e+00 3.764256778608452980e-01
-1.584225630800431439e+00 6.089980774542105291e-01
1.669209274245528452e+00 1.425934803736634393e+00
-2.544766993960931867e-01 1.706089680641200701e+00
1.228692639395287944e+00 8.670679075767429023e-01
-2.084069237638366268e-01 -2.496375374801967695e+00
2.537197975228700386e+00 7.005912468826943629e-01
1.809817629047832055e+00 1.667259587173091362e-01
2.619461187152168247e+00 8.515916863899621880e-01
9.859573868579551981e-01 1.610529556155831044e+00
-2.131328880120020752e+00 -8.136109027776722291e-01
-2.039025970719453795e+00 2.001727107904386571e+00
-1.816500759471058046e+00 2.265938798365752405e+00
-1.784356799275278904e+00 -1.629667964154015491e+00
9.028314310702949264e-02 1.507107200675888992e+00
2.390791505644936255e+00 -9.704238809929650600e-01
1.693681262312803693e+00 1.071986937167505038e+00
-3.398760150187062345e-01 -2.281699389439396874e+00
1.850794999736305124e+00 8.981746220618656018e-01
8.352551319932355334e-01 -1.374135403700567304e+00
-6.257234991865906482e-02 -1.511913028728734565e+00
1.302100566711202445e+00 -1.222613918659199994e+00
1.305199960684082061e+00 -2.929489917701996848e+00
1.809149412361613418e+00 2.178648231226304244e+00
2.392995351291327399e-01 1.836943877987486040e+00
3.005222683021687047e+00 1.663140747438248024e+00
-2.603912024064591435e+00 1.173329584942157666e+00
-2.886867820328014034e+00 4.007262775919108733e-01
2.282937452901276032e+00 4.769435082242942103e-01
-1.431317525349539599e+00 -1.419398370074091087e+00
-2.081574070186290371e+00 -1.632165969496279345e+00
2.135275077434037883e+00 1.930157114046991085e+00
-4.676920928442752090e-01 -1.483948288092861612e+00
-1.629611564612422958e+00 -1.539359229669015949e+00
-9.146378514872309795e-01 1.212668662220435234e+00
1.155779279255040315e+00 -9.876382993512436981e-01
4.213444910806484756e-01 2.360844472091606416e+00
2.331460325977801062e+00 1.475553482080503021e-01
-6.032714304241525854e-02 3.212186016209313877e+00
-3.013321125566180481e+00 4.099623049212711146e-01
1.869171251200158146e+00 1.100075599500430323e+00
-7.356640590078309394e-01 1.560566877354311988e+00
-1.577831731035226781e+00 -1.488063120301194309e-01
-9.250795810076956061e-01 3.172068891438330152e+00
