1.125758796184166188e+00 2.768697214696178133e+00
-1.877305708949127627e+00 -2.031909575956774461e+00
3.436115713760531376e-01 -2.019195455630060643e+00
-1.677122753053805759e+00 -1.001201145896472466e+00
-2.084972858971254617e-01 1.671702663060433247e+00
-1.707797806810441132e+00 -1.559190656735855163e-01
4.970308059493528385e-01 -2.279455929375883372e+00
-1.942409507521187351e+00 8.638791398956959799e-01
-1.103588876741402380e+00 -1.806208930372960930e+00
-6.305102877418263807e-01 2.221906406011076474e+00
-1.556891347424664618e+00 2.412210412165345819e+00
-2.740961736303506591e+00 -1.108516451076294151e+00
-2.843655452237429326e+00 5.745916002892587082e-01
2.597773404282963106e-01 -2.921166840828011146e+00
-2.463663074082220295e+00 3.061638417135582046e-01
-2.309358296825068102e+00 -1.840021304853358020e+00
-1.888273044600878858e+00 -4.077427973001165884e-02
-1.450035154198734189e+00 -7.889747887868555631e-01
2.296084526664550207e+00 -1.859367616857460437e+00
-1.879904980172930617e+00 -4.427536282257788502e-01
1.969060000035869118e+00 -1.953093554456982073e+00
2.656766882501813143e+00 -9.724008252842384348e-01
6.216250803243478229e-01 1.790860902824235934e+00
1.037330452342042075e-01 -2.522818018691031838e+00
2.061499117105276113e+00 2.118307925164567784e+00
6.249191952594216337e-01 -1.871334268642828480e+00
2.462101506873723977e+00 -9.805816052396251203e-01
-2.152231183500521450e+00 1.871670105369679649e-01
2.721089486617566333e+00 -1.053049750550207664e+00
1.608236621571946356e+00 -2.118238638673017871e-01
-1.446895024353465731e+00 1.380395450898577181e+00
1.213759034803617354e+00 2.339287504059625711e+00
1.741905540574073763e+00 8.456749188043259924e-01
1.385358447846257945e+00 1.160620470701814844e+00
4.746081684745327434e-01 -1.792113470946558706e+00
2.623590882704278648e+00 1.257737725075982471e+00
2.350443807128828055e+00 -1.471195297604619701e-01
-1.556981525509243625e+00 1.540244511012889062e+00
-2.927887676563802888e+00 2.865249704422714316e-01
-2.517525523412256216e-01 -2.415109766235078226e+00
-2.709015930373405379e+00 -1.119466733988320861e+00
1.505227027661867334e+00 -1.766055674825592003e+00
-1.457289124381111689e+00 -9.023166269774933745e-01
-2.006293494350013695e+00 7.592410264460892622e-01
1.274809662539915234e+00 -1.645653885888030743e+00
1.158715280651437807e+00 2.618325437459975369e+00
1.374124369055716721e-01 2.741204865195558504e+00
-1.865434675142757293e+00 2.019498789993373844e+00
-2.546824619680538859e+00 -3.618475418654591436e-01
-3.680984525861596968e-01 -1.829961260715885274e+00
1.793415560573163647e+00 -1.700749721500602885e+00
-2.834263550233616424e+00 -1.426898375014905851e-01
-2.500829945822605538e+00 9.012154675857602104e-01
1.832543580822947327e+00 -5.075375732693098163e-01
3.208538731119812137e-01 -1.669671194486665122e+00
-1.759251114701321228e+00 9.756503397243938558e-01
7.010373748697247276e-01 -2.592490303545066155e+00
9.497276984662852417e-01 -2.758442477518989300e+00
1.432221070672377916e+00 1.699032803827597693e+00
1.259491383906432560e+00 -1.047028728486519844e+00
9.161298078651085586e-01 2.590419034873870707e+00
1.562481780866671555e+00 1.288632326755787816e-01
-1.720333833340027319e+00 6.825459769778619012e-01
-8.372506614340786690e-01 1.487053221812850046e+00
3.228907875262841398e-01 -2.701409450971060888e+00
8.438914131446170197e-01 -2.674118192371507607e+00
-7.854794212806119613e-02 -1.683585903783305415e+00
6.004990490596613384e-01 2.570169450722790572e+00
2.250175781417002696e+00 7.580430776664925929e-01
8.248320403904646492e-01 -1.766228550811638875e+00
-2.819165804431895239e+00 -2.470741773912679684e-02
-5.411134193118517510e-01 -1.648591293652457601e+00
-1.695920722615032794e+00 1.041701297269011839e+00
-6.974389010146793133e-01 -1.837328301051804891e+00
9.467602830855418317e-01 2.057933091208034249e+00
-4.233077101507544127e-01 2.600597386894543561e+00
-2.032222726069591090e+00 4.911973674849532540e-02
-6.322888554854038112e-01 -1.392962750096253366e+00
1.258601003493186488e+00 1.543434441013946667e+00
-1.523969854473920194e+00 1.195225490153561054e+00
2.147047384189793295e-01 -2.425217977192606345e+00
1.185837409992093416e+00 1.144856952229599267e+00
-1.589084787809386112e+00 6.648186043937802658e-01
2.022672640678705225e+00 -1.769255492074918390e+00
-1.663810100163402916e+00 -5.137906120018661538e-01
2.719785516171268736e+00 -3.313081759915955105e-01
-1.704129387203886514e-01 2.371518538339443705e+00
1.661880856988949384e+00 6.869874386740871808e-01
-1.970916964166175012e+00 -1.225653053110087320e+00
1.258879467319756085e+00 -1.348358852917221906e+00
2.013183565699882660e+00 8.412247542915550769e-01
-1.993313286288133312e+00 -8.228463117911734015e-01
1.218636656194050927e+00 1.960437892515053182e+00
-1.843001030078896596e+00 -2.371173480227497035e-02
2.346351096887761223e+00 1.752474143740205825e+00
1.676103327832958234e+00 -1.419675970142553423e+00
2.538010777256376915e+00 1.294224188274416099e+00
-1.154302481763692378e-01 -1.681273038256628549e+00
-2.218268957577035128e+00 2.158612564980983139e-01
2.847727780831325717e+00 6.199471715740499933e-01
2.911341845988807631e+00 6.357326513954008051e-01
-1.245496179713569074e+00 -1.012563599651814528e+00
-5.678684518026018146e-01 2.317355389605780580e+00
2.225807229613752991e+00 9.876046891618975865e-01
-1.012552100278588801e-01 2.326737059212337311e+00
6.393870141679992569e-01 1.434706708377279982e+00
-2.152359463089158709e+00 -1.999194855391789538e+00
-1.617178910572124595e+00 9.925922938748059643e-01
-2.440249174401357468e+00 -2.957904343202189534e-01
4.839501559345490422e-01 -1.661178381831949880e+00
-2.798805650163300296e+00 2.864855554926806214e-01
2.198880913752683242e+00 -6.181408585782366405e-01
2.333717399830162798e+00 -1.000745666173585180e+00
-1.911680430462403546e+00 3.770436578051288845e-01
1.258772443347562664e+00 -1.190641978855681904e+00
-1.635430469503182938e+00 -8.491743904747084404e-01
-9.985935657317868142e-01 -1.126787552121838898e+00
-2.602642622285614937e+00 6.767474657343863775e-01
2.280139253954920786e+00 -5.510450610298953666e-01
1.374278807175541406e+00 1.758454433640035619e+00
-1.739654842393528300e+00 -2.373551441687275165e+00
-2.622357609143900259e+00 -1.288112004084205786e+00
2.244153167676868232e+00 -1.337495513837508310e-01
-9.046604522817346394e-01 2.002637415257673137e+00
-1.506167742473781823e+00 -1.323256791404644028e+00
-2.849832884495984153e+00 3.822853865869597079e-01
-2.126577072530050128e+00 5.102828676317706924e-02
-3.544711528223131181e-01 1.730948135767292673e+00
-2.112351254437978110e+00 -6.918980900850031646e-02
-1.428956871131484840e+00 1.414600665912854716e+00
-2.216711232587966762e+00 -1.874191281114275798e+00
2.396203521317493923e+00 8.833657425925481865e-01
-9.401145364390812720e-01 2.390203547206254164e+00
1.542852986407113214e+00 -1.708510545303310924e+00
1.507215037546400627e+00 -6.869561128266407080e-01
2.260203915425527121e+00 1.948543074037434764e+00
1.068354666708527523e+00 1.191378893764041047e+00
1.308756026587608368e+00 2.376327616730736114e+00
1.417148669380609682e+00 -1.064151374087006774e+00
-2.195520383306138079e+00 8.933634663196485803e-01
-2.517805480682893116e-01 2.352485540126057817e+00
1.916790638841106897e+00 -1.700495374681595617e+00
1.840252699773178069e+00 -3.997436592563033964e-01
2.833730499111697942e-01 -2.386459386459781840e+00
7.372728661005781836e-01 1.344042664675113352e+00
-4.602697622819814094e-01 -2.824410362585014322e+00
7.739239132043688185e-01 1.547775987958348365e+00
1.288584907192179108e+00 -8.060755682610178940e-01
1.473965881069759121e+00 1.405058205036003871e+00
7.654693628812891948e-01 2.576799627248182123e+00
-2.034579440542107154e+00 2.019400790204489038e+00
5.727442766996462264e-01 1.737218470171227214e+00
-1.579619623851441501e+00 5.564630526630314211e-01
-1.386947708677723989e+00 -9.400454858277279557e-01
8.664199009738137169e-01 2.264078702067314985e+00
-1.536230087878226236e+00 -2.388257319389039512e+00
-1.722160434312626665e+00 1.888125572734798974e-01
-5.364139858861246557e-01 2.699818597514538343e+00
-2.157769319837215871e+00 -3.263629472209066962e-01
1.662876760168372714e+00 -4.170990663725610004e-01
-2.329439538240698493e+00 1.402795433275307313e-01
-1.452077199677895170e+00 2.382269303789420700e+00
5.026310210348328145e-01 -2.507081290437809251e+00
-1.695496928768584072e-02 -2.405636366438983487e+00
1.895770595024576233e+00 -1.688859751384710783e+00
-5.272802663358803210e-01 2.848087934353280559e+00
1.480578849238682437e+00 -1.144496113369521728e+00
3.532823942242713788e-01 -1.764256169339559754e+00
-5.397805256275115537e-01 -2.245804061520100259e+00
1.403543774300113123e+00 -1.214141461060474603e+00
1.836740249766749766e+00 1.610087961583752669e+00
-1.168304572245399964e+00 2.440410242098683735e+00
-4.216340223877061422e-01 -2.239003695601864408e+00
-2.083073128559811416e+00 2.091661958930300269e+00
-2.943945641206306529e+00 4.140623113502095443e-01
1.903332583416852852e+00 -6.636831796922226800e-01
1.997670770316532396e+00 1.812336635879529867e+00
1.500968608699950524e+00 1.315888074685500397e+00
9.971273230558451717e-01 -1.520041341437818438e+00
-6.737152961322808720e-01 -1.849285222868392475e+00
2.390420672898473597e+00 -4.895234341269281142e-01
4.687461301314101436e-01 1.966145312610608098e+00
-2.071885620824738261e+00 1.390900346913179542e+00
2.209948338277760715e+00 -6.632842719579535862e-01
-1.507057472314674351e+00 -1.409559015745616151e+00
-2.298115593546081747e+00 -1.257292837527276941e+00
-2.344614736662695709e+00 -9.163521018904388082e-01
-1.112010638512748173e+00 1.599692239039705255e+00
-1.569715313652328526e+00 2.451049938071364842e+00
6.281165083359842027e-01 -2.398465203312672323e+00
1.237126924230043779e+00 1.936142086372570681e+00
-2.420760942139065008e+00 -2.576717147905925875e-01
-5.579214588721702617e-01 -1.709009840005761838e+00
-1.713660641732910106e+00 -1.718910689083062104e+00
2.425678244069982892e+00 -2.158801499111036859e-01
-7.292196065977216701e-01 1.718027899945341552e+00
-2.613681903064027701e+00 1.188743725042072930e-01
1.620991982657948194e+00 -1.366355575260297828e+00
1.426615076783240621e+00 -2.080976636944652292e+00
2.483337478999774195e+00 8.584337026242708224e-02
-2.056366116538376865e+00 3.025072487275426991e-01
5.876096719962844439e-01 2.400058026504110043e+00
1.337839223908711572e+00 -1.025964927799851489e+00
-3.048520998264849791e-01 2.797266603515595751e+00
-1.705620213961902776e+00 1.458252467289950838e+00
2.833983727196121905e+00 7.135446954624942162e-01
-1.832712273996018437e+00 -1.517784612818811052e-01
1.617892608453457726e+00 3.084426109681773220e-01
-2.336851780529493272e+00 4.113264602788267443e-01
2.671316763353832169e+00 1.064886728910701796e+00
-8.041471826064086059e-01 -2.726434833961539184e+00
1.819354498831432076e+00 2.169712225200069344e+00
2.560603386382307001e+00 1.067373774918947416e-01
1.650314581624002797e-01 1.687227537862183713e+00
9.297238034338509705e-01 -1.576917826260424427e+00
2.436105128288773347e+00 -1.334408265284812156e+00
9.455797160802267287e-01 2.180753310869772754e+00
-2.328500127072896220e+00 -5.201745642062551855e-01
-1.670942225790387425e+00 1.632929006702706909e+00
-2.780447807359006873e+00 1.720810876313924598e-01
-1.367716926050117410e+00 -2.245584918760565873e+00
-1.340131037704443751e+00 -2.104014165066131703e+00
-1.732693951697159118e+00 1.617990452341689700e+00
8.776998493967778092e-01 2.287203039062495780e+00
-1.827122850810929400e+00 1.125907580508687111e+00
-2.107404113105276533e+00 -1.648556913912148758e+00
1.776850157526702834e+00 1.737981632277117994e+00
2.768894157605339856e+00 8.897834966434556847e-01
1.189240198255523406e+00 2.152344604219272206e+00
-2.717329109654497366e+00 -6.356065529294022132e-02
-2.412855410604880735e+00 -5.009922345532028531e-01
-1.540013942389706347e+00 1.060963795804522158e+00
-1.159152811554428952e+00 2.644496065743640045e+00
-1.224041360404693357e+00 -1.694047730060094237e+00
-1.518126054571601546e+00 2.049536653957943599e+00
-2.347129641571751524e+00 -1.177979221249966013e+00
-4.392448848886839619e-01 2.667934032143064904e+00
2.595146463411962312e+00 3.928812592611853893e-01
-2.294162097289627500e+00 1.866062426959720133e+00
-1.004070819090909561e+00 2.449970391594613162e+00
-9.217450182430922956e-01 1.582342020189365650e+00
2.099202246199690869e+00 -4.942775951065935258e-01
1.264758188386847282e+00 2.405824938080802333e+00
1.996302529809019788e+00 -1.326698629049425371e+00
4.631098062637726276e-01 -2.435498941538908113e+00
-1.389158876233861584e+00 1.709624025377273870e+00
-2.223497007229066291e+00 1.091955726282954453e+00
-1.604336704054184048e+00 -2.370972363385422721e+00
2.541035892056686674e+00 -8.005449125777626129e-01
2.330024300529059289e+00 -7.075009055456350504e-01
5.625795139378223508e-01 2.611595471509787547e+00
1.827319044476657606e+00 -3.546442264944505429e-01
1.398890218370719474e+00 -2.651234704551248100e+00
2.199824729511211885e+00 1.661100270255335687e-01
1.497295040726672299e+00 -1.230401430132632479e+00
2.003365402214907665e+00 4.098318666002622179e-01
-1.508950894503067408e+00 3.200880388155395440e-01
-1.523784157686289387e+00 8.985108087487646555e-01
2.155312382651074277e+00 -1.891072634320194457e+00
2.046639024786845340e+00 1.567735160751064782e+00
-1.869576679192360702e+00 1.141805014759219361e+00
-4.488237149463466524e-01 -2.600387448527840650e+00
2.136626055696552395e+00 -1.741513635986835951e+00
-2.161459841458367226e+00 -1.907194321879441157e+00
1.480694682755059999e+00 -1.494991564347532664e+00
-2.195682256562581536e+00 -7.614155002612433831e-01
7.073968063217123126e-01 2.434511048487738361e+00
-2.152956326089868089e+00 -1.808313113198988242e+00
1.239597574242599309e+00 2.294144377497800757e+00
2.427407657242943717e-01 -2.899572651014455715e+00
-1.528201539352369132e+00 1.992470409665847209e+00
-2.232302463960444072e+00 -3.216811371790801455e-01
-2.710098379872961427e+00 1.022011343920785076e-01
1.074779327997722467e+00 1.317262772714763885e+00
-1.849939229267799634e+00 -8.585304862024322192e-01
3.100792604362206939e-01 -1.789814558245670595e+00
1.436022985361342652e-01 2.199974601352286285e+00
1.714122205229729579e+00 -1.694984143963692569e+00
-1.072747856738340611e+00 1.651805869865915266e+00
-4.414883439138112542e-01 2.637018431840604471e+00
-1.901194126541446039e+00 1.099324139366079978e+00
6.881992658809524266e-02 1.536936381564770082e+00
-1.938562408116683011e+00 1.575167370680464751e+00
1.203439425936050078e-01 -2.537294563270004133e+00
2.070403692714202659e+00 -1.109233927505180461e-01
-7.147360738966359595e-01 1.620179840506618341e+00
-9.467624597975221601e-01 -2.039331374620696913e+00
-2.547034653514018920e+00 1.426017642094114857e+00
-8.164690132674911061e-01 2.867697688379224008e+00
-1.644641913919666631e+00 -6.270395604826243252e-01
1.540507517809485583e+00 -5.555676874826500633e-01
8.552436951990419201e-02 2.831043078606930496e+00
9.350365927173475145e-01 -2.702841938055143611e+00
7.875547631594794762e-01 1.338730763356533515e+00
-4.464081633218900946e-01 2.653901744729135093e+00
2.191786311405695020e+00 -7.183115853201449408e-01
1.868690779451515960e+00 -2.814822626150987883e-01
-8.509528138169866196e-01 -2.180563429118752783e+00
1.600609606389288064e+00 -3.499047599051431368e-01
-1.201673287990783656e+00 1.253550977906297215e+00
