1.239165561375183078e+00 1.784287428259929698e+00
-6.278884765353870412e-01 1.590748329818525431e+00
-1.611828599812326068e+00 1.796014007231783838e+00
2.264785847551684661e+00 -3.246097916099369707e-01
3.932255030622437419e-01 -2.065552978964171782e+00
-2.251860876358639629e+00 -7.401162142541302391e-02
1.154492941640622022e-01 -2.289497087804964970e+00
1.228472144312852343e+00 -2.127675802172259267e+00
1.477993801717077282e+00 -1.156780523291708107e+00
-1.363166208540642410e+00 1.065907938375915576e+00
-1.199864793806819874e+00 1.229259634106792731e+00
1.414418094962167638e+00 6.627394418904024587e-01
-8.572344498225654974e-02 1.679483856183280110e+00
-1.687125299673508882e+00 -6.243229864154858921e-02
-2.792648501928269855e-01 2.475184709958747842e+00
-1.774372554599237484e+00 1.422073470435275766e+00
1.120260477395318643e+00 -1.530237496556524190e+00
-7.381678344331801256e-01 -2.240072542025173252e+00
-1.871058881564711562e+00 5.492485250359417925e-01
1.714037176717711830e+00 -1.146434163890919677e+00
8.519709378681715739e-01 -2.133946541259157392e+00
-3.582600417641693125e-01 -2.090781433602777017e+00
2.244612000594820245e+00 -4.210921130915806221e-01
1.507012668273344014e+00 -1.609279099858001993e+00
1.673533847824957954e+00 -9.898370027083457368e-01
1.933468252101164575e+00 -1.088891071982100028e-01
-2.390587917009623364e+00 -1.527566596807181931e-01
2.154656574741006025e+00 -6.404000437448187366e-01
2.076705805936493121e+00 4.571818136706748414e-01
-4.647723986479653790e-01 1.943610102588848365e+00
-6.860648438202510135e-01 1.336640902938308617e+00
-2.302782293678017567e+00 1.137680313799654813e-01
2.217990082107925254e+00 6.088539679892780443e-01
-6.940996643369448105e-01 2.170242260327372108e+00
-1.192542793880680296e+00 -1.598072929328863578e+00
1.408935569686173173e+00 1.221769929600426075e+00
-2.250969218995236165e+00 4.231983506164416209e-01
-7.248317824441098400e-01 1.379940043567927210e+00
8.604899031467699855e-01 -1.509654968847271572e+00
-1.647340495219263623e+00 5.234745735495293095e-01
6.110917244730443842e-01 1.579680033670126216e+00
-2.708733818632412804e-01 -2.080257382469003602e+00
2.967464966194595655e-01 -1.618753770244387935e+00
-1.598398367505234341e-01 -2.324160032104715778e+00
-5.315859727577858518e-01 1.585307454840937158e+00
8.544019532243690707e-02 -1.720533117349507091e+00
7.001356105159808330e-01 1.993443489254130396e+00
-6.995313481707250425e-01 1.987088166339030293e+00
-1.353829037860401208e+00 -8.920635141937313106e-01
1.163027398060229922e+00 1.215511899004512619e+00
-1.885152665275950712e+00 5.950566799694296805e-01
1.536891057701338381e+00 1.304344120692478015e-01
2.042012342266976255e+00 -1.121989568690410000e+00
-1.165862875959381872e+00 1.280769629968212531e+00
1.949305546967491809e+00 -1.123615787296103230e+00
2.950955995721573633e-01 -1.960424113230173404e+00
1.418893293747676587e+00 2.047590794544518200e+00
-2.151232783275723204e+00 1.527322235859508437e-01
2.220293982646950770e+00 4.375838798480665703e-01
-2.741941371953993678e-01 -2.465186053661046817e+00
-1.145410680307544643e-01 -2.457961815400840688e+00
9.617357965690028765e-01 -2.149899363209021086e+00
-9.107604569503696679e-01 1.349776302272095885e+00
-1.606221579700496616e+00 -1.812873113472349251e+00
2.112781986138765333e+00 -8.531852879582332294e-01
2.015462244112522061e+00 -1.019131152717357436e+00
2.262151198394041884e+00 -8.636561501442086008e-01
1.568661346949206781e+00 4.281129971184505223e-01
1.643752269373358610e+00 1.410340532590616647e+00
1.836921671784828680e+00 -8.468396865760930980e-01
2.443396334384198898e+00 -3.335618396561656485e-01
8.641987356918020557e-01 -1.286018709205106747e+00
-1.893919230947886279e+00 -3.853917559242275304e-01
-1.190820920521453719e+00 2.043000069784230099e+00
-1.723459617454988546e+00 -1.386685392755301061e-01
-9.465702298157563366e-01 1.868608368937935804e+00
-2.074634519035137181e+00 -9.101664402934482589e-02
-2.593755921759376970e-01 2.243919225096760339e+00
1.076216792153426915e+00 -1.609511355020364132e+00
-1.353676619927331126e+00 -1.114827053746279439e+00
1.562837001901871581e+00 3.713748368907652808e-01
-1.278161458478650925e+00 -9.217581638149933143e-01
-1.030245888957810108e+00 -2.175979497267322760e+00
-9.001684304884727261e-01 -1.227870948955992025e+00
-2.059659533740969994e+00 1.716579977586387695e-01
-1.216626555755308869e+00 -1.101516641479788561e+00
-6.409407619453433291e-02 1.621348202429979457e+00
-1.827606759586973606e+00 -1.687997529145221831e+00
-1.234261504381943597e+00 -1.531095040748086999e+00
1.814687455702313823e+00 1.146965628691939632e+00
1.885551665628097284e+00 -6.626437891484611153e-01
-1.710886290208799121e+00 -8.818182883501909375e-01
2.248982987716530602e+00 -5.418789675340391909e-01
7.488424125799643116e-01 -1.381798851336239364e+00
-1.208312833674328513e+00 -1.178310410969301447e+00
-2.186364040923774787e+00 3.400790417314766834e-01
1.329917126293176821e+00 -1.894383879729541809e+00
-1.336466004039169153e+00 2.110440667410879101e+00
2.288928732547571010e-01 -2.290031662221581499e+00
2.066308412606266742e+00 -1.067455877442687662e+00
3.583968183536729302e-01 -1.670838059397945052e+00
-1.703108302640742755e+00 -1.381709456633467781e+00
1.074716292985466337e+00 2.062826070441742932e+00
-1.210349332916937692e+00 -1.242034172161146977e+00
-1.497998480481370631e+00 -3.156145775781920571e-01
1.084056255910904820e+00 -1.890340139436514910e+00
1.330798266940373065e+00 2.000674695065494113e+00
-1.321929705403567468e+00 -1.125169797247897341e+00
-1.743384672202439534e+00 6.471442972853953535e-01
1.921864863063051487e+00 7.747543512531208654e-01
4.256286737568527601e-01 -1.614908891656548384e+00
-1.807518707553191550e+00 5.934549158110055123e-01
-1.251667949229732679e+00 -1.392101474820962359e+00
-8.644690197315170188e-01 -1.602147194562992816e+00
-1.273160668739404811e+00 -2.060797791063655460e+00
1.973748518746990976e+00 7.742379301363722099e-02
1.332034021611255836e+00 1.009808861488847409e+00
1.805153660201941124e+00 -8.439380795441006611e-02
1.860968759464082467e+00 -1.706387437569032994e-01
1.467268118027007739e+00 -4.396130023160682021e-01
-1.325601692478119542e+00 -2.032514386929042960e+00
-1.757081831776369785e-01 1.626989212191431999e+00
-3.781644556237130916e-01 1.896743577016410054e+00
-1.599876421732376208e+00 -1.143578879339389065e+00
-2.232403597243713733e+00 7.939843459469505538e-01
1.704657409164946014e+00 7.460902444071660922e-01
1.806674314216552446e+00 2.056627044714493535e-01
-8.909293350425052660e-01 -1.698357179200828737e+00
9.188944768301732235e-01 -1.601817011241307931e+00
-1.545407814062187413e+00 -3.924284101890661014e-01
1.286439042488330742e+00 -1.163946164988796106e+00
-6.261921500520448158e-02 1.884037983503012992e+00
2.227864430063577927e+00 -1.119149203392543424e+00
-2.379562972399638987e+00 4.625444699893188072e-01
6.883659701002157183e-01 2.053494236395103201e+00
2.534283675157992799e-01 2.450015289601640500e+00
2.271095946501323848e+00 8.114885957658493076e-01
7.599435291783133151e-01 -2.095867862231587608e+00
8.354422146780237091e-01 -1.448362487141075849e+00
1.683986233279546330e-01 -1.581675854467128106e+00
2.280326351708568400e-01 2.173190103309202037e+00
1.580008255044085930e+00 1.723698801269826886e+00
-1.529361056592355161e-01 1.656486656226286769e+00
-3.516364703422131810e-01 -1.716837239399685799e+00
-3.853118868290673071e-01 -1.507659568855279852e+00
4.605840844443302440e-01 -1.927381105608076961e+00
-2.376531849924476525e+00 5.256185590249664585e-01
1.463308801621267641e+00 1.030241302365343836e+00
1.403390764938213797e+00 1.687628918263023081e+00
1.427411345339915538e+00 6.846629490986573252e-01
4.494798716020977358e-01 -1.485524478921946834e+00
-1.643822208216349390e+00 -2.266030369941667011e-01
-1.007071688047731284e+00 -1.913209002136750492e+00
2.001910170927083676e+00 1.094441900911076848e+00
1.604385568947577889e+00 -2.622568490345987269e-01
-1.226980054723028291e+00 1.450009512547170143e+00
2.395572894857086244e+00 -6.248365545910778973e-01
-4.780186439469821802e-01 1.849265208408830574e+00
-5.121500670441669900e-01 1.659715674577346478e+00
-1.270058711078166036e+00 1.924183869965153004e+00
-1.628500582892547399e+00 -5.519546071794050324e-01
5.441528339368578715e-01 2.438380000735640429e+00
-1.127837493509436406e+00 -1.261941096380956751e+00
-1.837917392483578105e+00 -3.826464146938524102e-01
1.809276680428942186e+00 -5.248983979030789060e-01
-1.312174625313330178e+00 -9.946444978757581490e-01
1.404261886345760990e+00 -8.838373861496245931e-01
1.063365028117925881e+00 1.224967544324206292e+00
1.916528026278525143e+00 2.542903316227561605e-01
-1.299193695740804566e+00 1.417147162811192684e+00
1.740513771981471836e+00 -6.522918411933097405e-01
-1.840143417032436668e+00 1.198904983434996740e+00
-3.109421970458244866e-01 -1.925079314192205571e+00
-7.981277136959143981e-01 -1.953373353095269049e+00
7.166989129164907935e-01 1.664604307429166985e+00
-1.552236920804927367e+00 1.752442628126868185e-01
-5.525530901087356561e-01 1.673172580992937863e+00
-1.369753776219893027e+00 -1.994840726361897021e+00
-1.780504995469395890e+00 -1.134194480466884203e+00
1.661689344992455242e+00 -4.798526167445115731e-01
-3.483821972004082501e-01 -1.710591313167795890e+00
2.399990999786580925e+00 5.892423213880266797e-01
-1.703466525628566819e+00 1.199786972691159609e-01
-4.371064982855669134e-01 2.242669626363685165e+00
-1.639135744702586273e+00 6.359583015253035265e-01
-1.871117868828310327e+00 1.401289503681032889e+00
1.736061875350515260e+00 7.738297403526335216e-01
1.560417573676003311e+00 1.852001443113665546e+00
-2.017205711508380794e+00 2.643118412997076394e-01
1.905429394963247258e+00 -1.627218462046817749e-01
-2.176922640283414645e-01 1.703235573515479162e+00
1.699881952398094365e+00 -8.504161647481998099e-01
-1.544556914828125960e+00 1.604141297128605537e+00
-3.440378963853988892e-01 1.577431936774913446e+00
1.365488932741818262e+00 -1.963025782832375610e+00
1.177396645087092741e+00 -1.843367071099713872e+00
-3.625099993215623595e-01 2.334601270251592364e+00
4.736860857345521758e-01 -1.604166730666750640e+00
1.252257034309156358e+00 -1.183335768289290213e+00
7.252426026746512377e-01 -1.805379629025440247e+00
2.347955681751618950e+00 -6.201821780110854387e-01
-9.167097707808715690e-01 -1.689511576822701366e+00
7.333588601674626561e-01 -1.538703441935453720e+00
1.546854893916946416e+00 4.680455429417175739e-01
2.464170874739382899e+00 -2.739140841378339131e-01
-7.337556769589536065e-01 -1.650013416853333803e+00
1.866345311930160733e+00 1.308580975759234821e+00
-1.977373121523301691e+00 1.665748130310437114e-01
-7.818699366814435558e-01 -1.775988134115858763e+00
2.154831155095535244e+00 1.082741587026705199e+00
1.966660086934987284e+00 -9.042733449694357883e-01
2.106555040820750513e+00 1.020815336616903157e-01
1.937363579596145025e+00 -3.306059326568083767e-01
-1.068649416409711117e+00 1.925000452068800438e+00
-9.130665881980800647e-01 1.260388582132326185e+00
-1.985601095753515732e+00 5.038067753585950825e-01
1.021253772861868026e+00 -1.211559880171159564e+00
8.956232978977781700e-01 1.406788463664445654e+00
1.337620498188468732e+00 -1.850708902336769324e+00
-4.832176913065062140e-01 -2.012746890249185849e+00
-1.595269316864872167e+00 -6.209077297700995590e-01
-5.221258224479062848e-01 2.038069756105575170e+00
1.429763698610100775e+00 -8.019891459860325478e-01
8.104453147494878884e-01 -2.133510404260988480e+00
7.037710991250550885e-01 -1.928767938641847479e+00
2.398599099846470406e-01 -1.836925005831404611e+00
1.595620516701514724e+00 6.526113367750551175e-01
1.639849694803410252e+00 6.949226389183141839e-01
-4.321917305823335664e-01 1.830482214369218097e+00
2.335956979718246895e+00 9.291080702388050672e-02
-1.608634759270443970e+00 1.529513785117983415e+00
-8.065824748968971614e-01 -1.790592754292601896e+00
3.698937862871367055e-01 2.363993617478604925e+00
-3.722266294487061589e-01 2.364099246162135959e+00
-2.184157460177993837e+00 5.772024249468502566e-01
1.268863032682186587e+00 -9.162096696038790622e-01
1.822321193805625406e+00 3.713285654902315908e-02
-1.740898111486829603e+00 -9.895288633956219604e-01
-1.304871134032630886e+00 1.215663006074577002e+00
1.645812642470396936e+00 -3.542780944641780172e-01
9.723105932399911389e-01 -1.279219643825496799e+00
-1.373976896820553906e+00 -1.830851130569858265e+00
-2.276460175364909855e+00 7.435773182685391225e-01
-2.595517726554715798e-01 2.158642432026534497e+00
-2.629600788220728402e-01 2.261453779202450942e+00
-6.954437891305622621e-01 2.006591156067403237e+00
-1.879014953079801487e+00 3.002578591092922716e-02
2.155907076457314275e+00 3.104349680029801911e-02
-1.831127629867946194e+00 1.469566201135273253e+00
1.624474329493157843e+00 1.896714481485863191e+00
-1.660578223337529913e+00 1.522713004945603466e+00
2.142239003277007559e+00 -2.986027471848924919e-01
1.829269249366245909e+00 -1.445408314183350251e+00
-1.318395310586350844e+00 1.953951085751916450e+00
-3.713732347065445416e-01 -1.545790860770416941e+00
-1.805999915634412645e+00 1.138745717567217763e+00
-2.090387617943415322e+00 -1.320171288862324183e-02
9.639424177996309684e-01 1.268211572710665980e+00
4.620123621628814681e-02 -1.761273513086984099e+00
1.520584543717488080e+00 -1.164406007068546467e+00
-1.554325628225112110e+00 8.409596921870632347e-01
7.731141633309381866e-01 1.457683646373801434e+00
4.524363354946622784e-01 1.999289454742682492e+00
1.275363140169728071e+00 9.922028429249084569e-01
-1.732732791850940313e+00 -1.896537046426170769e-01
1.718817781352493634e+00 -1.638585076480393088e+00
2.223524777410843672e-02 2.478007764530867796e+00
5.918836840732059068e-01 2.123026015156665558e+00
1.079478896004016697e+00 1.376533485335683205e+00
-9.889728336499016281e-01 1.838354426370671924e+00
-1.897504382073272433e+00 5.865625220952785934e-01
1.753336089856913027e+00 -1.724914151817754648e+00
1.741487717864387275e+00 -1.696839791177350065e+00
3.791322429692468576e-01 2.431723569454635303e+00
1.911542184479066542e+00 -1.607983773906480174e+00
-1.976554308091891698e+00 1.293737181195447061e-01
7.580766807327808943e-01 1.487490320346714912e+00
-2.789364466706528156e-01 1.729275587996769614e+00
2.103243129030460956e-01 -1.775623474337841845e+00
-2.214482941999052767e-01 1.513702820345859124e+00
-4.308002999434758507e-01 1.646206609584973890e+00
-1.101967786655750015e+00 1.290687728991233740e+00
-1.803864156946732633e+00 1.497449187466238341e+00
-9.815849347757972243e-01 1.877342497448321712e+00
-2.260475853541048519e+00 -5.221051796296977132e-01
4.120359298769938894e-01 1.716103390084313229e+00
-1.092193617146936413e+00 2.144263778458148195e+00
-2.112748716243996405e+00 -4.195618875248964263e-01
6.431271343133738716e-01 1.582539191602191364e+00
1.255855970171223301e+00 1.048183163455892464e+00
9.826653598407627532e-01 1.868690623401156659e+00
1.094797383562705173e+00 1.969195344109695878e+00
2.296316899146209511e+00 -2.013387626282909793e-01
2.084606257322798140e+00 7.303182669848184982e-01
-1.292979855860753924e+00 -1.191149591579020672e+00
5.140368079221535602e-01 -2.399041185431983525e+00
-1.802104213119429144e+00 -1.631466453513255477e+00
2.450372849593295044e+00 -2.447396563498080990e-01
1.012182647576408190e+00 2.090326822431767262e+00
1.738690233350656422e+00 1.570807390359741040e+00
