0.000000000000000000e+00
0.000000000000000000e+00
0.000000000000000000e+00
0.000000000000000000e+00
0.000000000000000000e+00
0.000000000000000000e+00
0.000000000000000000e+00
0.000000000000000000e+00
0.000000000000000000e+00
0.000000000000000000e+00
0.000000000000000000e+00
0.000000000000000000e+00
8.191329146483972146e-01
8.191201322204516577e-01
7.960615458327767735e-01
0.000000000000000000e+00
0.000000000000000000e+00
7.375413204242933229e-01
6.952185867390596741e-01
6.661469643396831231e-01
5.806494318885445649e-01
4.759553123286279774e-01
3.615329554007221668e-01
3.250476115304398728e-01
2.763496296276592434e-01
2.519557250899021050e-01
1.901392384382046552e-01
1.305394229052235233e-01
3.186394955205768681e-02
9.795861330926086685e-01
9.075940745604924587e-01
8.627887976223425071e-01
8.441667137967167056e-01
8.191349995447091414e-01
7.982842276538770765e-01
7.910931977479419563e-01
7.703335448691204235e-01
7.574058103360031824e-01
7.249195491312889761e-01
6.949757851423986610e-01
6.707376137261299442e-01
5.722325072266742918e-01
4.619461776522745811e-01
3.485739052830633677e-01
3.102000809646963120e-01
2.888755666017324697e-01
2.552093163608945559e-01
1.901173523843875113e-01
1.322431619920241275e-01
5.780271605360804560e-02
1.078095706981937844e-02
9.581653405549790392e-01
8.940002996437540483e-01
8.691414877926112448e-01
8.246339956570238883e-01
8.068631639745273976e-01
7.863351972025175440e-01
7.814501482427000933e-01
7.618713196615459760e-01
7.546804302028971012e-01
6.992420889174819632e-01
6.680139209922155707e-01
5.929317957311460718e-01
4.801272876413400503e-01
3.915330858399139746e-01
3.289414694403074435e-01
2.988280845336900304e-01
2.674148099968508552e-01
2.003731872329843067e-01
1.506996584180015641e-01
6.962560965667898005e-02
1.078095706981705218e-02
9.835887506479846776e-01
9.036131297409871754e-01
8.629243497156491305e-01
8.362742944106584808e-01
8.196780132362049276e-01
8.061453818853614450e-01
7.870600371128838590e-01
7.743939682991389795e-01
7.611349081983777021e-01
7.426834738486424170e-01
7.197511401974918677e-01
6.485012504563782976e-01
5.326844397928853780e-01
4.150576322132506490e-01
3.357315509022931743e-01
3.132779320893693265e-01
2.880788413981923424e-01
2.725077832659915100e-01
2.240192728526914923e-01
1.552004419062871232e-01
7.412895241906305999e-02
3.895708647643941758e-02
9.782450639992869013e-01
9.030953026791983529e-01
8.603204809520439422e-01
8.320331546095344200e-01
8.188273837299134827e-01
7.992340177567329729e-01
7.855049793727356677e-01
7.698910457334421364e-01
7.490752248859833262e-01
7.324470023315177158e-01
7.086552639181558089e-01
6.621425967857157424e-01
5.889383765751159405e-01
4.836581245468457024e-01
3.821614084495549846e-01
3.339068113720509712e-01
3.020064687103333756e-01
2.716663624694416468e-01
2.243307672212274673e-01
1.854135108310234759e-01
1.228814600990295880e-01
4.013138988215715630e-02
9.644882895012406587e-01
9.015472946375796548e-01
8.593860772250520030e-01
8.447756531604756480e-01
8.214559490282420384e-01
8.015056649839148450e-01
7.854363726210429331e-01
7.773779600674658452e-01
7.682680669374377658e-01
7.523523182692273270e-01
7.319221002005353860e-01
6.865823286304965078e-01
6.299956517650957544e-01
5.310388992410662867e-01
4.199969475043100475e-01
3.385447955723424607e-01
3.071544760816575792e-01
2.721958355724130585e-01
2.520843631549396502e-01
2.003731872333243957e-01
1.539051021891552073e-01
7.757405876527306843e-02
1.747010048579535416e-02
9.846395806200383127e-01
9.277809999038366673e-01
8.703536568907558335e-01
8.459719969582517596e-01
8.229444014316509293e-01
8.042730643616210484e-01
7.892270553823713675e-01
7.734599511005531003e-01
7.685607486146430745e-01
7.419337644160194367e-01
7.302337463920983707e-01
6.798454366684640870e-01
5.835809008550660870e-01
4.929152339448660824e-01
4.151978037608327066e-01
3.393895532449157648e-01
3.155639874878069517e-01
2.837744501202057457e-01
2.591763857946552951e-01
1.888369841646594660e-01
1.659879932346569886e-01
9.308914346163510434e-02
2.419434753531411395e-02
9.719616075958102952e-01
8.924736957481660404e-01
8.614505070689943977e-01
8.411803908100062843e-01
8.209751764748938196e-01
8.074563905861908975e-01
7.973968750532143268e-01
7.867727886171489438e-01
7.712891206344271167e-01
7.559417769676612942e-01
7.362412690854117647e-01
6.965678474930809827e-01
6.320081520380113060e-01
