0.000000000000000000e+00
9.167625095167385163e-02
1.027784466957309961e-01
2.015442322356381377e-01
5.508291171603572067e-01
6.544695867596705963e-01
7.111809202858782042e-01
7.111980528694932246e-01
7.111873300097114603e-01
7.111940869125078502e-01
7.279643404366972215e-01
6.211186664479776548e-02
9.165678581095150490e-02
9.165865680091922485e-02
9.165607026295222171e-02
9.166504963730574829e-02
9.166726845749113839e-02
1.931519439627651935e-01
4.715547647203597315e-01
5.650371108114270458e-01
7.111902568706851557e-01
7.111864100702929292e-01
7.111865159839703132e-01
7.111998488409490005e-01
7.111958344177506941e-01
8.543263868795298449e-03
9.157660007259203760e-02
9.164608904971367764e-02
9.165285562354907878e-02
9.166176760752521580e-02
9.166577168126148478e-02
1.159766063117173007e-01
2.393985299357575258e-01
5.649969388053297514e-01
6.951442717050002607e-01
7.111916069791412998e-01
7.111802384084071615e-01
7.111958550311295868e-01
7.111970087663210816e-01
7.112041112063897108e-01
7.437462167227812393e-02
9.164871423665844896e-02
9.166088680604521366e-02
9.165272508798312512e-02
9.169422970043980547e-02
9.167245944600294072e-02
1.661285378772699439e-01
4.595343840868337248e-01
5.649982273521295673e-01
7.052986842108652787e-01
7.111960556342236117e-01
7.111911131548493969e-01
7.111876100238164744e-01
7.111931576744486838e-01
7.568611179661144384e-01
6.665812865136197529e-02
9.164546541431020654e-02
9.165070533878819092e-02
9.165512553701116172e-02
9.166827767241499114e-02
9.167039881807739765e-02
1.661233530641558487e-01
4.595467117296410109e-01
5.650031354892985913e-01
6.982923299438281717e-01
7.111920906397570796e-01
7.111904454262362174e-01
7.111923751265960547e-01
7.111924083539979957e-01
7.557650559225832509e-01
8.894161666299994773e-02
9.165805888879247076e-02
9.165420923511660711e-02
9.166565633721417139e-02
9.165967980288741712e-02
9.167151441525636657e-02
1.661332405522047417e-01
4.595343989543178576e-01
5.649982273521295673e-01
7.063299947419977576e-01
7.111800716644542941e-01
7.111906948066563094e-01
7.111972692310244426e-01
7.111972279959427601e-01
7.130082477283217202e-01
4.684528774957356922e-02
9.164422935717328467e-02
9.166288314800258297e-02
9.165829800317591702e-02
9.166076051234735289e-02
9.167221686261245450e-02
1.148864804173250487e-01
2.304447565516084262e-01
5.595174985562615388e-01
6.706203445727759727e-01
7.111853499339471085e-01
7.112039915891037456e-01
7.111867496961851165e-01
7.111957308598814143e-01
7.112020832295214978e-01
9.617496905452816575e-03
9.165164626945015991e-02
9.165106024809444030e-02
9.165724214989827423e-02
9.168418727109736710e-02
9.166282999659099151e-02
9.168470816350504649e-02
1.661340712875398751e-01
4.595343989543178576e-01
5.650155512679787551e-01
7.052444640256021469e-01
7.111988716424675339e-01
7.111922812107560610e-01
7.111846675859810896e-01
7.111998038287848933e-01
7.112072682019832115e-01
2.438892868533869968e-02
9.163632992666947974e-02
9.164901538861768004e-02
9.165688395808374578e-02
9.165540937791860632e-02
9.165731462681621367e-02
9.740668633860111170e-02
1.864933595335645788e-01
4.595265391379727005e-01
5.650037070889220026e-01
7.111808130714384335e-01
7.111910473921539966e-01
7.111883725478370666e-01
7.111997903092071027e-01
7.112003790677747794e-01
7.111660596425715131e-01
5.396044847380748050e-02
9.164540012815246273e-02
9.165728852093160683e-02
9.164743890105181423e-02
9.166262407647537969e-02
9.166043088529424177e-02
9.167120092669725495e-02
1.661270446086122177e-01
4.595514720395576513e-01
5.650277522408460040e-01
7.111870798490991241e-01
7.111901585631676959e-01
7.111849055100302186e-01
7.111998906591203706e-01
7.111929133364327527e-01
7.178112112087612351e-01
8.562184555995409896e-03
9.162004978118420961e-02
9.165770838718942382e-02
9.166415208235426104e-02
9.165130004032581712e-02
9.167815057592024197e-02
9.166879705604012718e-02
1.661271899690869858e-01
4.595373674587290291e-01
5.649770714798134641e-01
6.712093357111195147e-01
7.111945434750377437e-01
7.111872045828073752e-01
7.111988054510709478e-01
7.111867493991552713e-01
7.111991060381505081e-01
1.414128479976281549e-03
9.164455456206882511e-02
9.164389396604302740e-02
9.165290712594841016e-02
9.165214865528868715e-02
9.166358144076965087e-02
9.167917205129004488e-02
9.803277724546806404e-02
1.993516462476704887e-01
4.715768488517116386e-01
5.650092255415017917e-01
