0.000000000000000000e+00
7.959998799695293670e-01
7.959954571525558187e-01
7.787965348778211894e-01
7.258631870531369046e-01
6.471038697299702491e-01
5.122713408278685154e-01
3.818187081532306015e-01
3.190306024183647837e-01
2.938382052738113814e-01
2.786308760159313391e-01
2.437201407185721480e-01
2.254786078558176643e-01
1.201156076950768287e-01
9.569873594735045508e-01
8.529819092747933373e-01
8.053143456826316049e-01
7.706474839561358037e-01
7.428498201802552492e-01
5.927393204297631835e-01
4.946494986381256842e-01
3.587383766780730676e-01
3.164350028876350973e-01
2.873992130533642997e-01
2.764308198801507244e-01
2.462406446508184632e-01
1.989910269643911656e-01
8.002977243273284857e-02
9.529620159643888977e-01
8.266366948448887753e-01
8.014610504585661932e-01
7.682610762795258896e-01
7.037663441491839311e-01
5.902011724822423533e-01
4.792670987434656249e-01
3.795664107758037753e-01
3.164221340889215028e-01
2.945866046035965913e-01
2.770910783742112082e-01
2.585295710672126379e-01
2.081253329635392169e-01
1.463196939033832578e-01
9.664686761327372366e-01
8.491750685322713155e-01
8.091717710255784679e-01
7.787966569437283493e-01
7.471427914677948312e-01
6.210548470014740641e-01
5.167262262129641570e-01
3.682920898893211614e-01
3.251980166537738470e-01
2.952421808570397377e-01
2.864000925219245541e-01
2.656408449554922835e-01
2.375172793770531088e-01
1.296420085469846828e-01
9.735327421928892111e-01
8.668071655200363379e-01
8.218268731099391822e-01
7.958364728900045870e-01
7.596313753511694244e-01
6.964637359755758705e-01
5.375962264969800231e-01
4.322565854468823909e-01
3.413837931153296257e-01
3.058611109688698648e-01
2.839199037077757559e-01
2.789004810556874880e-01
2.659857701472023717e-01
1.914013015787816296e-01
7.570139894698453553e-02
9.670321626605518084e-01
8.412680380581794015e-01
8.166004943347440204e-01
7.846750040623601263e-01
7.238303391066038817e-01
6.063578521976327185e-01
4.990130047766712096e-01
3.958428110331714822e-01
3.300836328282898968e-01
2.964548687910376623e-01
2.846117338907664940e-01
2.709794254506542877e-01
2.425073206265227210e-01
2.008425835768549716e-01
4.011278385698513471e-02
8.938817832513771267e-01
8.349270364859237015e-01
7.994667033211670937e-01
7.780958008716225560e-01
7.137839223337818506e-01
6.185141930289712597e-01
5.006313714297008222e-01
4.085601287980747953e-01
3.457821176911539673e-01
3.090118733243240046e-01
2.901714609480972040e-01
2.657064716487003708e-01
2.412296791651457606e-01
1.995393376503852567e-01
7.333959186710826972e-02
9.452503443330942945e-01
8.446763070014576824e-01
7.977288410824532328e-01
7.734390409113440779e-01
7.048323175033182064e-01
6.242503011396798307e-01
5.007716163585422819e-01
4.030342581625727116e-01
3.377753936207946173e-01
2.998968116891645996e-01
2.934035057358195808e-01
2.727626402467518973e-01
2.493236143692968143e-01
2.242552053331328399e-01
7.414416550372698866e-02
9.412008450136752913e-01
8.436445010380053677e-01
7.997526308066454925e-01
7.894882732710355455e-01
7.441793588029367301e-01
6.642695147266062250e-01
5.417140258329314895e-01
4.600803101175152676e-01
3.456673545725721386e-01
3.103562355700038022e-01
2.979272538603282561e-01
2.767057468977892620e-01
2.587980845971163957e-01
2.358750129998502809e-01
1.984576006082401645e-01
1.114117123043174146e-02
9.128664138850216547e-01
8.277128230509895879e-01
7.936979142211222360e-01
7.600842935279337187e-01
7.037161468731614189e-01
5.965135777139328743e-01
4.788469032186827290e-01
3.779292024687336826e-01
3.173170058149085704e-01
2.991004811267623520e-01
2.858022565535321968e-01
2.741649019813508503e-01
2.425269614463805012e-01
1.926812614326929018e-01
1.042426114211260635e-01
9.603896301469253549e-01
8.707569058447267585e-01
8.189155876002488510e-01
7.902880773400621228e-01
7.386538415758465703e-01
6.712043350847677337e-01
5.516841514149222192e-01
4.638634141188112125e-01
3.732532726387517430e-01
3.206887002989081692e-01
3.042839045806135512e-01
2.850565254049611252e-01
2.704778849360171544e-01
2.639265384336793030e-01
2.207697598618107160e-01
1.323427765309030668e-01
9.791043187250344504e-01
8.627432503781345963e-01
8.156399672688592339e-01
7.899887720760145893e-01
7.451299606841028655e-01
7.070972253464816726e-01
5.737915452219020107e-01
4.802299991195020379e-01
3.673852931816088407e-01
3.218545086781453013e-01
3.066861519682211323e-01
2.832033151041882246e-01
