0.000000000000000000e+00
0.000000000000000000e+00
0.000000000000000000e+00
0.000000000000000000e+00
0.000000000000000000e+00
0.000000000000000000e+00
0.000000000000000000e+00
0.000000000000000000e+00
0.000000000000000000e+00
0.000000000000000000e+00
0.000000000000000000e+00
0.000000000000000000e+00
7.899111818015110975e-01
7.899273018459800344e-01
7.899317259608513719e-01
0.000000000000000000e+00
0.000000000000000000e+00
7.899177373339489883e-01
7.899135396202713322e-01
7.661440018460381474e-01
6.806479764282371558e-01
3.759646663904185337e-01
2.763223606262643073e-01
2.763157974881064738e-01
2.763051605164048574e-01
2.763158554458656768e-01
2.762590405640708013e-01
2.305400245097425083e-01
9.330951637031256185e-01
8.795843892703512079e-01
8.076025677704773420e-01
7.899256932262930242e-01
7.899269170299167975e-01
7.899264151600684514e-01
7.899215804459831514e-01
7.899320263858589097e-01
7.899246558939397866e-01
7.899105652215911988e-01
7.899057624128805744e-01
7.899098537500723882e-01
7.707368016543336697e-01
6.722359027570896650e-01
3.619524836623645991e-01
2.763143272993668353e-01
2.763186261066636895e-01
2.763173989793556995e-01
2.763211001739747097e-01
2.762889285661089267e-01
2.322449029395427522e-01
9.577944879975883730e-01
9.330876229035355296e-01
8.581669914823467638e-01
7.940092149917049591e-01
7.899411859691841675e-01
7.899245073117109328e-01
7.899227793723772040e-01
7.899249648915181998e-01
7.899144717680677275e-01
7.899176322735299571e-01
7.899264003704391524e-01
7.899091834932414624e-01
7.680111112777397997e-01
6.929341726027833381e-01
3.801336499232169652e-01
2.915335122113024147e-01
2.763222349284925605e-01
2.763226810243779030e-01
2.763227402276843270e-01
2.762978135677107150e-01
2.507034663418070131e-01
9.696185885190312659e-01
9.331010273236419739e-01
8.835861736005856670e-01
8.036208779571488714e-01
7.899256679704339534e-01
7.899252106320463485e-01
7.899273389901454445e-01
7.899264377741281873e-01
7.899254732613578689e-01
7.899170796329249011e-01
7.899172175263099449e-01
7.899170340491932230e-01
7.899153949124402274e-01
7.485008338820754448e-01
6.326905077850297765e-01
3.150554391214576699e-01
2.763231343216268621e-01
2.763017159901876019e-01
2.763200451119726120e-01
2.763356458390422432e-01
2.763064354507969167e-01
2.552051631006793664e-01
9.741218805263717195e-01
9.389503056630066347e-01
8.782431457531613139e-01
8.031026589428553741e-01
7.899213025382030295e-01
7.899248644623314553e-01
7.899203112725967646e-01
7.899256890205159642e-01
7.899262227507369838e-01
7.899167404354988653e-01
7.899258476689305919e-01
7.899189947700755443e-01
7.899131615414605179e-01
7.621376354553760502e-01
6.889400805671537231e-01
3.836646817379704699e-01
2.821593953133184063e-01
2.763190531751004153e-01
2.763219476449202405e-01
2.763239154255960894e-01
2.763040169971949789e-01
2.762824976743125105e-01
2.228764911234419055e-01
9.401234112933509746e-01
8.644877853597210393e-01
8.015564910666457266e-01
7.899298980311575402e-01
7.899291460624832117e-01
7.899307495186432826e-01
7.899498630806369714e-01
7.899173518036070041e-01
7.899228221807922390e-01
7.899243344393173105e-01
7.899129880110095092e-01
7.899259217772105490e-01
7.865812013295548910e-01
7.299942782410588915e-01
6.310457131146269827e-01
3.199966833850980685e-01
2.763233918292570812e-01
2.763134970012372515e-01
2.763119707292962524e-01
2.763267473330742185e-01
2.762780781925260887e-01
2.539092545839259363e-01
9.775667061949415704e-01
9.330878546000950235e-01
8.846368418887231577e-01
8.277900554814461298e-01
7.899340469245259566e-01
7.899372936935044054e-01
7.899327297584690655e-01
7.899259391029971322e-01
7.899173875391094501e-01
7.899177359022553357e-01
7.899254387406855482e-01
7.899177652054254484e-01
7.899243700678171276e-01
7.798448563420651292e-01
6.835835759824400171e-01
3.929219458070721815e-01
3.151994809746838655e-01
2.763268551107155857e-01
2.763141538336483238e-01
2.763185661499262813e-01
2.762955228457251167e-01
2.762928729899274405e-01
2.659912004588430023e-01
9.930825696203499087e-01
9.331063374438658409e-01
8.719603699323202894e-01
7.924821744335857066e-01
7.899344288418693738e-01
7.899279321388777975e-01
7.899276514152950845e-01
7.899219405598922883e-01
7.899299560738322068e-01
7.899246013583084425e-01
7.898997761811148433e-01
7.899222043914773117e-01
7.899129085597627054e-01
7.899158362667878519e-01
7.320060910283023858e-01
