0.000000000000000000e+00
0.000000000000000000e+00
0.000000000000000000e+00
0.000000000000000000e+00
0.000000000000000000e+00
0.000000000000000000e+00
0.000000000000000000e+00
0.000000000000000000e+00
0.000000000000000000e+00
0.000000000000000000e+00
0.000000000000000000e+00
0.000000000000000000e+00
7.898799853246605274e-01
7.898932735346178013e-01
7.898851721359452238e-01
0.000000000000000000e+00
0.000000000000000000e+00
7.898436140543337869e-01
7.898781300652520931e-01
7.658183845960159220e-01
6.797485409952335189e-01
3.863709524385588456e-01
2.760219111321627339e-01
2.760191960589155058e-01
2.759927659196212968e-01
2.760108893239088257e-01
2.759989094306116164e-01
2.274225366392014780e-01
9.367362417495075366e-01
8.820451222835850036e-01
8.081358167105143764e-01
7.898782222538335285e-01
7.898812216475815662e-01
7.898779031907010584e-01
7.898734513397136503e-01
7.898688166987712922e-01
7.898709334103886093e-01
7.898745395566483252e-01
7.898709926213500765e-01
7.898761488562512367e-01
7.701769999486716145e-01
6.712766760003310296e-01
3.662833463141780266e-01
2.760138450149899336e-01
2.760216240251129327e-01
2.760136591558035035e-01
2.760041097418631795e-01
2.760004667687006585e-01
2.274696740941107020e-01
9.617823135218941388e-01
9.366705225642093513e-01
8.609474919257731340e-01
7.945734256939224194e-01
7.898812949975211328e-01
7.898794108425420957e-01
7.898776304226312606e-01
7.898753111677434546e-01
7.898687513090403289e-01
7.898681533136612254e-01
7.898816844697919004e-01
7.898673256658234054e-01
7.674917961381076958e-01
6.916511772067259756e-01
3.864064501134318874e-01
2.926125692794622202e-01
2.760165663593112106e-01
2.760440841093397268e-01
2.760108670238255457e-01
2.759901636982691198e-01
2.483112137207148518e-01
9.787320758326125691e-01
9.366790979860346589e-01
8.853874539588932890e-01
8.041351146758723978e-01
7.898884717635383801e-01
7.898776156275366667e-01
7.899063967013532084e-01
7.898745508711522145e-01
7.898783884487201590e-01
7.898780972329115802e-01
7.898701339588722892e-01
7.898689508643882418e-01
7.898700570443526470e-01
7.479546171813467037e-01
6.306974321099674263e-01
3.168039996809632330e-01
2.760084154653618671e-01
2.760147510328773701e-01
2.760169977019851784e-01
2.760124707738301764e-01
2.760025612894817515e-01
2.506648806292777754e-01
9.788693710940395976e-01
9.404187563758060753e-01
8.820221921051812908e-01
8.037028955325691282e-01
7.898840163868923181e-01
7.898707142841689954e-01
7.898727782777439366e-01
7.898729298353212025e-01
7.898783152753585668e-01
7.898764969730369678e-01
7.898649242273364512e-01
7.898752233061091532e-01
7.898803064288895115e-01
7.617046926669170936e-01
6.877493586993452812e-01
3.875689516218890351e-01
2.833285297383458801e-01
2.760232872611528276e-01
2.760158504983226124e-01
2.760156773966979671e-01
2.760045479727843420e-01
2.759912123340241275e-01
2.158713182918474416e-01
9.414679998331347832e-01
8.676071666248157399e-01
8.022429156082258039e-01
7.898786190730384682e-01
7.898796153393033981e-01
7.898766644631723954e-01
7.898975047443165254e-01
7.898776435377997673e-01
7.898844726786395931e-01
7.898665156022254275e-01
7.898710869905196663e-01
7.898677442863395459e-01
7.860776068506580838e-01
7.294063732374742592e-01
6.273484256206597331e-01
3.214153631402189570e-01
2.760106269150617853e-01
2.760121353774380171e-01
2.760116151353398384e-01
2.760126341668744376e-01
2.759845743960586684e-01
2.506339807355836280e-01
9.807179969621808713e-01
9.366965151206720908e-01
8.859286629991758311e-01
8.284314240848222877e-01
7.898842377661197123e-01
7.898772328058825121e-01
7.898768504547458713e-01
7.898835568216326930e-01
7.898714821203806080e-01
7.898739923489226378e-01
7.898743527765865746e-01
7.898702215519129988e-01
7.898740830677836167e-01
7.793066612987946673e-01
6.827295485673237074e-01
3.991658361618128925e-01
3.168058525267141712e-01
2.760135986289053434e-01
2.760089745641913228e-01
2.760188003135276569e-01
2.759879598712674520e-01
2.759876847641266062e-01
2.617818147494676007e-01
9.982427463069675211e-01
9.367031713467596221e-01
8.759805151076042184e-01
7.932330326765242301e-01
7.898699942500679860e-01
7.898800926698598124e-01
7.898752739676940804e-01
7.898738013005974778e-01
7.898749262502157142e-01
7.898696923733822262e-01
7.898695604207482956e-01
7.898712284660454053e-01
7.898743939512188339e-01
7.898627522115961863e-01
7.313683419109671124e-01
