0.000000000000000000e+00
1.453805374658018179e-01
2.025866935415938097e-01
3.005831413237028404e-01
4.532648270112045741e-01
5.559239409596904435e-01
6.513095231278369646e-01
6.911110139899059313e-01
7.180091812842407384e-01
7.524718309838803743e-01
8.268034112975948258e-01
9.632157106543997038e-01
3.215698370903334602e-02
7.520691742677348968e-02
9.338380405402822715e-02
1.444519922460911765e-01
1.695473096166599525e-01
2.917956879599021280e-01
4.216750966478798879e-01
5.191234614780539935e-01
6.265123778545047539e-01
6.758829583768762861e-01
7.124504667367685951e-01
7.268434293258697609e-01
7.568238174097079440e-01
9.106268129047705440e-01
9.930523105195422362e-01
5.163615614930091441e-02
8.820529542798381806e-02
9.929211998419130991e-02
1.591189917441240276e-01
2.153666353865696381e-01
3.356845995977346120e-01
4.784106071541217586e-01
5.959192839722124990e-01
6.653171159760551401e-01
7.012831041624113526e-01
7.245579519967950688e-01
7.575380362138413037e-01
7.954640153920286005e-01
9.754675320119875481e-01
6.050383510049673480e-02
7.488340731633282010e-02
9.736819544664560011e-02
1.299709940239554273e-01
1.842816217309810323e-01
2.567847185703165391e-01
3.759504144948475068e-01
5.062523298885923673e-01
6.061765260062674798e-01
6.728367131623694819e-01
7.036658377826429112e-01
7.166945849401040736e-01
7.537121155189352439e-01
8.548073929547034266e-01
9.677310391920876942e-01
2.246652295450204603e-02
7.718773433504451387e-02
1.031136133798898902e-01
1.316449093648902890e-01
1.811360655245545237e-01
2.554776302072810368e-01
3.924114592811896451e-01
4.937001712778745777e-01
5.990770358824842878e-01
6.750361921647395347e-01
7.025695104873441732e-01
7.299545194803769288e-01
7.658730126092874180e-01
8.532142185916611332e-01
9.898173725778639520e-01
3.699285111895685846e-02
8.607026648216263565e-02
1.013739761106166037e-01
1.367955805155750548e-01
1.576887862425614684e-01
2.626957460372990605e-01
3.951510502039801143e-01
5.062523298885921452e-01
6.073204255695759946e-01
6.698285203642695418e-01
6.982689239263881742e-01
7.147465192341921902e-01
7.509234405576024063e-01
8.118213077784567355e-01
9.479699858845296312e-01
8.668827830819196903e-03
6.292191433277062595e-02
9.299102160463096345e-02
1.098445920830068839e-01
1.554947727209806951e-01
2.141324914477810704e-01
3.271405862732039704e-01
4.622876148260325890e-01
5.717318916528498773e-01
6.738413160104282928e-01
7.004026567409098458e-01
7.163701590614719450e-01
7.439349479543772015e-01
7.891523019205280987e-01
9.135150300067222950e-01
2.121714192719854203e-02
5.509171637866400184e-02
8.932765412610069178e-02
1.083012346453909452e-01
1.317575802146537522e-01
1.846583769265568442e-01
2.615396280611541058e-01
3.951510502039805028e-01
5.140831710660299647e-01
6.059722019419954142e-01
6.748223940215747341e-01
7.017815001633109784e-01
7.216771654796243496e-01
7.378542752641850111e-01
7.990976286419304575e-01
9.266710731478157159e-01
9.989896519930062668e-01
5.638095125028858012e-02
8.224912683753693443e-02
1.018964332558468383e-01
1.399425533697005453e-01
1.967303001480698588e-01
2.848697803106184367e-01
4.052017688440952004e-01
5.109847498198000215e-01
6.314294944881655436e-01
6.689492414999398395e-01
7.081263974884093315e-01
7.205609118442375394e-01
7.532960511125532665e-01
8.070065752983397456e-01
9.553032872938431730e-01
1.311596690584897716e-02
6.076890436427138942e-02
8.191572825344724251e-02
1.083231428886555076e-01
1.415014714168336130e-01
1.811695205325648539e-01
2.602901224802174895e-01
4.037160939020399963e-01
5.194133507041081010e-01
6.242695865782059705e-01
6.718288862143153573e-01
7.079942471568760887e-01
7.166427716192618202e-01
7.498372979543520556e-01
8.167257807089205457e-01
9.108778646648871824e-01
9.980608595107205439e-01
5.432021655286334294e-02
7.076868624280571729e-02
9.679960308604629304e-02
1.315028446346313273e-01
1.617513455767201069e-01
2.499506755110765255e-01
3.814503718226695539e-01
4.732476715413926893e-01
5.724189441660835209e-01
6.678404673789026802e-01
6.985741622623933278e-01
7.163457471804752785e-01
7.402673012929980034e-01
7.848227107237514266e-01
9.030341982680072377e-01
1.104009187094616602e-02
4.731337463646459462e-02
6.872649264646267520e-02
9.940222943419296797e-02
1.232896319257358597e-01
1.673411784552801818e-01
1.973134198206400181e-01
2.974077127463967685e-01
4.270395234004815688e-01
5.265108221312518877e-01
