0.000000000000000000e+00
7.911441800132081870e-01
7.911285969272346952e-01
7.911390927303935117e-01
7.911331543962505375e-01
6.588823134321840636e-01
4.406431985021596054e-01
2.871528707580880413e-01
2.871321104013934700e-01
2.871285863113764436e-01
2.871226422479523643e-01
2.871254217588904423e-01
2.871232466580212472e-01
2.187343322332435946e-01
8.896607842761089513e-01
7.911607486956924173e-01
7.911466884794247090e-01
7.911483432303603180e-01
7.911522273341118350e-01
5.950671993499030421e-01
4.406242690577163446e-01
2.871408274256866955e-01
2.871264311694895488e-01
2.871257300553906044e-01
2.871243928690228042e-01
2.871341343101502797e-01
2.871061879297021613e-01
1.477381992362684082e-01
8.896591829612636726e-01
7.911628558596990324e-01
7.911393304234202173e-01
7.911342652452194590e-01
7.911203974312430720e-01
5.950611557683019859e-01
4.337407573398934235e-01
2.871348920936298010e-01
2.871298303886999914e-01
2.871275921227722794e-01
2.871169270741007473e-01
2.871206184540557871e-01
2.871216579976074712e-01
2.453245650048738735e-01
8.896604824593754568e-01
7.911557527037368365e-01
7.911597709110925747e-01
7.911392351262754863e-01
7.911355042787202585e-01
5.950915918428139051e-01
4.406348337352704592e-01
2.871428997936854577e-01
2.871251189758919908e-01
2.871142316411277040e-01
2.871231881052992430e-01
2.871222806021445639e-01
2.871095113499796403e-01
2.277024418315831134e-01
8.896697674931032251e-01
7.911483067692746118e-01
7.911624707796537370e-01
7.911452012350350671e-01
7.911331833190843321e-01
7.911084391172211738e-01
4.478412390923746100e-01
3.356508220234124540e-01
2.871373565014099793e-01
2.871283008990161978e-01
2.871235990772955660e-01
2.871262169059168312e-01
2.871237144289918719e-01
2.871182360145307921e-01
1.476918769325665792e-01
8.896481738542822981e-01
7.911591554884124244e-01
7.911418875365843206e-01
7.911525232348540770e-01
7.911545169463028992e-01
5.950770503479443363e-01
4.406158617380454556e-01
2.966146964686895982e-01
2.871426165437857558e-01
2.871236981341985239e-01
2.871283158019185544e-01
2.871328333289242529e-01
2.871065675066438172e-01
2.871143192491534823e-01
1.302982920457199656e-01
7.960586642484427378e-01
7.911535177232188465e-01
7.911475479206225847e-01
7.911378490015483766e-01
7.911494859766898813e-01
5.950968964995075883e-01
4.406342824489483112e-01
3.091979350162331608e-01
2.871296905231328078e-01
2.871362995600121315e-01
2.871242730033951585e-01
2.871315258673927673e-01
2.871154868183352082e-01
2.871200277308537108e-01
1.477653415727512298e-01
8.896632197614520177e-01
7.911554886027554190e-01
7.911412318361870089e-01
7.911499266177645096e-01
7.911384011903339619e-01
5.951752654720566804e-01
4.341573411198547117e-01
3.037522717214898860e-01
2.871310654637032611e-01
2.871412991035179330e-01
2.871264944007650421e-01
2.871188814999584560e-01
2.871244558776970823e-01
2.871081667164313567e-01
1.477337762027640944e-01
8.488810388910379423e-01
7.911449671543884232e-01
7.911447595594602866e-01
7.911430368621664710e-01
7.911349606349715735e-01
7.609400662880732025e-01
4.479541143082644838e-01
4.335496681904311700e-01
2.871287237986644425e-01
2.871229677789330359e-01
2.871333366536888976e-01
2.871201630171710817e-01
2.871208994790781510e-01
2.871244760507201121e-01
2.871110828284688110e-01
1.071707481362891845e-01
8.147246584904108690e-01
7.911545084976188136e-01
7.911522666479452459e-01
7.911425099281292894e-01
7.911385896241449611e-01
5.950819616002883672e-01
4.336458303927237523e-01
2.871396374972383647e-01
2.871346120848437544e-01
2.871313600213936112e-01
2.871401636886022346e-01
2.871252330103156170e-01
2.871212390403831138e-01
2.871109903420073217e-01
2.018434266520371667e-01
8.896582275120930028e-01
7.911624984753967693e-01
7.911447521163890162e-01
7.911512829311121431e-01
7.911309690898261637e-01
7.685792642004157793e-01
4.558267240169828760e-01
4.333094025958745266e-01
2.871464487668579646e-01
2.871299245537034528e-01
2.871384352690395936e-01
2.871239698394151829e-01
2.871245119988542482e-01
2.871152758432427565e-01
2.871164986699983324e-01
2.301063323510743885e-01
8.896630381565906465e-01
7.911499956097778341e-01
7.911575968488240296e-01
7.911459426656126670e-01
7.911437487504547894e-01
7.911002445745838330e-01
5.949997011072243325e-01
4.341339475182232066e-01
2.871373387126496812e-01
2.871370978261002516e-01
2.871381931029196033e-01
2.871123368820168720e-01
