0.000000000000000000e+00
7.911839841751336921e-01
7.912241909253900918e-01
7.912113447661642818e-01
7.912207288730466193e-01
6.471017694504703766e-01
4.406881474628082662e-01
2.871580073585072723e-01
2.871319428982015420e-01
2.871239887651795830e-01
2.871317722954057627e-01
2.871243627957582589e-01
2.871176282044236583e-01
2.201198388099888936e-01
8.868888396354739356e-01
7.912344924849766814e-01
7.912254849127007272e-01
7.912250373662795822e-01
7.912136515834515826e-01
5.939714115258988292e-01
4.406934431390944207e-01
2.871475441691487829e-01
2.871393264975054538e-01
2.871442094565126446e-01
2.871282753318511460e-01
2.871194265393035572e-01
2.871145850186982429e-01
1.499379229659049684e-01
8.868643495411667743e-01
7.912073088546074384e-01
7.912371233141946014e-01
7.912201938791338929e-01
7.912152008905808387e-01
5.939386992736745974e-01
4.406239014420104128e-01
2.871447475220535450e-01
2.871290600914981894e-01
2.871294178618068460e-01
2.871174088117772749e-01
2.871362598583884762e-01
2.871202437815735253e-01
2.463097590901144052e-01
8.868816045594865027e-01
7.912158389406077630e-01
7.912481766261773020e-01
7.912188832066346933e-01
7.912155794778594764e-01
5.939683560280585306e-01
4.406907218868680864e-01
2.871431480531412284e-01
2.871586625610245136e-01
2.871346376872680461e-01
2.871344175251605013e-01
2.871315737246360467e-01
2.871307961695180877e-01
2.296349503155934724e-01
8.868790351573531128e-01
7.912312153057895481e-01
7.912221096566979250e-01
7.912292850543406475e-01
7.912167017446178896e-01
7.912160005037235377e-01
4.406976174099554999e-01
3.322653165565276345e-01
2.871397290080751064e-01
2.871267969373730300e-01
2.871299377185263513e-01
2.871355496621528780e-01
2.871349617766232321e-01
2.871195287525396544e-01
1.499340631929373391e-01
8.868775187818868089e-01
7.912223644658230581e-01
7.912247864325610003e-01
7.912290609595913349e-01
7.912228898842900149e-01
5.939366812354598402e-01
4.406980578145697214e-01
2.958474134351757878e-01
2.871299148996898087e-01
2.871331524712145145e-01
2.871243385667607284e-01
2.871243017800650388e-01
2.871255836671926520e-01
2.871349714641258100e-01
1.401109142545613195e-01
7.938787676365619550e-01
7.912290758593362172e-01
7.912356455351390316e-01
7.912341094908962313e-01
7.912073164386322910e-01
5.939746873944130590e-01
4.406943437900873173e-01
3.085693538529629132e-01
2.871406411029219230e-01
2.871419092879174961e-01
2.871412123764669477e-01
2.871191935047299193e-01
2.871268864853453451e-01
2.871187165946504916e-01
1.499495377942679786e-01
8.868707123414604210e-01
7.912403384657871186e-01
7.912108700974420650e-01
7.912236622489060567e-01
7.912159643779999030e-01
5.939913382955319676e-01
4.406626324669045136e-01
3.030230153502952439e-01
2.871360935696599670e-01
2.871263628029683823e-01
2.871349252166343624e-01
2.871169119987226903e-01
2.871360841017956966e-01
2.871290646203872310e-01
1.499407162001731020e-01
8.412012027444900619e-01
7.912231612543556558e-01
7.912384636378890779e-01
7.912138125950233247e-01
7.912001296683762730e-01
7.642703616862568383e-01
4.417103352800579863e-01
4.405471952257757895e-01
2.871329410637793456e-01
2.871399911660335591e-01
2.871387691981101553e-01
2.871380928529057575e-01
2.871240108627444165e-01
2.871269831546347517e-01
2.871221317010793639e-01
1.111321248944489165e-01
8.128696748243178227e-01
7.912222536699569098e-01
7.912314035887585417e-01
7.912283425054962294e-01
7.912101757426334148e-01
5.939168991629915073e-01
4.406328448220399041e-01
2.871486186565676002e-01
2.871256613453860296e-01
2.871428628572053054e-01
2.871298497258444327e-01
2.871304010879957014e-01
2.871312800690056788e-01
2.871338422443872607e-01
2.042381732346942314e-01
8.868683926939652240e-01
7.912361772873781618e-01
7.912200353560276955e-01
7.912222694108663745e-01
7.912248074913834639e-01
7.712018602235872766e-01
4.516731652973310362e-01
4.404978414444147283e-01
2.871417737327953690e-01
2.871232963065891708e-01
2.871338807919627256e-01
2.871318604144016406e-01
2.871199191352458158e-01
2.871308682785160826e-01
2.871262179093468925e-01
2.323369275358625752e-01
8.868850669796020103e-01
7.912478548714698690e-01
7.912345136184361083e-01
7.912222266923653047e-01
7.912212166093804955e-01
7.912284670684952559e-01
5.939097295931664577e-01
4.406829796295295143e-01
2.871418967719987503e-01
2.871351389539233412e-01
2.871350953639467130e-01
2.871300182111825583e-01
