0.000000000000000000e+00
9.172233905125867781e-02
1.025872930598372007e-01
2.005836459764867852e-01
5.532643606482883225e-01
6.559253112978626898e-01
7.110319792184225385e-01
7.110420617382671171e-01
7.110307212237161334e-01
7.110469900816271949e-01
7.268041154637601142e-01
6.321530383194357006e-02
9.171042029300705001e-02
9.171490558723237319e-02
9.171823338483807431e-02
9.174021677493794658e-02
9.172878237287949987e-02
1.917967496541556072e-01
4.775968392474951862e-01
5.651669130320767787e-01
7.110207144214284458e-01
7.110306801196485393e-01
7.110380294270465251e-01
7.110529768873922185e-01
7.110413439878191522e-01
1.062648680007514425e-02
9.158516886111796318e-02
9.171951541801577623e-02
9.172321127268127927e-02
9.172260923003021371e-02
9.174246535220777210e-02
1.153675420536583035e-01
2.356850284310391397e-01
5.651231689338334085e-01
6.959201577869258415e-01
7.110358263466465267e-01
7.110441457741533133e-01
7.110416891326405420e-01
7.110422359655678148e-01
7.110486406229675760e-01
7.546720963314933195e-02
9.171210517688385688e-02
9.173095236652223372e-02
9.171625939803425276e-02
9.175509984432338173e-02
9.173724875005688506e-02
1.645681190680317318e-01
4.635474367421202335e-01
5.651500103939007813e-01
7.061776388863902909e-01
7.110383499462775703e-01
7.110407504060132222e-01
7.110386818197419467e-01
7.110462159222894485e-01
7.548078832039646358e-01
6.773073813928080777e-02
9.171469606444815348e-02
9.172334055839943823e-02
9.172442051191438683e-02
9.173917869873404740e-02
9.173668114067812240e-02
1.645787156994866773e-01
4.635719638444582569e-01
5.651564917906778396e-01
6.990781120193205744e-01
7.110332180419941528e-01
7.110407056246697000e-01
7.110397769608083340e-01
7.110501790157692792e-01
7.532147643636325496e-01
8.981705110263697722e-02
9.172323649542515889e-02
9.169801620653175722e-02
9.172655517994920960e-02
9.173802508609414652e-02
9.174032044582695888e-02
1.645939892642601654e-01
4.635698000063662172e-01
5.651500103939007813e-01
7.073216067805685459e-01
7.110325407782692730e-01
7.110343950715940498e-01
7.110394711474594676e-01
7.110417593320014218e-01
7.118223518102170244e-01
4.796951500223348847e-02
9.169615049091087156e-02
9.172174182220985128e-02
9.172517052750103761e-02
9.172935394574434353e-02
9.174084071856480893e-02
1.141334302996941108e-01
2.271414170982316016e-01
5.622873628655575828e-01
6.717327786600870709e-01
7.110380652131544910e-01
7.110346694287308367e-01
7.110427373214014413e-01
7.110461281274796930e-01
7.110458898403215766e-01
1.351474311715140063e-02
9.171456816049730620e-02
9.172432447222737817e-02
9.172684099881719955e-02
9.172898652160131616e-02
9.173314213151394225e-02
9.174921747763677138e-02
1.645855840912738011e-01
4.635698000063662172e-01
5.651563272300099694e-01
7.059733093883924226e-01
7.110242121475122135e-01
7.110285380482290751e-01
7.110223453174662200e-01
7.110429409374401377e-01
7.110431172990043791e-01
2.667065481124784518e-02
9.170686476047522351e-02
9.172290291461483724e-02
9.172618035637740419e-02
9.172880150203008287e-02
9.173164042519189876e-02
9.673082464138392511e-02
1.848708656512847992e-01
4.635750427577415289e-01
5.651415683224298991e-01
7.110328866813253601e-01
7.110309996108483688e-01
7.110494526122350667e-01
7.110438196075354877e-01
7.110400102817699963e-01
7.110531421387786821e-01
5.530294095716972724e-02
9.170768932599281109e-02
9.170650094643702233e-02
9.172104827771072888e-02
9.172196403788496211e-02
9.174063948279376213e-02
9.173664659469754623e-02
1.645869212269948922e-01
4.635874784547941441e-01
5.651437239568084525e-01
7.110177058348757795e-01
7.110480398903008536e-01
7.110400376523716703e-01
7.110425647986288178e-01
7.110423229867139927e-01
7.167267399267038819e-01
1.087757834859476823e-02
9.170649386419379989e-02
9.172085722708898936e-02
9.172243787999984077e-02
9.171682831995936480e-02
9.172709822488493703e-02
9.174127508197768566e-02
1.645841260485650659e-01
4.635360133369448854e-01
5.651049089575940210e-01
6.724201830660430090e-01
7.110437981953692255e-01
7.110373248661545631e-01
7.110351982741054400e-01
7.110402417148162790e-01
7.110528005900917936e-01
3.033871960553634513e-03
9.170654875099681913e-02
9.172041390315494036e-02
9.171830042825107610e-02
9.172779900000470332e-02
9.174926962146805198e-02
9.173659261678408783e-02
9.731411557671267032e-02
1.974086635645062038e-01
4.776139742372673691e-01
5.651565277589165603e-01
