1.478878908874028085e-02
0.000000000000000000e+00
1.475013570333852560e-02
0.000000000000000000e+00
1.256288898763544860e-02
0.000000000000000000e+00
1.436246723492059195e-02
1.478893711094910433e-02
0.000000000000000000e+00
0.000000000000000000e+00
0.000000000000000000e+00
0.000000000000000000e+00
1.519133931994910355e-02
1.479297892827861373e-02
1.474270293833228850e-02
0.000000000000000000e+00
1.478892488406006143e-02
1.476613448271655096e-02
1.478938179042680115e-02
1.476415701027851586e-02
1.478611743654095929e-02
1.478748423285600015e-02
1.479538566412124875e-02
0.000000000000000000e+00
0.000000000000000000e+00
1.478991897437312644e-02
0.000000000000000000e+00
1.478863189499996303e-02
1.476775081010577549e-02
1.478734728738632237e-02
1.478706873740112844e-02
1.276557763017386812e-02
1.479032022826112271e-02
0.000000000000000000e+00
1.479019054226608787e-02
1.479103099316611374e-02
0.000000000000000000e+00
1.479113986618582968e-02
1.477239171809055160e-02
0.000000000000000000e+00
0.000000000000000000e+00
1.478710366557811455e-02
1.480140716094307564e-02
0.000000000000000000e+00
0.000000000000000000e+00
1.448811690837231887e-02
0.000000000000000000e+00
1.474910129767080524e-02
0.000000000000000000e+00
0.000000000000000000e+00
1.479868558422489482e-02
1.479064165163887154e-02
0.000000000000000000e+00
0.000000000000000000e+00
0.000000000000000000e+00
1.477533773132617446e-02
1.479010163483601009e-02
0.000000000000000000e+00
1.479285828683434001e-02
1.478857175524105234e-02
0.000000000000000000e+00
0.000000000000000000e+00
0.000000000000000000e+00
1.478779382588021538e-02
1.477367854123658522e-02
1.479314264510273036e-02
0.000000000000000000e+00
0.000000000000000000e+00
1.478570108217007635e-02
0.000000000000000000e+00
0.000000000000000000e+00
1.478849888555447412e-02
0.000000000000000000e+00
1.480016913703161713e-02
0.000000000000000000e+00
0.000000000000000000e+00
1.478889538295448391e-02
1.444079451807006066e-02
0.000000000000000000e+00
1.478756382516420442e-02
0.000000000000000000e+00
1.476726558816388729e-02
1.477376409590857448e-02
1.478778555791213263e-02
1.478533830124826101e-02
0.000000000000000000e+00
0.000000000000000000e+00
1.478795770054584270e-02
1.478628757055048572e-02
1.477266409968227938e-02
0.000000000000000000e+00
0.000000000000000000e+00
0.000000000000000000e+00
1.478822287571014346e-02
1.519098527101961360e-02
0.000000000000000000e+00
1.479294221572835695e-02
1.479031049402418189e-02
9.635022036123437328e-01
1.478688019350912763e-02
1.478758840291384373e-02
0.000000000000000000e+00
0.000000000000000000e+00
0.000000000000000000e+00
0.000000000000000000e+00
0.000000000000000000e+00
1.479010668110683491e-02
0.000000000000000000e+00
0.000000000000000000e+00
0.000000000000000000e+00
7.713999106269198158e-02
0.000000000000000000e+00
0.000000000000000000e+00
0.000000000000000000e+00
1.478880015566621381e-02
0.000000000000000000e+00
0.000000000000000000e+00
0.000000000000000000e+00
1.478907327220068020e-02
0.000000000000000000e+00
1.479271167330573414e-02
1.478748850876768738e-02
0.000000000000000000e+00
0.000000000000000000e+00
1.478327381868302197e-02
0.000000000000000000e+00
0.000000000000000000e+00
0.000000000000000000e+00
0.000000000000000000e+00
1.479379252601939476e-02
1.474033128419921512e-02
0.000000000000000000e+00
1.478644032998433985e-02
1.478378536884166275e-02
1.478847178969681236e-02
1.478719465980964792e-02
1.478993744659328098e-02
0.000000000000000000e+00
0.000000000000000000e+00
0.000000000000000000e+00
0.000000000000000000e+00
1.475786443858951094e-02
0.000000000000000000e+00
1.478946028400036916e-02
9.806909683900122410e-01
1.479090021398087908e-02
0.000000000000000000e+00
1.467635157754770998e-02
1.478897702109573456e-02
0.000000000000000000e+00
1.481786517878011002e-02
1.478779927070017139e-02
0.000000000000000000e+00
0.000000000000000000e+00
0.000000000000000000e+00
0.000000000000000000e+00
0.000000000000000000e+00
1.478730715372401569e-02
2.233276978107881765e-03
0.000000000000000000e+00
1.478858977650541161e-02
0.000000000000000000e+00
1.478820964695833941e-02
1.479179012412992246e-02
0.000000000000000000e+00
1.478864354666166621e-02
1.490631517929640396e-02
1.478274794212548586e-02
1.478906119927761789e-02
0.000000000000000000e+00
0.000000000000000000e+00
1.480556790043547830e-02
0.000000000000000000e+00
0.000000000000000000e+00
1.478952283794430361e-02
1.478728155361236710e-02
1.478665229642967330e-02
0.000000000000000000e+00
0.000000000000000000e+00
1.478741780886623156e-02
1.479041519483117843e-02
0.000000000000000000e+00
0.000000000000000000e+00
1.478766264652441216e-02
0.000000000000000000e+00
0.000000000000000000e+00
0.000000000000000000e+00
0.000000000000000000e+00
1.324071946908266309e-02
0.000000000000000000e+00
1.478921642540866402e-02
0.000000000000000000e+00
0.000000000000000000e+00
1.478669223848994713e-02
1.477177021293698059e-02
1.478841978962757570e-02
1.479012268594604752e-02
0.000000000000000000e+00
1.478776374282719970e-02
1.478583160182237941e-02
1.479013735257829996e-02
1.478709964031670390e-02
1.477422842897500692e-02
1.478508443406657130e-02
0.000000000000000000e+00
1.480008475137676964e-02
0.000000000000000000e+00
1.478891090581878863e-02
1.478963061289041182e-02
0.000000000000000000e+00
0.000000000000000000e+00
1.478675276784996613e-02
0.000000000000000000e+00
0.000000000000000000e+00
0.000000000000000000e+00
0.000000000000000000e+00
0.000000000000000000e+00
1.477715987260057491e-02
0.000000000000000000e+00
0.000000000000000000e+00
1.478624134664836658e-02
0.000000000000000000e+00
0.000000000000000000e+00
0.000000000000000000e+00
0.000000000000000000e+00
9.848318975130146979e-01
1.519468283308634572e-02
1.475677451148765633e-02
1.478734995322122762e-02
0.000000000000000000e+00
7.993851284076201047e-01
1.472731776918925414e-02
0.000000000000000000e+00
1.480011008011359458e-02
0.000000000000000000e+00
0.000000000000000000e+00
1.478732546965102340e-02
1.456274963726219770e-02
0.000000000000000000e+00
1.478842333013007972e-02
0.000000000000000000e+00
0.000000000000000000e+00
1.478812923674986332e-02
0.000000000000000000e+00
1.478832396421512867e-02
0.000000000000000000e+00
1.477196169015782164e-02
0.000000000000000000e+00
0.000000000000000000e+00
0.000000000000000000e+00
1.315549683737516490e-02
1.478379905106903293e-02
0.000000000000000000e+00
1.477507866324189942e-02
0.000000000000000000e+00
0.000000000000000000e+00
0.000000000000000000e+00
1.478915736050086596e-02
1.478899780072002665e-02
0.000000000000000000e+00
1.479385061159685551e-02
0.000000000000000000e+00
1.480021399083871272e-02
0.000000000000000000e+00
0.000000000000000000e+00
0.000000000000000000e+00
1.478824248132077322e-02
1.479535287169932503e-02
0.000000000000000000e+00
1.478900674019480339e-02
1.476944957786264015e-02
1.476441376067234509e-02
0.000000000000000000e+00
0.000000000000000000e+00
1.478887063062580068e-02
1.478771486742551378e-02
0.000000000000000000e+00
2.711571044540861397e-02
0.000000000000000000e+00
1.478677562972671895e-02
0.000000000000000000e+00
0.000000000000000000e+00
0.000000000000000000e+00
1.478799301802223576e-02
0.000000000000000000e+00
2.011078990528667940e-02
0.000000000000000000e+00
0.000000000000000000e+00
0.000000000000000000e+00
0.000000000000000000e+00
0.000000000000000000e+00
0.000000000000000000e+00
0.000000000000000000e+00
1.478778768147146622e-02
1.478873663024995837e-02
1.475770292311826860e-02
1.479420251071480313e-02
1.478824259484524430e-02
1.477267868038119498e-02
0.000000000000000000e+00
0.000000000000000000e+00
1.478966975631537846e-02
0.000000000000000000e+00
1.478536419594324650e-02
0.000000000000000000e+00
0.000000000000000000e+00
1.479031526704064486e-02
0.000000000000000000e+00
0.000000000000000000e+00
0.000000000000000000e+00
1.478030723005225797e-02
1.477325218599089517e-02
1.478909537116757447e-02
0.000000000000000000e+00
1.478967793302453891e-02
0.000000000000000000e+00
0.000000000000000000e+00
1.478894955174694416e-02
0.000000000000000000e+00
0.000000000000000000e+00
1.477399635421179636e-02
0.000000000000000000e+00
0.000000000000000000e+00
1.479076031394913060e-02
1.474716346431455966e-02
0.000000000000000000e+00
1.478723427533430550e-02
0.000000000000000000e+00
1.479332879520033582e-02
1.477580329609805114e-02
0.000000000000000000e+00
1.479068076316145640e-02
1.563374771746415051e-02
1.478995803840483028e-02
0.000000000000000000e+00
0.000000000000000000e+00
1.479035514125809532e-02
0.000000000000000000e+00
0.000000000000000000e+00
1.477347037656280906e-02
1.478746905517484139e-02
1.478525244616447215e-02
0.000000000000000000e+00
0.000000000000000000e+00
1.478757321360832030e-02
0.000000000000000000e+00
0.000000000000000000e+00
0.000000000000000000e+00
1.474568499500079552e-02
1.478679968664095914e-02
0.000000000000000000e+00
0.000000000000000000e+00
0.000000000000000000e+00
1.478631844800816324e-02
1.479327724658995383e-02
1.479136493450285486e-02
1.537923117373040348e-02
1.478509147742345861e-02
0.000000000000000000e+00
1.478634759927738122e-02
1.477573508772597570e-02
0.000000000000000000e+00
1.477317055067560794e-02
1.479020502554384033e-02
0.000000000000000000e+00
1.478919757493850871e-02
1.478686375246800709e-02
0.000000000000000000e+00
0.000000000000000000e+00
0.000000000000000000e+00
1.479030091929176352e-02
0.000000000000000000e+00
1.477071379863062126e-02
0.000000000000000000e+00
1.486085624245412490e-02
1.479122555999535377e-02
0.000000000000000000e+00
1.480008475137676964e-02
0.000000000000000000e+00
0.000000000000000000e+00
1.476980627916465831e-02
0.000000000000000000e+00
1.478531295096735185e-02
1.450309124876527148e-02
1.481761013598739685e-02
1.477491205616249942e-02
1.479056986538454174e-02
0.000000000000000000e+00
0.000000000000000000e+00
0.000000000000000000e+00
1.478695756557107076e-02
0.000000000000000000e+00
1.479182397270397374e-02
1.478003562105007287e-02
1.477243083494721686e-02
9.907521305473011575e-01
0.000000000000000000e+00
1.478969057907981825e-02
0.000000000000000000e+00
0.000000000000000000e+00
1.474854611888977256e-02
1.478855738848411719e-02
0.000000000000000000e+00
0.000000000000000000e+00
0.000000000000000000e+00
0.000000000000000000e+00
0.000000000000000000e+00
1.473278318665674318e-02
0.000000000000000000e+00
2.618768614214372903e-02
0.000000000000000000e+00
0.000000000000000000e+00
1.478707723001426895e-02
1.478925976495058282e-02
0.000000000000000000e+00
0.000000000000000000e+00
1.478736406182441093e-02
0.000000000000000000e+00
0.000000000000000000e+00
0.000000000000000000e+00
1.478851711486835196e-02
0.000000000000000000e+00
1.478683297283127883e-02
1.478914441562510264e-02
1.479038737800228258e-02
0.000000000000000000e+00
0.000000000000000000e+00
1.478957977055061525e-02
1.445797134561258024e-02
1.478682389955880520e-02
0.000000000000000000e+00
1.479309586279333420e-02
1.478790664296105069e-02
0.000000000000000000e+00
1.478733929783031080e-02
0.000000000000000000e+00
0.000000000000000000e+00
1.479042818162302868e-02
