0.000000000000000000e+00
9.984424287421451716e-01
0.000000000000000000e+00
9.984260700962452884e-01
0.000000000000000000e+00
9.984330491171058419e-01
0.000000000000000000e+00
0.000000000000000000e+00
9.984343912193398562e-01
9.984445453720693919e-01
9.984332579787912332e-01
9.984302194834546729e-01
0.000000000000000000e+00
0.000000000000000000e+00
0.000000000000000000e+00
9.984361917672692766e-01
0.000000000000000000e+00
0.000000000000000000e+00
0.000000000000000000e+00
0.000000000000000000e+00
0.000000000000000000e+00
0.000000000000000000e+00
0.000000000000000000e+00
9.984342899678159133e-01
0.000000000000000000e+00
0.000000000000000000e+00
9.984298950965843078e-01
0.000000000000000000e+00
0.000000000000000000e+00
0.000000000000000000e+00
0.000000000000000000e+00
0.000000000000000000e+00
0.000000000000000000e+00
9.984335893732586564e-01
0.000000000000000000e+00
0.000000000000000000e+00
9.984370842221995668e-01
0.000000000000000000e+00
0.000000000000000000e+00
9.984381084508323623e-01
9.984406071144722450e-01
0.000000000000000000e+00
0.000000000000000000e+00
9.984362679823239883e-01
9.984379828504286181e-01
0.000000000000000000e+00
0.000000000000000000e+00
0.000000000000000000e+00
9.984425475058397170e-01
9.984377563892555818e-01
0.000000000000000000e+00
0.000000000000000000e+00
9.984443189565517240e-01
9.984318111427941123e-01
9.984298647667203541e-01
0.000000000000000000e+00
0.000000000000000000e+00
9.984417921451292921e-01
0.000000000000000000e+00
0.000000000000000000e+00
0.000000000000000000e+00
9.984415389047445188e-01
9.984405478330801165e-01
0.000000000000000000e+00
0.000000000000000000e+00
0.000000000000000000e+00
0.000000000000000000e+00
9.984428301986146836e-01
0.000000000000000000e+00
9.984375793056050608e-01
9.984376890954438366e-01
0.000000000000000000e+00
9.984433883262168186e-01
0.000000000000000000e+00
9.984321680001061461e-01
9.984300204404863432e-01
0.000000000000000000e+00
0.000000000000000000e+00
9.984386171386094855e-01
0.000000000000000000e+00
9.984380101457971390e-01
0.000000000000000000e+00
0.000000000000000000e+00
0.000000000000000000e+00
0.000000000000000000e+00
9.984319109741760512e-01
9.984276514691003968e-01
0.000000000000000000e+00
0.000000000000000000e+00
0.000000000000000000e+00
9.984192096017844298e-01
9.984420498982601311e-01
0.000000000000000000e+00
0.000000000000000000e+00
0.000000000000000000e+00
9.984300655999807095e-01
0.000000000000000000e+00
0.000000000000000000e+00
0.000000000000000000e+00
0.000000000000000000e+00
0.000000000000000000e+00
9.984386465728460891e-01
9.984390223524834962e-01
9.984341463133892258e-01
9.984274932960380822e-01
9.984450251110614794e-01
0.000000000000000000e+00
0.000000000000000000e+00
9.984226570484895369e-01
9.984299121044736269e-01
0.000000000000000000e+00
0.000000000000000000e+00
9.984376272550825604e-01
9.984368497076878679e-01
0.000000000000000000e+00
0.000000000000000000e+00
9.984390781977060536e-01
9.984399475129515089e-01
0.000000000000000000e+00
9.984462272636411839e-01
0.000000000000000000e+00
0.000000000000000000e+00
9.984434007309597181e-01
9.984315253357530784e-01
0.000000000000000000e+00
9.984438963080374263e-01
0.000000000000000000e+00
9.984362839667324518e-01
9.984357949834625767e-01
0.000000000000000000e+00
0.000000000000000000e+00
9.984308810684637825e-01
0.000000000000000000e+00
0.000000000000000000e+00
0.000000000000000000e+00
0.000000000000000000e+00
0.000000000000000000e+00
9.984307484321426340e-01
9.984347455364679380e-01
9.984310689368613989e-01
9.984278027827209190e-01
0.000000000000000000e+00
9.984362679188623080e-01
0.000000000000000000e+00
0.000000000000000000e+00
0.000000000000000000e+00
9.984387368155853704e-01
0.000000000000000000e+00
0.000000000000000000e+00
9.984454618827365291e-01
0.000000000000000000e+00
0.000000000000000000e+00
0.000000000000000000e+00
9.984373238865190681e-01
9.984326331002651989e-01
9.984298916658799206e-01
9.984285249827715703e-01
0.000000000000000000e+00
0.000000000000000000e+00
9.984298559936990447e-01
0.000000000000000000e+00
9.984345595155403874e-01
0.000000000000000000e+00
0.000000000000000000e+00
9.984364988931715423e-01
0.000000000000000000e+00
0.000000000000000000e+00
0.000000000000000000e+00
0.000000000000000000e+00
9.984248428895063920e-01
9.984329529722766328e-01
0.000000000000000000e+00
0.000000000000000000e+00
9.984266258760086110e-01
0.000000000000000000e+00
0.000000000000000000e+00
0.000000000000000000e+00
9.984377753006107303e-01
9.984257506248424008e-01
0.000000000000000000e+00
0.000000000000000000e+00
9.984428458214859026e-01
9.984369645049000486e-01
0.000000000000000000e+00
9.984355094729115976e-01
9.984426755281694543e-01
9.984393303316941859e-01
0.000000000000000000e+00
0.000000000000000000e+00
9.984323013376251721e-01
0.000000000000000000e+00
9.984329917828211887e-01
9.984299840952590710e-01
0.000000000000000000e+00
0.000000000000000000e+00
0.000000000000000000e+00
0.000000000000000000e+00
9.984338903269216470e-01
0.000000000000000000e+00
0.000000000000000000e+00
0.000000000000000000e+00
0.000000000000000000e+00
0.000000000000000000e+00
0.000000000000000000e+00
9.984317915982121594e-01
0.000000000000000000e+00
9.984435413340823073e-01
0.000000000000000000e+00
0.000000000000000000e+00
9.984417004896803949e-01
9.984435426428548421e-01
0.000000000000000000e+00
9.984398156646646649e-01
9.984310130732600985e-01
9.984389340211252684e-01
9.984354090558604788e-01
9.984257692944604745e-01
0.000000000000000000e+00
9.984293237268042631e-01
9.984422729955800824e-01
0.000000000000000000e+00
9.984420400673591489e-01
9.984301467543512665e-01
9.984279339111702400e-01
9.984453616196775627e-01
0.000000000000000000e+00
0.000000000000000000e+00
0.000000000000000000e+00
0.000000000000000000e+00
0.000000000000000000e+00
0.000000000000000000e+00
0.000000000000000000e+00
9.984398468402767568e-01
0.000000000000000000e+00
0.000000000000000000e+00
9.984364889799390852e-01
0.000000000000000000e+00
0.000000000000000000e+00
9.984353976571681555e-01
0.000000000000000000e+00
9.984359461924718904e-01
9.967129702951358361e-01
0.000000000000000000e+00
9.984423654096318268e-01
0.000000000000000000e+00
9.984277245747085194e-01
0.000000000000000000e+00
0.000000000000000000e+00
9.984332142269506383e-01
0.000000000000000000e+00
0.000000000000000000e+00
0.000000000000000000e+00
9.984401866676932968e-01
0.000000000000000000e+00
9.984355247063377847e-01
9.984372416513852544e-01
9.984345533131776529e-01
0.000000000000000000e+00
0.000000000000000000e+00
9.984334559283873922e-01
0.000000000000000000e+00
9.984436012558375317e-01
0.000000000000000000e+00
9.984271890405812533e-01
9.984444061171631191e-01
9.984384324152870693e-01
0.000000000000000000e+00
0.000000000000000000e+00
9.984449593764518349e-01
0.000000000000000000e+00
0.000000000000000000e+00
0.000000000000000000e+00
9.984422110653975446e-01
9.984359785966944179e-01
0.000000000000000000e+00
0.000000000000000000e+00
9.984304564102224333e-01
0.000000000000000000e+00
9.984395961221068649e-01
0.000000000000000000e+00
9.984404959741505214e-01
9.984424350513414481e-01
9.984379491600721135e-01
0.000000000000000000e+00
9.984411362214473673e-01
0.000000000000000000e+00
9.984315341101950292e-01
9.984340173242918226e-01
9.984428413558916748e-01
9.984347224135496912e-01
9.984331961939667544e-01
9.984285599635535080e-01
9.984315392654359300e-01
0.000000000000000000e+00
0.000000000000000000e+00
0.000000000000000000e+00
0.000000000000000000e+00
0.000000000000000000e+00
0.000000000000000000e+00
0.000000000000000000e+00
9.984410583799748773e-01
0.000000000000000000e+00
9.984389898901204763e-01
0.000000000000000000e+00
9.984432858539036282e-01
9.984362864774248836e-01
0.000000000000000000e+00
9.984417390109820989e-01
9.984439573813789215e-01
9.984397248114142975e-01
0.000000000000000000e+00
0.000000000000000000e+00
0.000000000000000000e+00
9.984410182154696001e-01
0.000000000000000000e+00
9.984365890909728813e-01
9.984348487773183622e-01
0.000000000000000000e+00
9.984388866865476775e-01
9.984408049332348378e-01
0.000000000000000000e+00
9.984316031386449852e-01
9.984471469074012173e-01
0.000000000000000000e+00
0.000000000000000000e+00
9.984310881713297503e-01
0.000000000000000000e+00
9.984454424376306703e-01
0.000000000000000000e+00
0.000000000000000000e+00
9.984311285664836388e-01
0.000000000000000000e+00
0.000000000000000000e+00
0.000000000000000000e+00
9.984393816282378653e-01
9.984280008402625084e-01
0.000000000000000000e+00
9.984303803626716212e-01
9.984297393200407544e-01
0.000000000000000000e+00
0.000000000000000000e+00
0.000000000000000000e+00
9.984350148540882541e-01
0.000000000000000000e+00
0.000000000000000000e+00
9.984136866479940142e-01
9.984450683494172640e-01
9.984306560161739785e-01
0.000000000000000000e+00
0.000000000000000000e+00
9.984329348938477677e-01
9.984419978060363743e-01
9.984478008488396616e-01
0.000000000000000000e+00
0.000000000000000000e+00
0.000000000000000000e+00
0.000000000000000000e+00
0.000000000000000000e+00
9.984369059550244341e-01
0.000000000000000000e+00
0.000000000000000000e+00
9.984360302562643730e-01
0.000000000000000000e+00
0.000000000000000000e+00
9.984346605253926477e-01
0.000000000000000000e+00
0.000000000000000000e+00
0.000000000000000000e+00
7.509552314463551204e-01
9.984446013130632291e-01
0.000000000000000000e+00
9.984341199723816285e-01
0.000000000000000000e+00
9.984335895400713312e-01
0.000000000000000000e+00
0.000000000000000000e+00
9.984314139894688855e-01
0.000000000000000000e+00
9.984339432496103228e-01
9.984316435849214244e-01
0.000000000000000000e+00
9.984334602471228726e-01
0.000000000000000000e+00
0.000000000000000000e+00
0.000000000000000000e+00
0.000000000000000000e+00
0.000000000000000000e+00
9.984366919596791012e-01
9.984342991650750898e-01
9.984322947442086926e-01
0.000000000000000000e+00
9.984314983263055110e-01
0.000000000000000000e+00
0.000000000000000000e+00
0.000000000000000000e+00
0.000000000000000000e+00
9.984564508949291817e-01
0.000000000000000000e+00
9.984353866299292557e-01
9.984394282177369018e-01
0.000000000000000000e+00
0.000000000000000000e+00
0.000000000000000000e+00
9.984419175597918361e-01
0.000000000000000000e+00
9.984368489120791779e-01
0.000000000000000000e+00
0.000000000000000000e+00
9.984279690256483430e-01
0.000000000000000000e+00
0.000000000000000000e+00
9.984338309132763101e-01
0.000000000000000000e+00
0.000000000000000000e+00
9.984454494411015846e-01
9.984296365627185477e-01
0.000000000000000000e+00
9.984397208645413579e-01
0.000000000000000000e+00
9.984404199763750043e-01
0.000000000000000000e+00
9.984345908658481816e-01
0.000000000000000000e+00
0.000000000000000000e+00
0.000000000000000000e+00
9.984376836055989246e-01
9.984445105834057754e-01
0.000000000000000000e+00
0.000000000000000000e+00
0.000000000000000000e+00
9.984425247190541475e-01
0.000000000000000000e+00
0.000000000000000000e+00
9.984362802210802190e-01
0.000000000000000000e+00
9.984395170490306670e-01
9.984410916557696636e-01
0.000000000000000000e+00
