9.773974566807750453e-01
6.954080930555026768e-03
6.969652908951103412e-03
6.965471897876559550e-03
6.956086011548491543e-03
6.960096970355670633e-03
6.966699901247865208e-03
6.959916202262740430e-03
6.955697019176722978e-03
9.773807459483666582e-01
6.956489740305777346e-03
0.000000000000000000e+00
9.773895465615924927e-01
6.966310145875584912e-03
9.773918499531161208e-01
9.773854005235110831e-01
6.960824505931890137e-03
6.962860750687910674e-03
6.969941810576598361e-03
6.930483504622003341e-03
6.972413991912048380e-03
6.922858746996482515e-03
6.967245948455743146e-03
9.773939468933235952e-01
9.773960963838148608e-01
9.773951316581667159e-01
6.947933570141296908e-03
9.773949528502641204e-01
6.965399743902779377e-03
6.931588543217619136e-03
6.962638667418554611e-03
6.944297675879298158e-03
9.773917628335431207e-01
6.969472418079716673e-03
9.773979773157414064e-01
6.962269260066623715e-03
6.956902382591484586e-03
9.773767667123618441e-01
9.773915332677508561e-01
9.773851200823142626e-01
9.773837215509639798e-01
9.773935385119854047e-01
6.957480816288893512e-03
6.958922188618224536e-03
9.773895355012169883e-01
6.960170634645721291e-03
9.773843471043723863e-01
6.962392155523073993e-03
6.957486828617450401e-03
9.773897996439588898e-01
6.967770818602640401e-03
9.773802380503647802e-01
9.773792426743593831e-01
6.955958958253240579e-03
0.000000000000000000e+00
6.964268948651972102e-03
6.969071282444851655e-03
6.957957377883941009e-03
9.773844677998893005e-01
6.968720809801998324e-03
6.971358815616233821e-03
6.945949664745980356e-03
9.774055413610714949e-01
6.964330124653657535e-03
9.774003420319522517e-01
6.967185917447575247e-03
9.774297483634023509e-01
6.956213636510995973e-03
2.912816111077829589e-03
9.774053329866109197e-01
6.887061720395299715e-03
6.958000297524208171e-03
6.957426409893334614e-03
6.967874158050525561e-03
9.773875872846399249e-01
6.971234926986858566e-03
6.965778616673462889e-03
9.773819817884834560e-01
9.773948243534273939e-01
9.773828764692752413e-01
6.959868596205750699e-03
6.948298778869286228e-03
9.773878012175837293e-01
9.773962385908711026e-01
9.773976213245416655e-01
6.962157855185105958e-03
6.955037172121202559e-03
0.000000000000000000e+00
6.959281396329809570e-03
9.773905583306082834e-01
6.956714310163150498e-03
6.965129458784845642e-03
6.964815337836663227e-03
9.773840457165274831e-01
9.773955779073029149e-01
0.000000000000000000e+00
9.773874753393737569e-01
6.970241611701131004e-03
6.963580957524117751e-03
9.773732967886522571e-01
6.962736869780558092e-03
6.954501089519895922e-03
6.965820029731718994e-03
6.960904515124360231e-03
9.773848820431826345e-01
9.774364991315824813e-01
6.971253510701730209e-03
6.956105765238849471e-03
9.773994135927229765e-01
6.968675688974549851e-03
9.773932173546553415e-01
9.773927643712811975e-01
9.773839293415463869e-01
6.955513476684442760e-03
6.960584075578364442e-03
6.975127039933112609e-03
9.773790156163995047e-01
9.773843939840962669e-01
6.963631817254483346e-03
9.773914086416175540e-01
9.773784056490778527e-01
6.962482606448816384e-03
6.967858191528382081e-03
6.967475799400764218e-03
9.773917710643632573e-01
9.773883940280183591e-01
6.952145274629411946e-03
9.773976007864594306e-01
6.964616632443810726e-03
6.961686020590997573e-03
9.773813551808486766e-01
9.773888880430248172e-01
6.971022621100829084e-03
9.773812645720033609e-01
6.962515184621030986e-03
6.957041292871962539e-03
6.960974977400619622e-03
9.773819780516757039e-01
6.958825348548639683e-03
6.959932212951620151e-03
9.773881132933116556e-01
6.966293787202269654e-03
9.773940664581641791e-01
9.773785690237490886e-01
6.951481055488422690e-03
6.953487595234149679e-03
6.957984382811237094e-03
9.773833864642093028e-01
6.959001953420481702e-03
9.773800560346521671e-01
9.773823534145803515e-01
9.773916083512660391e-01
9.773952414029494218e-01
6.953829735142818061e-03
6.962615710933752963e-03
6.958652812185973056e-03
9.773861197559601255e-01
6.971595306432628973e-03
9.773817961295244716e-01
6.961979250256658362e-03
6.968360502368616156e-03
6.965563452131508584e-03
6.918475941383476699e-03
6.964147505078750050e-03
9.773854422267884701e-01
6.963098045174457955e-03
6.958472051214223235e-03
9.773864438411917765e-01
6.969077727091969703e-03
6.959552515207864144e-03
6.966527815859000286e-03
6.955467699091817321e-03
9.773787514722521719e-01
6.957071452343141678e-03
9.773920487531844170e-01
6.925105322419547633e-03
9.773923169697282809e-01
6.971507521302987807e-03
9.773853720616817453e-01
6.964169238691947372e-03
9.773939718624113926e-01
6.966610985671593641e-03
6.970163877693488774e-03
6.946861296973001233e-03
9.773968496249810789e-01
6.972974730664533057e-03
6.959234784186903687e-03
6.956805362784347635e-03
6.960779945122779790e-03
9.774094335862419936e-01
9.773836124762148581e-01
9.773923202945813404e-01
6.962458617550701910e-03
6.958232665805697860e-03
6.962331813415681588e-03
6.956473905897066039e-03
6.961136304911963446e-03
6.957680281957472068e-03
6.964178348257965556e-03
9.773952975461247528e-01
6.962184176444166303e-03
6.957398942281265222e-03
6.971886389285410386e-03
6.963225953605153146e-03
6.969601293246353163e-03
6.963612941254478106e-03
6.958450694789689028e-03
6.956568978803624737e-03
6.969620945408356791e-03
6.957946852315510279e-03
6.960132620701722610e-03
6.968991695384905809e-03
9.773757794193074222e-01
6.960674551435821512e-03
6.970421248999297825e-03
6.962912476627049381e-03
6.968615003698751427e-03
6.894625383289268092e-03
6.958163955642287374e-03
6.965035822515742645e-03
6.965043878370799461e-03
6.966042171657447352e-03
6.962969866039669074e-03
9.773863174776458163e-01
6.962796203082616958e-03
6.956213452651759978e-03
6.961166890250346934e-03
6.960239992130811543e-03
6.965054619815784671e-03
6.960769070678331574e-03
9.773944909417418003e-01
9.773859813436328592e-01
6.968640975216189824e-03
9.773874365064798564e-01
9.773909986783299031e-01
6.948804452705542589e-03
6.960410428509116419e-03
0.000000000000000000e+00
6.960355749310156992e-03
6.957774158607792601e-03
6.957146991492920741e-03
6.969372214178682322e-03
6.954346121286189564e-03
6.969026846960875259e-03
6.969902358632681753e-03
6.961400154744821524e-03
9.773798441484902177e-01
6.961532470477322342e-03
9.773932056746743591e-01
6.961313286631720318e-03
6.976441739414910269e-03
6.958863094841622431e-03
6.967551770910684894e-03
9.773934781967023033e-01
6.960525279588549753e-03
9.773794695393220877e-01
6.961501813960823369e-03
6.958067788194871421e-03
6.969523851280598134e-03
6.971703596968532000e-03
6.954069880768687373e-03
6.958434465423743269e-03
9.773955137872025745e-01
6.966170797413875210e-03
6.958166159165177569e-03
9.773871871049598647e-01
6.974298719248261079e-03
6.966167843515284203e-03
6.963971125697281800e-03
6.958237349278164480e-03
9.773563828602219727e-01
6.961753775813553369e-03
9.773985168459181638e-01
6.968119042023239972e-03
6.965440083179901161e-03
6.967443936043021986e-03
6.964734052745939763e-03
6.962064949153469809e-03
6.954723099207454212e-03
6.966911063728529509e-03
6.964906783361784169e-03
6.956405024681364298e-03
9.773966627767566306e-01
6.963660050062091614e-03
6.961016941373835212e-03
9.773887388364980167e-01
9.773987067239455762e-01
6.955891828901176500e-03
6.969319053660729367e-03
6.973703138997115400e-03
6.956094187368326055e-03
9.773867590910972902e-01
6.967131134919711359e-03
9.773904049457633469e-01
9.773862584261232556e-01
9.773797892273859977e-01
6.958707477602687173e-03
6.958137194818762340e-03
6.967839509360483456e-03
0.000000000000000000e+00
9.773913411544219443e-01
9.774080166293162009e-01
0.000000000000000000e+00
6.965661271507795141e-03
6.968718469789451746e-03
6.966671407711498044e-03
6.965383057425671327e-03
6.958207052482942578e-03
6.965355433679886604e-03
6.959084346220393430e-03
9.773782331563455328e-01
9.773877169815209376e-01
6.960865417780656532e-03
9.773966257178531292e-01
9.773920883839446461e-01
6.966342816119260213e-03
9.773850153242090721e-01
6.962304225693968611e-03
6.969426541123757701e-03
9.773861182622748389e-01
9.773866628693965719e-01
6.969427772221912544e-03
6.967343667056506359e-03
6.954816714590198595e-03
6.961964085146985122e-03
6.965460868192573964e-03
6.961365449072765693e-03
9.773988300613669633e-01
9.774035256168857044e-01
9.773911663605432398e-01
6.962572174618495216e-03
0.000000000000000000e+00
6.958072321629773203e-03
6.972910847822663336e-03
6.966182142097935431e-03
6.959365999033064951e-03
6.965515673892599957e-03
9.773955778871847855e-01
6.958549058228994180e-03
6.962960419550297958e-03
6.965880654966933802e-03
6.965605911672188844e-03
6.954200096943014171e-03
6.956016543113712619e-03
6.928896831003229263e-03
6.973420008299702211e-03
6.966955416780946930e-03
6.929632335884139752e-03
9.773964278695239649e-01
6.969356900853204868e-03
9.773893175673528111e-01
6.957295479541900605e-03
6.950478757372571294e-03
6.968043157174026551e-03
9.773767114150865298e-01
6.967728188724413123e-03
6.960441998338697672e-03
6.951110445465981738e-03
6.959244769694630794e-03
9.773864680772017532e-01
6.890323636670113612e-03
6.963040075422312694e-03
6.970510119204452806e-03
9.773866747763991780e-01
9.773903995879659190e-01
9.773856689938525966e-01
6.960938568742519074e-03
6.958820003116751758e-03
9.773921449333767830e-01
6.959547950256274665e-03
6.957930282766872608e-03
6.966726841846627473e-03
9.773868729111632181e-01
6.968756053557027298e-03
9.773959508518847983e-01
6.966522841683107925e-03
6.956200298103598287e-03
6.968435427808451245e-03
6.965011283814725312e-03
9.773958627878674976e-01
6.969697258510899711e-03
9.773911638750523156e-01
9.773900655019124306e-01
9.773826404131793488e-01
6.966534257460863314e-03
7.413765675361823071e-01
0.000000000000000000e+00
9.773957480348042237e-01
9.773901920316597769e-01
6.956964996291444686e-03
6.970413268808953351e-03
6.988670016420769904e-03
9.773944844711529578e-01
9.773894902948518926e-01
9.773909106585164652e-01
9.773834491473986086e-01
6.964414132414868501e-03
6.970092226499332959e-03
6.966314908927985321e-03
6.918076097644209992e-03
6.976098787487521394e-03
9.773784834501416663e-01
9.773940821315770799e-01
9.773827620168099584e-01
9.773876333845390452e-01
9.921721835410308721e-01
9.773808892238982082e-01
9.773883958833808894e-01
6.955791944338970099e-03
9.773844687453671076e-01
7.413810010994563715e-01
6.967885966363901278e-03
6.970620047813312625e-03
6.957910340666936810e-03
9.773894635810889131e-01
9.773789558805903166e-01
6.969678528786043582e-03
9.773849278444478594e-01
6.959395000033288640e-03
9.773815254841031752e-01
6.965552371257711060e-03
6.966817228593545283e-03
0.000000000000000000e+00
9.773890974363512729e-01
6.885355382543490062e-03
9.773889876902439600e-01
6.962241806276480566e-03
6.965655155157097524e-03
6.964870751665215923e-03
6.959905120588428737e-03
9.773877391222483002e-01
6.967033856045864483e-03
6.966396523673216469e-03
6.958141774372338106e-03
6.958041879571440734e-03
