1.129346838133972811e-02
1.654016207661749421e-02
1.654057490041144218e-02
1.653714319334969110e-02
1.654783615141981051e-02
1.654066974828905662e-02
1.654523248039472053e-02
1.653987753686805492e-02
1.654768236574015450e-02
1.131879668283161666e-02
1.653649033876906926e-02
0.000000000000000000e+00
9.386214625328617167e-01
1.654697347174319960e-02
9.386087922680018680e-01
9.386185018379826772e-01
1.653341493654556654e-02
1.654453936159256192e-02
1.654279096598903001e-02
1.654555140890909271e-02
1.653472303645365377e-02
1.650885154236226768e-02
1.654641016847476984e-02
9.386107155453738971e-01
9.386175972052275274e-01
9.386156637746877474e-01
1.653882766880302585e-02
9.386099579185966935e-01
1.654209618858322461e-02
1.653504907332593865e-02
1.654313228970397120e-02
1.653700910619093981e-02
9.386186017351499933e-01
1.654630004183978847e-02
9.386161622712183572e-01
1.654527726167421414e-02
1.654473333685733266e-02
1.132199781119189522e-02
9.386150901594316753e-01
9.386284987682450565e-01
9.574848635260848617e-01
9.386203244909873122e-01
1.654222199971800561e-02
1.654006552776094915e-02
9.386051063606908329e-01
1.654313636297364415e-02
9.386216077536151392e-01
1.654651368792789748e-02
1.653527689924533597e-02
9.386227316235545848e-01
1.653447790078264173e-02
9.386231942751664947e-01
9.386137183695240083e-01
1.653952760431287236e-02
0.000000000000000000e+00
1.654312165440154428e-02
1.653587638868727824e-02
1.654782203596159157e-02
9.386222561234027761e-01
1.654380669297975115e-02
1.653725782890524965e-02
1.653236726124478542e-02
8.444834691536744209e-02
1.653840398839976841e-02
9.386297429474812493e-01
1.653712262301374955e-02
6.098862951644046931e-02
1.654646985231281522e-02
1.653154895216204720e-02
9.386169973546794054e-01
0.000000000000000000e+00
1.654691261880987876e-02
1.654759091277214350e-02
1.654644762954410320e-02
9.386101100122514751e-01
1.654139929175729024e-02
1.653684591346007982e-02
9.386210314890189865e-01
9.386277336572258490e-01
9.386214107234636117e-01
1.653984908894276171e-02
1.653283236897618025e-02
9.386232222095270972e-01
9.386181928712163947e-01
9.386156389580878612e-01
1.653954526518202836e-02
1.653626250409987938e-02
0.000000000000000000e+00
1.654199763807648327e-02
9.386053684159749722e-01
1.653495001210028917e-02
1.654632752963513739e-02
1.653823300294126122e-02
9.386168485493894265e-01
9.386230654324273504e-01
0.000000000000000000e+00
9.386197968874164799e-01
1.654390774820213225e-02
1.653589239558167154e-02
9.386111741857082746e-01
1.654366028436202868e-02
1.652521160399229860e-02
1.654364196669143305e-02
1.654022460249634369e-02
9.386059408861366915e-01
6.099195395656023533e-02
1.653353971504695902e-02
1.654896215945750315e-02
9.386194870681391356e-01
1.654215620869566722e-02
9.386278841532832429e-01
9.386189400304809638e-01
9.386133732898520599e-01
1.654335953529221734e-02
1.654741324198739233e-02
1.654410679943950357e-02
9.386178632545205680e-01
9.386176203728340273e-01
1.653977607857442730e-02
9.386242144176818458e-01
9.386087078998096578e-01
1.653331911584410285e-02
1.653519232502949007e-02
1.653426951716936710e-02
9.386166858542636104e-01
9.386170139811442770e-01
1.653474941678743926e-02
1.652074924867955735e-02
1.654720041082966692e-02
1.653470704926830043e-02
0.000000000000000000e+00
9.775678766378541606e-01
1.654713952454904199e-02
9.386114536741706482e-01
1.653720256252935034e-02
1.654564897594483150e-02
1.653562102093844577e-02
9.386289134426326619e-01
1.653974316796282679e-02
1.654119782951947448e-02
9.386148596350953888e-01
1.653645909516303705e-02
9.386193762015581088e-01
9.386086755927168790e-01
1.654003047228395223e-02
1.653965696214807282e-02
1.652397750500023826e-02
1.059117289999138151e-01
1.653368564322485468e-02
9.386128155481691104e-01
9.386120501358105050e-01
9.386144398716834703e-01
9.386195976108659966e-01
1.653960407429036494e-02
1.654225587870657155e-02
1.653794236337792489e-02
9.386027556123752724e-01
1.653998341790908350e-02
8.440052349086406280e-02
1.653891555502780622e-02
1.653895373545146916e-02
1.654289468469510513e-02
1.653678757996655813e-02
1.653927462434793411e-02
9.386308354749213212e-01
1.653762543798717108e-02
1.654774551741922117e-02
9.386116604821633791e-01
1.654082146961410871e-02
1.654635620510020930e-02
1.653744727674399603e-02
1.653665286027493700e-02
9.386215441831187167e-01
1.654944248707857987e-02
9.386114380541485946e-01
1.653477529668276672e-02
1.127684771824930161e-02
1.655183651658642327e-02
9.386165326724177360e-01
1.653499344142526570e-02
9.386289781902243945e-01
1.654212765709111438e-02
1.654154544919246225e-02
1.654115845742918159e-02
2.323091629140134340e-01
1.654450897356274028e-02
1.654529631549240057e-02
1.653432461794603764e-02
1.653637784219938803e-02
9.386212237588834606e-01
9.386222408458722022e-01
9.386199806141086732e-01
1.653666440913629382e-02
1.654044461718821857e-02
1.654190171868111237e-02
1.653400407021696564e-02
1.653701328210264998e-02
1.653933891726118433e-02
1.654316068329794373e-02
9.386100168631709151e-01
1.653436608608567157e-02
1.653920646640101924e-02
1.654616876877913756e-02
1.654696168385440258e-02
1.654652823878892398e-02
1.654446030037615145e-02
1.654284806636237282e-02
1.653927566437374957e-02
1.653865566865132114e-02
1.653565936902223754e-02
1.654037584089314283e-02
1.654554739366800864e-02
3.080404788701881016e-02
1.653568652235572894e-02
1.654321312270304323e-02
1.654854463761170486e-02
1.653797956629077942e-02
1.651094594131969837e-02
1.654479242666417882e-02
1.654806662021829008e-02
1.654074429324220094e-02
1.654844741643143879e-02
1.653771844314793141e-02
9.386148149422911535e-01
1.653237651488190241e-02
1.654549943541307536e-02
1.653485804467602974e-02
1.654900129596840672e-02
1.653626024494243493e-02
1.653988966109642619e-02
9.386214161972193937e-01
9.386124984306103425e-01
1.654529752477600091e-02
9.386140745900247717e-01
8.447030874154702607e-02
1.654729223430697824e-02
1.653561188189628731e-02
0.000000000000000000e+00
1.654235293648769270e-02
1.653637749976678145e-02
1.654207143105787189e-02
1.654173250690300911e-02
1.655281281354163692e-02
1.653692648603562534e-02
1.654300317508990842e-02
1.654130405077160887e-02
9.386082078244121218e-01
1.653997933405289972e-02
1.129364357987487806e-02
1.653907073875278758e-02
1.653827085707608099e-02
1.654583427678989888e-02
1.654053761696969854e-02
9.386135601861483879e-01
1.653796285152689394e-02
9.386135495131300299e-01
1.654211509939500571e-02
1.652939705942936544e-02
1.654787411425184818e-02
1.654795463314641737e-02
1.653509632425350859e-02
1.653282687381018440e-02
9.386120133518521813e-01
1.653783251730638407e-02
1.653738784924816199e-02
9.386098752228265729e-01
1.653736144587179824e-02
1.654701774842882653e-02
1.653701588323565688e-02
1.653257117743709564e-02
9.386368016320589813e-01
1.654778565549818933e-02
6.099315684077211835e-02
1.653686969586439653e-02
1.654402799257994466e-02
1.654399777791060872e-02
1.654013258017696109e-02
1.653953751031132444e-02
1.654730824741847822e-02
1.654608048689805780e-02
1.653588472288535297e-02
1.654938318071936393e-02
9.386034884509243392e-01
1.654741130193771240e-02
1.654877691499373471e-02
9.386196053347540813e-01
9.386149569099258017e-01
1.653350113665661911e-02
1.653494098169995888e-02
1.654940179126578731e-02
1.653994750478627110e-02
9.386036196369226259e-01
1.653439771526138760e-02
9.386104496196234770e-01
1.130848769595789276e-02
9.386135565335574915e-01
1.653614331216590391e-02
1.653603524351899071e-02
1.654044528142906145e-02
0.000000000000000000e+00
9.386123816153159050e-01
4.269542649021484254e-02
0.000000000000000000e+00
1.654772559714822941e-02
1.654646058512679319e-02
1.653713905059559647e-02
1.653384270158997360e-02
1.654399289134794032e-02
1.654246155975878929e-02
1.654007035229363917e-02
9.386232503450975262e-01
9.386102958498314663e-01
1.653431181509419645e-02
9.386271542516014810e-01
9.386118494439833482e-01
1.653279582618188623e-02
9.386034797106829197e-01
1.653696695181281623e-02
1.654632609582841127e-02
9.386155534562465874e-01
9.386111138658713715e-01
1.653607744532785764e-02
1.653704391152824651e-02
1.654304471820878392e-02
1.654643345931862061e-02
1.654298787480494928e-02
1.654663360365613012e-02
8.441736786485390387e-02
9.386477188154424001e-01
9.386182230144521910e-01
1.654406318568676232e-02
0.000000000000000000e+00
1.654519611110374586e-02
1.654277420677222055e-02
1.653739543566927137e-02
1.654717921994330876e-02
1.654563771382632290e-02
9.386217502831539772e-01
1.654206756222795921e-02
1.654597862763519667e-02
1.653406206069635287e-02
1.654181958553268064e-02
1.654765706705540670e-02
1.654318646845971685e-02
1.653142992397620484e-02
1.654526220337658449e-02
1.654822087517291568e-02
1.653604184112214548e-02
9.386075520225678481e-01
1.654688906216078559e-02
3.341544462073350180e-02
1.654602843758533337e-02
1.654204828489182905e-02
1.654693633714790502e-02
9.386306260712491412e-01
1.654312381539502219e-02
1.654472551938971844e-02
1.654434624593923917e-02
1.654791627171746382e-02
9.386062930817263839e-01
9.850319884856815200e-01
1.653641570881105721e-02
1.654149749028019020e-02
9.386075554429422763e-01
9.386112650572296934e-01
9.386155678310972306e-01
1.654090212323016534e-02
1.654590567798686421e-02
9.386186927662554247e-01
1.653583302121074128e-02
1.653500384400029277e-02
1.654887835949952687e-02
9.386043462250532876e-01
1.654877921022643306e-02
9.932209194344627790e-01
1.654204931341952262e-02
1.653460902993488316e-02
1.653428118452952150e-02
1.654519035007168473e-02
9.386068061186262357e-01
1.654114739178027746e-02
9.386073166088501063e-01
9.386202527314808641e-01
1.134490440054797961e-02
1.654265368934269148e-02
0.000000000000000000e+00
0.000000000000000000e+00
1.127299074568814327e-02
9.386223789640550930e-01
1.653254885597671420e-02
1.654358707878816198e-02
1.654117260190047026e-02
9.386344181407514364e-01
9.386123935365272564e-01
1.128112983560106315e-02
9.386033122901820125e-01
1.653593019724694871e-02
1.653973562320349908e-02
1.654631479757658064e-02
9.850944496252453941e-01
1.652919727997596844e-02
9.386180281442102480e-01
9.386111570461888043e-01
9.857050969422526121e-01
9.386177111441101895e-01
1.652697848145617474e-02
9.386164117873485591e-01
9.386104616533708089e-01
1.654734925716607949e-02
8.444175845681144155e-02
8.354556008959211633e-02
1.654770647437054862e-02
1.654017293669632002e-02
1.653802913767430174e-02
9.386138370960253052e-01
9.386205437758966541e-01
1.653429317243129693e-02
9.386135415068710408e-01
1.654310500465082726e-02
9.385994187252935106e-01
1.654488141884616695e-02
1.653871587868020743e-02
0.000000000000000000e+00
9.386165630545115768e-01
1.654862323803397289e-02
9.386177356835060381e-01
1.653617780525555234e-02
1.654107750746897434e-02
1.653714732300801821e-02
1.654452328845533796e-02
4.166593711596383587e-02
1.653567105700152334e-02
1.655055384295029200e-02
1.654771408705571489e-02
1.654815504395780110e-02
