9.477906190376849116e-01
7.018431767227912600e-03
7.023282496435348174e-03
7.029351347074021955e-03
7.020366311098660828e-03
7.018823370965436743e-03
7.016967808047095204e-03
7.021791885968410932e-03
7.031615372329914904e-03
9.662899261490952574e-01
7.024620736343288076e-03
0.000000000000000000e+00
9.764363465886084503e-01
7.022407774613689639e-03
9.764621529244048581e-01
9.761563652273739233e-01
7.030305836561602691e-03
7.030932534765164596e-03
7.025653644821794677e-03
8.760397740103165881e-03
7.022778058303093610e-03
7.509384481783110826e-03
7.022082850489818999e-03
9.669674922312592180e-01
9.764822045847377785e-01
9.763804464380588799e-01
7.022725482469287239e-03
9.763719042856018326e-01
7.019984377026663308e-03
1.295614215432949745e-02
7.017818932842415612e-03
1.369261369534976840e-02
9.774721248563147391e-01
7.026099220609090083e-03
9.764219889984889766e-01
7.026562456778244654e-03
7.020295285589835815e-03
9.718264928778230782e-01
9.764480183125108237e-01
9.769798718495600331e-01
9.769819004736477464e-01
9.763462571341471330e-01
7.019590378710521307e-03
7.018773359161652528e-03
9.765533484992547919e-01
7.019165209778994476e-03
9.766289155675201838e-01
7.022257403754719393e-03
7.031536023383143201e-03
9.755434984973194723e-01
7.020615640815575965e-03
9.767975732114345666e-01
9.762437079008632335e-01
7.020775121105841433e-03
0.000000000000000000e+00
7.029866417953689953e-03
7.020307623495777513e-03
7.030596937322860888e-03
9.764177989106398448e-01
7.028787596684929646e-03
7.027955650713077831e-03
1.482142665489502749e-02
9.935331485820179109e-01
7.019746156657661121e-03
9.826079058898730123e-01
7.031230021772198052e-03
9.981733983476723804e-01
7.021263825011532858e-03
6.274353507757872428e-02
9.806757582932438266e-01
9.956194134226279413e-01
7.029813498234372370e-03
7.024710390267340995e-03
7.021141797559656179e-03
9.754680911381682362e-01
7.020352880043442302e-03
7.024819366620529797e-03
9.759555809563258411e-01
9.766684352793093549e-01
9.763948327839441221e-01
7.024719738345002774e-03
7.029350522007569296e-03
9.763514388169138858e-01
9.765422843726556668e-01
9.767845275778892500e-01
7.018111766827067610e-03
7.033016714435370680e-03
0.000000000000000000e+00
7.022975054960191657e-03
9.771375955662390256e-01
7.020002600888582828e-03
7.030213009800887099e-03
7.019037896272134307e-03
9.763796138799725188e-01
9.737813386721807518e-01
0.000000000000000000e+00
9.766943147966711258e-01
7.023004357002290803e-03
7.020266737845554453e-03
9.764390378042887564e-01
7.020586805932120186e-03
9.362377714254428024e-03
7.023649387650973686e-03
7.018438461355813902e-03
9.768246250003015385e-01
9.819222887806877687e-01
7.019766985362290226e-03
7.023264266573813787e-03
9.763926540667077214e-01
7.024897008953001967e-03
9.840895019133362176e-01
9.776137156592962230e-01
9.764025208985740445e-01
7.029343759124927378e-03
7.032319654924569854e-03
7.027576316338835991e-03
9.766577333227552948e-01
9.768228692411183856e-01
7.029719822104131544e-03
9.764072579907294713e-01
9.767988905309452630e-01
7.018788772199296457e-03
7.018229208252018889e-03
7.027398359119638345e-03
9.759920304309656069e-01
9.763885304633431739e-01
7.030472599169556268e-03
3.822457899120326177e-04
7.030806927482726593e-03
6.926979849021567236e-03
9.762233581701692531e-01
9.833073842241309981e-01
7.030529909819041058e-03
9.767073024025103578e-01
7.028723752262862855e-03
7.024732581981105346e-03
7.020132160052722052e-03
9.837470382306167105e-01
7.026201261816362141e-03
7.019699073961206855e-03
9.763653177485044354e-01
7.032147924069627985e-03
9.766706062604950667e-01
9.764055346623269349e-01
7.022552265371516042e-03
6.365548415760161061e-03
7.028551872055754934e-03
9.622540042901382984e-01
7.030381570062954784e-03
9.763841561389946522e-01
9.760317199473749206e-01
9.768968207834610729e-01
9.793669897361090282e-01
7.020856279054188409e-03
7.021676524850668268e-03
7.030250481416148306e-03
9.763833823215751773e-01
7.018978252859648520e-03
9.785529464560711599e-01
7.022888118419214239e-03
7.023091125592928821e-03
7.020166446583302015e-03
2.451680400865037263e-03
7.030081243351409860e-03
9.772702944345541543e-01
7.019129148224184482e-03
7.029053518153098937e-03
9.761916479622507747e-01
7.028979205837311908e-03
7.026828052987200285e-03
7.029875535796441602e-03
7.023934581395309407e-03
9.765968003470709702e-01
7.027501339320571007e-03
9.764399322341570375e-01
8.965559816251354383e-03
9.669808989694322898e-01
7.020630719239193303e-03
9.765424882251086958e-01
7.030218018215674165e-03
9.780357158490798897e-01
7.017999832200748876e-03
7.024007783439274039e-03
7.029889760727508867e-03
9.822441619685735592e-01
7.026167022828287700e-03
7.030684774139436301e-03
7.029839221734857438e-03
7.028840712159033742e-03
9.832637938767303520e-01
9.743713724221525485e-01
9.764518751518984629e-01
7.032439621622534401e-03
7.029999083460811496e-03
7.024616699297834936e-03
7.029836722048619056e-03
7.018639229289532801e-03
7.001452703831676991e-03
7.022802703518146381e-03
9.763870446174045536e-01
7.019543582040052056e-03
7.019668033650429406e-03
7.024690253813999433e-03
7.029902263042861997e-03
7.023719417946090379e-03
7.022142413618225054e-03
7.030140977200770649e-03
7.029393711863602887e-03
7.026265950653944742e-03
7.018052166901633457e-03
7.021926821979004342e-03
7.023544059913173869e-03
9.848257298229935452e-01
7.032271202641595872e-03
7.030447618268042230e-03
7.029228674447935213e-03
6.948118327028122987e-03
4.278296308832345123e-03
7.031049416673719119e-03
7.019271136137543617e-03
7.026783326638638000e-03
7.029988742723710694e-03
7.023235484085824445e-03
9.763897134566698055e-01
7.025372493360412633e-03
7.020913119711168215e-03
7.030773504324447365e-03
7.017265591590613263e-03
7.019366508022904967e-03
7.525444226542544329e-03
9.757386760353566890e-01
9.764547703975886561e-01
7.030271648399512296e-03
9.763162978266155534e-01
9.815256916328987113e-01
7.029727067342446227e-03
7.023625288938076944e-03
0.000000000000000000e+00
7.029714505464275745e-03
5.273316259588531341e-03
7.019240959714142733e-03
7.025080803446760030e-03
7.021925982227506836e-03
7.027188241335619208e-03
7.022202375360658312e-03
7.019734688411520193e-03
9.761486900202548389e-01
7.030326244208455477e-03
9.903827281282685524e-01
7.017000507545437769e-03
7.021228392047875085e-03
7.024861000470380978e-03
7.030357032282147541e-03
9.764213923371659609e-01
7.019790607571273384e-03
9.766221460049904213e-01
7.029533535937687594e-03
7.019702688423445046e-03
7.034071461689146362e-03
7.029839358321802317e-03
7.019643627192220792e-03
7.019502722785488091e-03
9.782039430065345709e-01
7.023223822245507238e-03
7.019409936965407930e-03
9.751548347879827050e-01
7.021350842647980893e-03
7.001927614739940180e-03
7.029886549221517171e-03
7.030020122341464756e-03
9.763939767890671417e-01
7.022626265109736809e-03
3.790020153603441272e-02
7.029653199879744123e-03
7.030652750907155114e-03
7.031159497946263583e-03
7.029112438709445194e-03
7.030819070043104781e-03
7.019903371363610083e-03
7.029385778332492181e-03
7.021094328379398619e-03
7.026145170718672839e-03
9.763692224281912413e-01
7.025833164975699326e-03
7.029232990012890085e-03
9.763609172527726310e-01
9.769966657868740523e-01
7.022152117263521197e-03
7.019118277798080952e-03
7.193278450366693590e-03
7.025835633424858812e-03
9.759981800016478415e-01
7.019449997383144478e-03
9.764859872728334222e-01
9.748231049148927685e-01
9.763866084626227071e-01
7.025400028108922529e-03
7.017467813390705807e-03
7.030398968493539909e-03
0.000000000000000000e+00
9.763173444749685403e-01
9.750373134195774449e-01
0.000000000000000000e+00
7.021143995836099001e-03
7.023931365671805087e-03
7.020583069890794052e-03
6.875966156912288567e-03
7.019523159602814207e-03
7.021702503447627662e-03
7.028577420833501989e-03
9.760060249797740672e-01
9.764848575563849220e-01
7.030707205855311719e-03
9.764472593343861417e-01
9.762449228737047902e-01
7.029805522949747823e-03
9.769330752226316195e-01
7.029608842093923796e-03
7.019609452805752534e-03
9.763397224236569638e-01
9.761306216002765268e-01
7.017928756526963137e-03
7.030518862922304282e-03
6.986635500579279137e-03
7.021475185757574365e-03
7.016202421176963126e-03
7.021048024021567073e-03
9.780353144358159279e-01
9.876538039576755468e-01
9.759573482337553507e-01
7.022972169307982286e-03
0.000000000000000000e+00
7.018714152540074004e-03
7.024818772881165699e-03
7.029252786163868102e-03
7.030219115733740178e-03
7.028975822168782514e-03
9.765478715755997463e-01
7.029409288073319023e-03
7.018487181771989290e-03
7.017572376072048201e-03
7.031853111046998221e-03
7.027336363597589883e-03
7.026065908721417300e-03
7.438959751727986479e-03
7.024504891519393023e-03
7.020077627262624222e-03
1.239578284773334982e-02
9.764074085391490909e-01
7.030686235663486522e-03
9.630385217027189748e-01
7.028907571974000318e-03
7.021213290939263239e-03
7.029533526010808830e-03
9.727125353018131193e-01
7.023697139546365535e-03
7.021818665410882628e-03
7.029761334439544457e-03
7.029532364335602281e-03
9.799389650075925884e-01
9.935642874570449479e-01
7.018540460710378029e-03
7.021186131382676013e-03
9.739063600841387780e-01
9.763635744610653644e-01
9.764300473618577891e-01
7.017953722432602841e-03
4.955384839929493322e-03
9.779273206240272076e-01
7.024091779975410316e-03
7.028479026472933891e-03
7.029625489418295237e-03
9.762167267521254521e-01
7.023524625824147452e-03
9.767601418542657399e-01
7.029846719052113176e-03
7.020058081330762464e-03
7.019779748506021350e-03
7.030248489466715649e-03
9.753073882986885712e-01
7.023709050945832998e-03
9.759814384673861642e-01
9.763097216261226174e-01
9.717122692337192280e-01
7.030729088475634256e-03
6.567830027090127976e-01
0.000000000000000000e+00
9.723518172053324804e-01
9.764460137088417646e-01
7.026743802929750690e-03
7.030266181922022878e-03
7.018508856050439428e-03
9.791125545072862923e-01
9.765482332749310102e-01
9.700622346315997957e-01
9.762188691695303788e-01
7.029332578625059440e-03
7.032405579475916289e-03
7.029866418026308079e-03
9.956216294995293703e-01
7.020550363421736682e-03
9.764084666640538979e-01
9.762663762741413676e-01
9.757976618105548283e-01
9.763638872157351933e-01
2.539576958703764799e-03
9.764387173452414581e-01
9.764396094075953325e-01
7.025492563088537971e-03
9.796103340621830080e-01
6.567786151590355725e-01
7.029320475550596657e-03
7.029383837237857327e-03
7.024512097678174694e-03
9.783199025805191518e-01
9.764294775859788666e-01
7.026111162521330410e-03
9.757445780130984403e-01
7.020881135843955526e-03
9.769478806220622813e-01
7.020399735103253526e-03
7.022159220633187107e-03
0.000000000000000000e+00
9.768399753063183866e-01
2.016205376352362549e-03
9.763839008402165343e-01
7.006155186930916080e-03
7.019014605621953264e-03
7.025429585941040181e-03
7.028672682854275426e-03
9.809452644396767784e-01
7.031102946192377932e-03
7.027886919744342868e-03
7.020676251733842972e-03
7.019869809081669479e-03
