1.223367073868146804e-01
9.226975196728318673e-01
9.226416047238191753e-01
9.226367136189510543e-01
9.226392763161973543e-01
9.226680398791343718e-01
9.227200305279660286e-01
9.220676790058032202e-01
9.227150770136979263e-01
1.245430851246952519e-01
9.226761343993710174e-01
1.276682165708103722e-01
1.303526064954972641e-01
9.226181878768888733e-01
1.295178349695725040e-01
1.290281334149519787e-01
9.227156983953607172e-01
9.226735109391466239e-01
9.226249660604933789e-01
5.045887315560669550e-02
9.227115799792852124e-01
7.384556162848950056e-02
9.228129487657024121e-01
1.251867004367310521e-01
1.294852447002501072e-01
1.302544190994645024e-01
9.226736382826797866e-01
1.300022772146042505e-01
9.226658529023197275e-01
2.931843178261841695e-02
9.227118834589134178e-01
5.294114845229740303e-03
1.269644960075970164e-01
9.227118368209986654e-01
1.296265970332226569e-01
9.225894754584427204e-01
9.227609061252869393e-01
1.165400113159422851e-01
1.279658502464649239e-01
1.266567303775438524e-01
1.301321488634819279e-01
1.280753071224004502e-01
9.226459573851161222e-01
9.228158623764090018e-01
1.289598992886613615e-01
9.219956470752607158e-01
1.286256896560903640e-01
9.228517590901101908e-01
9.227149474651007433e-01
1.237000933456516155e-01
9.226373625357466857e-01
1.307453603044938240e-01
1.297496313963180936e-01
9.226730574184892619e-01
1.207580140872375057e-01
9.227179799461633358e-01
9.227214647667749681e-01
9.226677791306616694e-01
1.299399427251745343e-01
9.219917414558103097e-01
9.227115936324326029e-01
2.913484852384972193e-02
1.052886489351683302e-01
9.226710534803450603e-01
1.142933119715002221e-01
9.226294505659035083e-01
8.995989673080137528e-02
9.226404133033707655e-01
9.649260100918552463e-02
1.170708575677714275e-01
1.042232142275066054e-01
9.226001506009195996e-01
9.227024264856048541e-01
9.227069430920816773e-01
1.280702659257591525e-01
9.226617939147854219e-01
9.228497934655290891e-01
1.283496072827771117e-01
1.318195229310967498e-01
1.288132038820163083e-01
9.228509833865792267e-01
9.226653734011894814e-01
1.288794046429178886e-01
1.275794133064740432e-01
1.280221877967576694e-01
9.226352494649432412e-01
9.227155428069347964e-01
1.122031575573336909e-01
9.228927195242764281e-01
1.264674868883030601e-01
9.220871734039592926e-01
9.218553646579045191e-01
9.228504682933436065e-01
1.282584962670826612e-01
1.272564319802211297e-01
1.193267413332211729e-01
1.281307863794471369e-01
9.227025864153002299e-01
9.220249199536274531e-01
1.306993889673727094e-01
9.226433755519993785e-01
9.591331470556323513e-01
9.226705079286796618e-01
9.220717929958326398e-01
1.278779880006578329e-01
9.154527176103111064e-02
9.226992384157853833e-01
9.227112506900335687e-01
1.310338394141683238e-01
9.227069039926724114e-01
1.167530641885590886e-01
1.288866791912223475e-01
1.309070312449610585e-01
9.227171962997610111e-01
9.219633607971718936e-01
9.226870187054070360e-01
1.287810387118655808e-01
1.245453197802795786e-01
9.227075206968499144e-01
1.313597564772782944e-01
1.293505931830747635e-01
9.227245264244465783e-01
9.227067522753584772e-01
9.218086851159217332e-01
1.289646164767453695e-01
1.288621103240375487e-01
9.226395802043870775e-01
1.116733898503149830e-01
9.227125095337499472e-01
9.316184793629338490e-01
1.284167527564331057e-01
1.159671831742483811e-01
9.226498800142699519e-01
1.285987991342112391e-01
9.227086329338988202e-01
9.228530773574734614e-01
9.226312573576361808e-01
1.251626614197801357e-01
9.226912248247809423e-01
9.226279438983977510e-01
1.297746637922467527e-01
9.226002514759292783e-01
1.344247047296308062e-01
1.292585545592635221e-01
9.227737991713358401e-01
9.322497134462011115e-01
9.225975307354397081e-01
1.253918184037986494e-01
9.225883549368614212e-01
1.302032632246779287e-01
1.302549447593525644e-01
1.257876416331419611e-01
1.255713686448532707e-01
9.227160887765081254e-01
9.226380297035352562e-01
9.225875216308234705e-01
1.291439943653857336e-01
9.226294777567763949e-01
1.273063402428562252e-01
9.228589376289360047e-01
9.228518741905398226e-01
9.226624624655734852e-01
4.860244164018531071e-02
9.226759987967635412e-01
1.409822636775326377e-01
9.227627321594245036e-01
9.227155031108813521e-01
1.291383132614997431e-01
9.228769046277907062e-01
9.227157750219731058e-01
9.227155525023144067e-01
9.226780043543137966e-01
1.285876142338080175e-01
9.226982096836210401e-01
1.297755778962194351e-01
1.113649182625070207e-04
1.967212879921594604e-01
9.227055718902581471e-01
1.298428644388720243e-01
9.226376245178872226e-01
1.279708929348699065e-01
9.226666956104578876e-01
9.226331077658023183e-01
9.227191725584524828e-01
1.273758051809615599e-01
9.226883335749108683e-01
9.226619700152784986e-01
9.226695185279264466e-01
9.226700792286632868e-01
1.048400779212367712e-01
1.272224187114012750e-01
1.309020293989807959e-01
9.226438877493106094e-01
9.226699225788853598e-01
9.227159503741515501e-01
9.225934051893026622e-01
9.227118105228503397e-01
9.217877369218568928e-01
9.228579326270797134e-01
1.303128762170781552e-01
9.228258241700714182e-01
9.226357845642798594e-01
9.227067522753609197e-01
9.231589150521062326e-01
9.226358399846095182e-01
9.228193479563794321e-01
9.226315425924201952e-01
9.227159261554129799e-01
9.226401559820470721e-01
9.220507633836612094e-01
9.228601088408920905e-01
9.226267027846637436e-01
1.253864594213461858e-01
9.227156086003567292e-01
9.219625918155087696e-01
9.226924178850858249e-01
9.216093815406823930e-01
6.391773887017902778e-02
9.226399718374083125e-01
9.227340812718272112e-01
9.226807149196086799e-01
9.227156086003539537e-01
9.227056728008615760e-01
1.284033726697324240e-01
9.225919132212849760e-01
9.218683012096167140e-01
9.226703792697954487e-01
9.265286379919278614e-01
9.226677358174474319e-01
9.307924603060032664e-01
1.277651998321913951e-01
1.298973059145148434e-01
9.218997611620556309e-01
1.302740456294397831e-01
1.147026365145061705e-01
9.220361435042914167e-01
9.226712562534237216e-01
9.228269062859273397e-01
9.227189221226231863e-01
7.726961310767292979e-01
9.227115609675012875e-01
9.228124191722275604e-01
9.244883322929492442e-01
9.227157427322451033e-01
9.226668514565706802e-01
9.226664410424190166e-01
1.303956112962890435e-01
9.227082106209794077e-01
1.160105496486116411e-01
9.218322021073258599e-01
9.226746403260973617e-01
9.227115799759085801e-01
9.226828553669206290e-01
1.292375136153594284e-01
9.228196251278683038e-01
1.280343731718844302e-01
9.226227291238858763e-01
9.227155165726212971e-01
9.227118831409111266e-01
9.226428131033478364e-01
9.220030031180033170e-01
9.227758608255973716e-01
1.264501125815765126e-01
9.220703425661291863e-01
9.227199834644150833e-01
1.269812485446506489e-01
9.227076455691790580e-01
9.217120277090968816e-01
9.226352085445750362e-01
9.226769542194714901e-01
1.315431347400779494e-01
9.228522038967394980e-01
1.172647846878608208e-01
9.225890173399438066e-01
9.227056005249177906e-01
9.226363085958561028e-01
9.227235969535508842e-01
9.227071019431609677e-01
9.227738512642298385e-01
9.227125106901412632e-01
9.227155259034142132e-01
9.225773074486216530e-01
1.389803803024575179e-01
9.227115936323085910e-01
9.226275269149595282e-01
1.298182624535773599e-01
1.273650019568245695e-01
9.231802083202766962e-01
9.227571067038130570e-01
9.156291020245267420e-01
9.226552206620568519e-01
1.285531786491747597e-01
9.233078584992476801e-01
1.304674972901462837e-01
1.165282680411858091e-01
1.551010888438849322e-01
9.226418558273041803e-01
9.227747391868325044e-01
9.226718830345488342e-01
1.304946918231525699e-01
1.279494619871963945e-01
1.246078407976664582e-01
9.054914334444633117e-02
9.228198795255087017e-01
9.226740383487249675e-01
9.227115676830824897e-01
9.216238716962741329e-01
9.227241675129412846e-01
9.226708733794041217e-01
9.227230973335062147e-01
1.293478888710933583e-01
1.300607636396797218e-01
9.226348269102188082e-01
1.293628065223265677e-01
1.334490770758191558e-01
9.232006460633632727e-01
1.266246889231825157e-01
9.226772762117253501e-01
9.226313555122152010e-01
1.381731148134102971e-01
1.285152670736275926e-01
9.228664688290585394e-01
9.226412001353070380e-01
9.212079128724094401e-01
9.226666534333002323e-01
9.227697454212032691e-01
9.227116825165151415e-01
1.228060938909515815e-01
8.273745911437825618e-02
1.281579646063357447e-01
9.227072587625462230e-01
1.178795988922189814e-01
9.223512427919073886e-01
9.226745209396189917e-01
9.226365018720369404e-01
9.227083446179317194e-01
9.226808494863155685e-01
1.287897498559587017e-01
9.227154983309748815e-01
9.229058282653223033e-01
9.227154955610507026e-01
9.227114630402885043e-01
9.226407719313577394e-01
9.226887979796644101e-01
1.345144270912911576e-02
9.225794734036444344e-01
9.227126655623837381e-01
3.479420504445769613e-02
1.317385979514334449e-01
9.226289302038663820e-01
1.271321800638482991e-01
9.226373115970545324e-01
9.227157990356792405e-01
9.226771693179676159e-01
1.269213145223271333e-01
9.226670014851862112e-01
9.228703556583826018e-01
9.227180858821463216e-01
9.226699038113346241e-01
1.196318563040862648e-01
9.907601238121674370e-02
9.226632176511041505e-01
9.232504788366353576e-01
1.287751949555416275e-01
1.302290746897552254e-01
1.296720718219683544e-01
9.225990510223883723e-01
1.245646630845208313e-03
1.444923819848978608e-01
9.226787689583413332e-01
9.226584803033666127e-01
9.226406252497101335e-01
1.294452114311407664e-01
9.226635325775619512e-01
1.227058338913622898e-01
9.220154773453472785e-01
9.226393694305086157e-01
9.226325574816803821e-01
9.231447295528972807e-01
1.275440278101684366e-01
9.227126931692639644e-01
1.286622113074794849e-01
1.304208122455032537e-01
1.285537317203332697e-01
9.226477487051804038e-01
1.078975274132369933e-01
1.216186558932749046e-01
1.137599162203060954e-01
1.299290896952238761e-01
9.227118831409090172e-01
9.225876648821392800e-01
9.227426571501258223e-01
1.188853372319279289e-01
1.293410616732203200e-01
1.185218181648324265e-01
1.290262673260867410e-01
9.220203329073372034e-01
9.233162553646466764e-01
9.227127736660188928e-01
5.570290224269578566e-02
9.227336239846676280e-01
1.303203071951816172e-01
1.281881878613942150e-01
1.290544290916001979e-01
1.309310587424881989e-01
6.339035020902669681e-02
1.306160883175366827e-01
1.294010591290038759e-01
9.226456822775757072e-01
1.214571972475897155e-01
1.190118453244347202e-01
9.227069866378297958e-01
9.226813082150894241e-01
9.226749191280537721e-01
1.237329429640448841e-01
1.300155761148485134e-01
9.226812801768962125e-01
1.276492386475153451e-01
9.226671806680499799e-01
1.239734851287795231e-01
9.226439653773372829e-01
9.228161857757759545e-01
9.226507702579577197e-01
1.286412396617659382e-01
6.185492358896456377e-02
1.375188380266019472e-01
9.216435152308005696e-01
9.226640729656118145e-01
9.226916182642282971e-01
9.226363902916119297e-01
1.249690302266308756e-01
9.219962202473823698e-01
9.225945474839778448e-01
9.226629090892058960e-01
9.226361835177152582e-01
