1.477072414652850010e-02
0.000000000000000000e+00
1.477109460915300258e-02
0.000000000000000000e+00
1.476276919276771349e-02
0.000000000000000000e+00
1.477553776632313867e-02
1.475309316199069874e-02
0.000000000000000000e+00
0.000000000000000000e+00
0.000000000000000000e+00
0.000000000000000000e+00
1.476882765546257484e-02
1.477152919716208379e-02
1.477570994621724663e-02
0.000000000000000000e+00
1.477372845365926279e-02
1.476728229438788176e-02
1.476230743667663117e-02
1.477214445834516138e-02
1.477738610472434204e-02
1.477393352694024962e-02
1.477283462104404289e-02
0.000000000000000000e+00
0.000000000000000000e+00
1.476904063027045279e-02
0.000000000000000000e+00
1.475960985165504155e-02
1.477182579344314163e-02
1.476226806176152671e-02
1.475799920062849900e-02
1.477248152648892067e-02
1.476622526157084225e-02
0.000000000000000000e+00
1.475877509956560751e-02
1.476258206069046633e-02
0.000000000000000000e+00
1.477312691415004660e-02
1.477430417771221152e-02
0.000000000000000000e+00
0.000000000000000000e+00
1.476682531646162158e-02
1.476321000018014640e-02
0.000000000000000000e+00
0.000000000000000000e+00
1.477546219014534527e-02
0.000000000000000000e+00
1.475737007948984582e-02
0.000000000000000000e+00
0.000000000000000000e+00
1.475829402083077800e-02
1.476507705534285154e-02
0.000000000000000000e+00
0.000000000000000000e+00
0.000000000000000000e+00
1.475695874580859601e-02
1.476245305871628534e-02
0.000000000000000000e+00
1.476180795973988831e-02
1.476435069421216939e-02
0.000000000000000000e+00
0.000000000000000000e+00
0.000000000000000000e+00
1.476115539038593862e-02
1.476682641137882709e-02
1.476827561694534982e-02
0.000000000000000000e+00
0.000000000000000000e+00
1.477123986858081862e-02
0.000000000000000000e+00
0.000000000000000000e+00
1.476382013446447990e-02
0.000000000000000000e+00
1.476806084913201422e-02
0.000000000000000000e+00
0.000000000000000000e+00
1.476037168010827828e-02
1.477236380601401090e-02
0.000000000000000000e+00
1.477226643724045829e-02
0.000000000000000000e+00
1.476956891078708665e-02
1.476297453479274123e-02
1.475879858536818107e-02
1.476783601716836689e-02
0.000000000000000000e+00
0.000000000000000000e+00
1.477776042923044549e-02
1.476895662125881498e-02
1.476952810606018893e-02
0.000000000000000000e+00
0.000000000000000000e+00
0.000000000000000000e+00
1.477233373430953713e-02
1.476126306379746747e-02
0.000000000000000000e+00
1.476253175171667736e-02
1.476262373321055379e-02
1.474949574663033704e-02
1.477177084190347579e-02
1.476104825822984606e-02
0.000000000000000000e+00
0.000000000000000000e+00
0.000000000000000000e+00
0.000000000000000000e+00
0.000000000000000000e+00
1.476115860888741610e-02
0.000000000000000000e+00
0.000000000000000000e+00
0.000000000000000000e+00
1.475507308421930563e-02
0.000000000000000000e+00
0.000000000000000000e+00
0.000000000000000000e+00
1.477118943204782688e-02
0.000000000000000000e+00
0.000000000000000000e+00
0.000000000000000000e+00
1.475942737613188116e-02
0.000000000000000000e+00
1.476621410630645295e-02
1.476546732077116744e-02
0.000000000000000000e+00
0.000000000000000000e+00
1.477402552279701367e-02
0.000000000000000000e+00
0.000000000000000000e+00
0.000000000000000000e+00
0.000000000000000000e+00
1.476303723105305658e-02
1.477002556199045330e-02
0.000000000000000000e+00
1.476684951591410860e-02
1.476904056486089828e-02
1.477642998470547753e-02
1.476423956622262453e-02
1.476867656464390249e-02
0.000000000000000000e+00
0.000000000000000000e+00
0.000000000000000000e+00
0.000000000000000000e+00
1.476803946597795084e-02
0.000000000000000000e+00
1.477154696879675981e-02
1.475416439557465306e-02
1.476657830865681260e-02
0.000000000000000000e+00
1.477163431556581009e-02
1.477143723366620628e-02
0.000000000000000000e+00
1.475981334242787088e-02
1.476186950758144253e-02
0.000000000000000000e+00
0.000000000000000000e+00
0.000000000000000000e+00
0.000000000000000000e+00
0.000000000000000000e+00
1.475766243973400220e-02
1.476416585557526612e-02
0.000000000000000000e+00
1.476149294575467529e-02
0.000000000000000000e+00
1.476563336314079544e-02
1.476745460027476843e-02
0.000000000000000000e+00
1.476835807791878133e-02
1.473720784785012040e-02
1.476099431936655874e-02
1.477068365397627564e-02
0.000000000000000000e+00
0.000000000000000000e+00
1.477891446843290248e-02
0.000000000000000000e+00
0.000000000000000000e+00
1.477441786166472371e-02
1.477306279608365212e-02
1.477033176394685829e-02
0.000000000000000000e+00
0.000000000000000000e+00
1.476703072501986749e-02
1.476384765031486454e-02
0.000000000000000000e+00
0.000000000000000000e+00
1.476768108976160912e-02
0.000000000000000000e+00
0.000000000000000000e+00
0.000000000000000000e+00
0.000000000000000000e+00
1.476128007647639281e-02
0.000000000000000000e+00
1.476794894835484033e-02
0.000000000000000000e+00
0.000000000000000000e+00
1.476190439263776015e-02
1.477054287584695508e-02
1.476099670495903231e-02
1.476930387512115708e-02
0.000000000000000000e+00
1.475622988011881555e-02
1.476363769099079543e-02
1.477051769991056043e-02
1.476206697578050231e-02
1.477135379634534999e-02
1.476446463205864472e-02
0.000000000000000000e+00
1.476675507432918984e-02
0.000000000000000000e+00
1.477349349114701928e-02
1.476297913184145515e-02
0.000000000000000000e+00
0.000000000000000000e+00
1.476551309660340851e-02
0.000000000000000000e+00
0.000000000000000000e+00
0.000000000000000000e+00
0.000000000000000000e+00
0.000000000000000000e+00
1.476709006033196867e-02
0.000000000000000000e+00
0.000000000000000000e+00
1.477244630452060822e-02
0.000000000000000000e+00
0.000000000000000000e+00
0.000000000000000000e+00
0.000000000000000000e+00
1.476916415591996226e-02
1.477860870099944809e-02
1.477536000152180652e-02
1.477164582017598780e-02
0.000000000000000000e+00
8.993854705755031098e-01
1.477019843354109192e-02
0.000000000000000000e+00
1.475052426011647447e-02
0.000000000000000000e+00
0.000000000000000000e+00
1.477505604611262062e-02
1.477357605901094550e-02
0.000000000000000000e+00
1.477466239576555665e-02
0.000000000000000000e+00
0.000000000000000000e+00
1.477176767773548047e-02
0.000000000000000000e+00
1.476208744407826387e-02
0.000000000000000000e+00
1.477627600633843637e-02
0.000000000000000000e+00
0.000000000000000000e+00
0.000000000000000000e+00
1.475683833622575859e-02
1.474206718161570270e-02
0.000000000000000000e+00
1.476238036943942900e-02
0.000000000000000000e+00
0.000000000000000000e+00
0.000000000000000000e+00
1.476140439400798476e-02
1.476079779630915488e-02
0.000000000000000000e+00
1.476141873765253291e-02
0.000000000000000000e+00
1.476653984959956992e-02
0.000000000000000000e+00
0.000000000000000000e+00
0.000000000000000000e+00
1.477355502792628700e-02
1.476403138146306290e-02
0.000000000000000000e+00
1.476670775620944100e-02
1.476127038107806662e-02
1.477264379422269826e-02
0.000000000000000000e+00
0.000000000000000000e+00
1.477532369922491054e-02
1.475907553180892846e-02
0.000000000000000000e+00
1.476989984329823979e-02
0.000000000000000000e+00
1.476126854909457636e-02
0.000000000000000000e+00
0.000000000000000000e+00
0.000000000000000000e+00
1.477159766703362194e-02
0.000000000000000000e+00
1.477262968846278571e-02
0.000000000000000000e+00
0.000000000000000000e+00
0.000000000000000000e+00
0.000000000000000000e+00
0.000000000000000000e+00
0.000000000000000000e+00
0.000000000000000000e+00
1.476224597723364319e-02
1.477450314832913676e-02
1.475903895236090578e-02
1.477232078416275060e-02
1.476805592165904117e-02
1.477033956260615476e-02
0.000000000000000000e+00
0.000000000000000000e+00
1.477204895978706696e-02
0.000000000000000000e+00
1.477193681965072343e-02
0.000000000000000000e+00
0.000000000000000000e+00
1.476855250559399452e-02
0.000000000000000000e+00
0.000000000000000000e+00
0.000000000000000000e+00
1.476302284612350524e-02
1.475449144249920720e-02
1.477264917218710366e-02
0.000000000000000000e+00
1.476913515593008229e-02
0.000000000000000000e+00
0.000000000000000000e+00
1.476257020632379749e-02
0.000000000000000000e+00
0.000000000000000000e+00
1.477146173912237404e-02
0.000000000000000000e+00
0.000000000000000000e+00
1.475854690835087454e-02
1.476432286408557379e-02
0.000000000000000000e+00
1.477144837541613347e-02
0.000000000000000000e+00
1.477382833096577835e-02
1.477337313591246121e-02
0.000000000000000000e+00
1.476112199749283344e-02
1.476809366680350601e-02
1.475697237976345173e-02
0.000000000000000000e+00
0.000000000000000000e+00
1.476363060209192647e-02
0.000000000000000000e+00
0.000000000000000000e+00
1.476774789664990657e-02
1.477193969664229896e-02
1.476091259675904252e-02
0.000000000000000000e+00
0.000000000000000000e+00
1.476492340205557037e-02
0.000000000000000000e+00
0.000000000000000000e+00
0.000000000000000000e+00
1.477114677732390552e-02
1.476673475411751507e-02
0.000000000000000000e+00
0.000000000000000000e+00
0.000000000000000000e+00
1.476400325770642168e-02
1.476140252194571047e-02
1.475895399137574018e-02
1.476226007684103107e-02
1.476083460714870503e-02
0.000000000000000000e+00
1.477577991170832446e-02
1.477025013395739939e-02
0.000000000000000000e+00
1.476583970498638806e-02
1.477349252511842015e-02
0.000000000000000000e+00
1.475945476959170458e-02
1.477125422737603916e-02
0.000000000000000000e+00
0.000000000000000000e+00
0.000000000000000000e+00
1.476978718727388687e-02
0.000000000000000000e+00
1.477476924698114917e-02
0.000000000000000000e+00
1.476479110701790949e-02
1.475629276197317451e-02
0.000000000000000000e+00
1.476675507432918984e-02
0.000000000000000000e+00
0.000000000000000000e+00
1.476205510732294876e-02
0.000000000000000000e+00
1.476159187490399226e-02
1.476160302986158183e-02
1.476444515249314068e-02
1.476075771839966029e-02
1.476925062476451035e-02
0.000000000000000000e+00
0.000000000000000000e+00
0.000000000000000000e+00
1.476932974757710557e-02
0.000000000000000000e+00
1.475790628585568406e-02
1.476579161278161571e-02
1.476118516334330721e-02
1.477391628051239608e-02
0.000000000000000000e+00
1.477317629548888928e-02
0.000000000000000000e+00
0.000000000000000000e+00
1.475842505508941603e-02
1.475776069291164644e-02
0.000000000000000000e+00
0.000000000000000000e+00
0.000000000000000000e+00
0.000000000000000000e+00
0.000000000000000000e+00
1.477110972166909529e-02
0.000000000000000000e+00
1.476921485315907390e-02
0.000000000000000000e+00
0.000000000000000000e+00
1.476600069417670358e-02
1.477161447497509807e-02
0.000000000000000000e+00
0.000000000000000000e+00
1.475965382719374164e-02
0.000000000000000000e+00
0.000000000000000000e+00
0.000000000000000000e+00
1.476522128329973982e-02
0.000000000000000000e+00
1.476774305830492150e-02
1.478006914044842704e-02
1.475845479222562609e-02
0.000000000000000000e+00
0.000000000000000000e+00
1.475729882935156168e-02
1.476133970046472101e-02
1.476139168614771374e-02
0.000000000000000000e+00
1.476245799938450363e-02
1.477380980197185410e-02
0.000000000000000000e+00
1.476724963305716884e-02
0.000000000000000000e+00
0.000000000000000000e+00
1.476527398446844316e-02
