0.000000000000000000e+00
3.524737189467574017e-03
0.000000000000000000e+00
3.526528442445163100e-03
0.000000000000000000e+00
3.524280712575165401e-03
0.000000000000000000e+00
0.000000000000000000e+00
3.519165089761861886e-03
0.000000000000000000e+00
3.527759377299907999e-03
3.518755789570798646e-03
0.000000000000000000e+00
0.000000000000000000e+00
0.000000000000000000e+00
3.535190400465396208e-03
0.000000000000000000e+00
0.000000000000000000e+00
0.000000000000000000e+00
0.000000000000000000e+00
0.000000000000000000e+00
0.000000000000000000e+00
0.000000000000000000e+00
3.527233305853301297e-03
0.000000000000000000e+00
0.000000000000000000e+00
3.517063431729197491e-03
0.000000000000000000e+00
0.000000000000000000e+00
0.000000000000000000e+00
0.000000000000000000e+00
0.000000000000000000e+00
0.000000000000000000e+00
3.520387817734594270e-03
0.000000000000000000e+00
0.000000000000000000e+00
3.525693045596745446e-03
0.000000000000000000e+00
0.000000000000000000e+00
3.519878555387091074e-03
3.526914791629388261e-03
0.000000000000000000e+00
0.000000000000000000e+00
3.515176731455053275e-03
3.507993205278941463e-03
0.000000000000000000e+00
0.000000000000000000e+00
0.000000000000000000e+00
3.513872930952303443e-03
3.514408919985821580e-03
0.000000000000000000e+00
0.000000000000000000e+00
3.515852932842644576e-03
3.517260308328126403e-03
3.528176931663973021e-03
0.000000000000000000e+00
0.000000000000000000e+00
3.523368733475526655e-03
0.000000000000000000e+00
0.000000000000000000e+00
0.000000000000000000e+00
3.525183491307945591e-03
3.515675464757809284e-03
0.000000000000000000e+00
0.000000000000000000e+00
0.000000000000000000e+00
0.000000000000000000e+00
3.522660703139100704e-03
0.000000000000000000e+00
3.513345927683983634e-03
0.000000000000000000e+00
0.000000000000000000e+00
3.524649187977306388e-03
0.000000000000000000e+00
3.524628416186110884e-03
3.520598437519465319e-03
0.000000000000000000e+00
0.000000000000000000e+00
3.531482180938043912e-03
0.000000000000000000e+00
0.000000000000000000e+00
0.000000000000000000e+00
0.000000000000000000e+00
0.000000000000000000e+00
0.000000000000000000e+00
3.521362035416281122e-03
0.000000000000000000e+00
0.000000000000000000e+00
0.000000000000000000e+00
0.000000000000000000e+00
0.000000000000000000e+00
3.519230626325332238e-03
0.000000000000000000e+00
0.000000000000000000e+00
0.000000000000000000e+00
3.529101075481208289e-03
0.000000000000000000e+00
0.000000000000000000e+00
0.000000000000000000e+00
0.000000000000000000e+00
0.000000000000000000e+00
3.527401088538256041e-03
3.523734729559403495e-03
3.519657105731333665e-03
3.521644013862415979e-03
3.530056380095640024e-03
0.000000000000000000e+00
0.000000000000000000e+00
0.000000000000000000e+00
3.544888882042466789e-03
0.000000000000000000e+00
0.000000000000000000e+00
3.529965204560490434e-03
0.000000000000000000e+00
0.000000000000000000e+00
0.000000000000000000e+00
0.000000000000000000e+00
0.000000000000000000e+00
0.000000000000000000e+00
3.509079818762460626e-03
0.000000000000000000e+00
0.000000000000000000e+00
3.521131749210735379e-03
3.516767310960490067e-03
0.000000000000000000e+00
3.512018544728951613e-03
0.000000000000000000e+00
3.529921748589476532e-03
3.529196573138074396e-03
0.000000000000000000e+00
0.000000000000000000e+00
3.540566642360458427e-03
0.000000000000000000e+00
0.000000000000000000e+00
0.000000000000000000e+00
0.000000000000000000e+00
0.000000000000000000e+00
3.519618865414777566e-03
0.000000000000000000e+00
3.525197742066236029e-03
3.518941826703337987e-03
0.000000000000000000e+00
3.524535996456962163e-03
0.000000000000000000e+00
0.000000000000000000e+00
0.000000000000000000e+00
3.522929361139060227e-03
0.000000000000000000e+00
0.000000000000000000e+00
3.526057969090281956e-03
0.000000000000000000e+00
0.000000000000000000e+00
0.000000000000000000e+00
3.525771360424252536e-03
0.000000000000000000e+00
3.505439582063764326e-03
3.528943379794260808e-03
0.000000000000000000e+00
0.000000000000000000e+00
0.000000000000000000e+00
0.000000000000000000e+00
3.525050073555358477e-03
0.000000000000000000e+00
0.000000000000000000e+00
3.521492100507135799e-03
0.000000000000000000e+00
0.000000000000000000e+00
0.000000000000000000e+00
0.000000000000000000e+00
3.522326809875328361e-03
3.511398746681984248e-03
0.000000000000000000e+00
0.000000000000000000e+00
3.514970426009204982e-03
0.000000000000000000e+00
0.000000000000000000e+00
0.000000000000000000e+00
3.523402663481031098e-03
3.527864453538322263e-03
0.000000000000000000e+00
0.000000000000000000e+00
3.526643205324718911e-03
3.520123359545516625e-03
0.000000000000000000e+00
3.526649531164684475e-03
0.000000000000000000e+00
3.524384565281193146e-03
0.000000000000000000e+00
0.000000000000000000e+00
3.520217016141817881e-03
0.000000000000000000e+00
3.518347809577957418e-03
3.516538378103064959e-03
0.000000000000000000e+00
0.000000000000000000e+00
0.000000000000000000e+00
0.000000000000000000e+00
3.514128222669713007e-03
0.000000000000000000e+00
0.000000000000000000e+00
0.000000000000000000e+00
0.000000000000000000e+00
0.000000000000000000e+00
0.000000000000000000e+00
3.519631042329148928e-03
0.000000000000000000e+00
3.518448846790152729e-03
0.000000000000000000e+00
0.000000000000000000e+00
3.526147064627897960e-03
3.521435316977578577e-03
0.000000000000000000e+00
3.518947789045225993e-03
3.513096616859297423e-03
3.522493180961816083e-03
0.000000000000000000e+00
0.000000000000000000e+00
0.000000000000000000e+00
3.516588332292056897e-03
3.527119437285228427e-03
0.000000000000000000e+00
3.510999775790274793e-03
3.528827440698606519e-03
3.515694212907367715e-03
3.515893945468421405e-03
0.000000000000000000e+00
0.000000000000000000e+00
0.000000000000000000e+00
0.000000000000000000e+00
0.000000000000000000e+00
0.000000000000000000e+00
0.000000000000000000e+00
3.516234299825365516e-03
0.000000000000000000e+00
0.000000000000000000e+00
3.527100691848611847e-03
0.000000000000000000e+00
0.000000000000000000e+00
3.525336970409318448e-03
0.000000000000000000e+00
3.524823893790099503e-03
3.523994276569557531e-03
0.000000000000000000e+00
3.530523078393797785e-03
0.000000000000000000e+00
3.517857456132122626e-03
0.000000000000000000e+00
0.000000000000000000e+00
3.532613603058337628e-03
0.000000000000000000e+00
0.000000000000000000e+00
0.000000000000000000e+00
3.525728797663593705e-03
0.000000000000000000e+00
3.508150283867284957e-03
0.000000000000000000e+00
3.521426088917154265e-03
0.000000000000000000e+00
0.000000000000000000e+00
3.527646580265780037e-03
0.000000000000000000e+00
3.516188470046179883e-03
0.000000000000000000e+00
3.514572448222009950e-03
6.699500172193568748e-01
3.518217272170291645e-03
0.000000000000000000e+00
0.000000000000000000e+00
3.511362822434600101e-03
0.000000000000000000e+00
0.000000000000000000e+00
0.000000000000000000e+00
3.514365722815329489e-03
3.526507425755226119e-03
0.000000000000000000e+00
0.000000000000000000e+00
3.520527146052226160e-03
0.000000000000000000e+00
3.528613397806126470e-03
0.000000000000000000e+00
3.530418334558534533e-03
3.514435508170607805e-03
3.515919937105810213e-03
0.000000000000000000e+00
3.508265409070954622e-03
0.000000000000000000e+00
3.513307658711066397e-03
3.513953660929524433e-03
3.522125825576006945e-03
3.524324672725595402e-03
3.514373142129954396e-03
3.519417072496249400e-03
3.511937113743730278e-03
0.000000000000000000e+00
0.000000000000000000e+00
0.000000000000000000e+00
0.000000000000000000e+00
0.000000000000000000e+00
0.000000000000000000e+00
0.000000000000000000e+00
3.518919307940705180e-03
0.000000000000000000e+00
3.520482398004930354e-03
0.000000000000000000e+00
3.526537008303300483e-03
3.517720422914870013e-03
0.000000000000000000e+00
3.525461334410179802e-03
3.508155668609813996e-03
9.708820719473986172e-01
0.000000000000000000e+00
0.000000000000000000e+00
0.000000000000000000e+00
3.509199522715349042e-03
0.000000000000000000e+00
3.519325615221917478e-03
3.520762672944282527e-03
0.000000000000000000e+00
3.489874292341375948e-03
3.521445832910094845e-03
0.000000000000000000e+00
3.520663630122122280e-03
0.000000000000000000e+00
0.000000000000000000e+00
0.000000000000000000e+00
3.523359357810562642e-03
0.000000000000000000e+00
3.519882156316177235e-03
0.000000000000000000e+00
0.000000000000000000e+00
3.512869989709981131e-03
0.000000000000000000e+00
0.000000000000000000e+00
0.000000000000000000e+00
3.524057194174456172e-03
3.526617549574507984e-03
0.000000000000000000e+00
0.000000000000000000e+00
3.513983114127144404e-03
0.000000000000000000e+00
0.000000000000000000e+00
0.000000000000000000e+00
3.519285728240828352e-03
0.000000000000000000e+00
0.000000000000000000e+00
0.000000000000000000e+00
0.000000000000000000e+00
3.530245555519496287e-03
0.000000000000000000e+00
0.000000000000000000e+00
3.519607636319960382e-03
3.514495800439346607e-03
8.202889021503385614e-01
0.000000000000000000e+00
0.000000000000000000e+00
0.000000000000000000e+00
0.000000000000000000e+00
0.000000000000000000e+00
3.525845692473798462e-03
0.000000000000000000e+00
0.000000000000000000e+00
3.527029983976802917e-03
0.000000000000000000e+00
0.000000000000000000e+00
3.530317094532730432e-03
0.000000000000000000e+00
0.000000000000000000e+00
0.000000000000000000e+00
0.000000000000000000e+00
3.519567088851597875e-03
0.000000000000000000e+00
3.518529867606011181e-03
0.000000000000000000e+00
3.507532134409358914e-03
0.000000000000000000e+00
0.000000000000000000e+00
3.519859528350945642e-03
0.000000000000000000e+00
3.517404618542677164e-03
3.525581078146239333e-03
0.000000000000000000e+00
3.212868568260636437e-02
0.000000000000000000e+00
0.000000000000000000e+00
0.000000000000000000e+00
0.000000000000000000e+00
0.000000000000000000e+00
3.520285641476431169e-03
3.512506309265722281e-03
3.518892934088118079e-03
0.000000000000000000e+00
3.530052731231749733e-03
0.000000000000000000e+00
0.000000000000000000e+00
0.000000000000000000e+00
0.000000000000000000e+00
0.000000000000000000e+00
0.000000000000000000e+00
3.523611417281777985e-03
3.520355790727829320e-03
0.000000000000000000e+00
0.000000000000000000e+00
0.000000000000000000e+00
3.519371765746087937e-03
0.000000000000000000e+00
3.520573725722346732e-03
0.000000000000000000e+00
0.000000000000000000e+00
3.525983038194849956e-03
0.000000000000000000e+00
0.000000000000000000e+00
3.518386121235572012e-03
0.000000000000000000e+00
0.000000000000000000e+00
3.527341234686200838e-03
3.529435704947128487e-03
0.000000000000000000e+00
3.524539508829781839e-03
0.000000000000000000e+00
3.511449336903293712e-03
0.000000000000000000e+00
3.523300101315970847e-03
0.000000000000000000e+00
0.000000000000000000e+00
0.000000000000000000e+00
3.522677703266950417e-03
0.000000000000000000e+00
0.000000000000000000e+00
0.000000000000000000e+00
0.000000000000000000e+00
3.523914256640644886e-03
0.000000000000000000e+00
0.000000000000000000e+00
3.528138533510596486e-03
0.000000000000000000e+00
3.533262416354235498e-03
0.000000000000000000e+00
0.000000000000000000e+00
