4.547886004931321891e-01
7.682248087430499917e-01
7.683159819400162682e-01
7.682612968365006845e-01
7.682457349109191869e-01
7.682316978074559266e-01
7.683363637848195093e-01
7.682417804746765055e-01
7.682516197442030847e-01
4.459985222493166312e-01
7.682396358953044180e-01
4.506043795077649960e-01
4.344012494081170850e-01
7.681416397805077567e-01
4.335593456675709834e-01
4.349433763439424228e-01
7.682817363046210435e-01
7.683005805918448061e-01
7.682762147651613915e-01
6.409289782292678650e-01
7.682549730923201592e-01
6.464092850656311118e-01
7.682905434442306447e-01
4.394483669859833297e-01
4.351018497784670536e-01
4.341518496775058078e-01
7.682745308505050108e-01
4.344511006403385389e-01
7.682831973348235310e-01
6.893103862950050731e-01
7.682155659723957086e-01
6.906513318396436674e-01
4.324847273466709274e-01
7.682560482870524066e-01
4.346721918708050247e-01
7.682742630778922610e-01
7.683931159201586869e-01
4.564146600790920383e-01
4.332323939279736358e-01
4.399442522831083502e-01
4.237026386542231404e-01
4.348697558800454499e-01
7.682323640789778807e-01
7.682489306055557687e-01
4.338616213895005735e-01
7.682624947221224909e-01
4.343711582454652942e-01
7.682246643208390235e-01
7.682390990279219789e-01
4.409033690026221697e-01
7.682463634660875451e-01
4.331542005623366109e-01
4.349115214445903876e-01
7.682589420603839203e-01
4.568958555870223925e-01
7.682717909055826189e-01
7.683427317448160432e-01
7.682703016711663890e-01
4.331194443319347220e-01
7.682090003153283497e-01
7.682135313215384675e-01
6.590443201165944176e-01
5.043316683880987306e-01
7.682050338619376140e-01
3.289566885180933986e-01
7.682727349396727412e-01
5.533221863418077424e-01
7.682644968283278697e-01
5.800329411362044052e-01
4.466141828116279577e-01
8.887741814941349516e-02
7.683018658978097992e-01
7.682589766358183248e-01
7.682717562072182149e-01
4.333301998487854578e-01
7.682506872245996599e-01
7.682374573784216398e-01
4.330435671456245861e-01
4.335571208888823191e-01
4.344283312683955289e-01
7.682259943217135678e-01
7.682392103827802021e-01
4.344645465559683895e-01
4.343121127639911205e-01
4.373829828937578768e-01
7.682486102568163444e-01
7.682014073737671866e-01
4.342271241458242614e-01
7.682062276759885622e-01
4.304617425651729445e-01
7.682594566565705829e-01
7.682841182938221491e-01
7.682262734532794290e-01
4.366076132175741864e-01
4.349095488031729517e-01
4.213086971272986259e-01
4.350525654615089444e-01
7.682334535511821105e-01
7.687671329816792021e-01
4.343451231694434589e-01
7.682648231787208015e-01
7.152898294992033890e-01
7.682601536740688575e-01
7.682565306407954653e-01
4.324024262606401825e-01
5.648951565798357999e-01
7.683554634469860201e-01
7.682263281064377614e-01
4.343928662042074174e-01
7.682685603978757216e-01
3.444887170948513488e-01
4.356577750179042030e-01
4.343322552849719909e-01
7.682345290135883520e-01
7.683162287193928686e-01
7.682595684598505503e-01
4.346260354166706641e-01
4.294543804881783000e-01
7.682683472818960801e-01
4.342717774183149637e-01
4.313900630533875069e-01
7.683218175984305454e-01
7.682198252243472858e-01
7.688996365007707556e-01
4.344135991430223553e-01
4.350538659733441671e-01
7.682782365610674180e-01
5.061962788722083051e-01
7.682376016096860161e-01
7.602008737621250845e-01
4.351044809532498281e-01
4.549713490434234564e-01
7.682510555317839662e-01
4.352800149238033045e-01
7.682786574859759021e-01
7.682495023365587539e-01
7.682885852657054260e-01
4.459225748368627062e-01
7.682423796410933203e-01
7.682574586180441756e-01
4.344088467717613367e-01
7.682603257000071295e-01
4.302008847809716263e-01
4.346210344370452505e-01
7.683837958816875924e-01
7.708958503436701415e-01
7.682874187155093182e-01
4.393435434440820520e-01
7.683066805818089540e-01
4.344283294876918333e-01
4.359386471704965738e-01
4.313616238209256326e-01
4.185481205235972446e-01
7.682553685631793305e-01
7.682712201533882235e-01
7.682738319516961845e-01
4.345068474473111619e-01
7.683550208551803706e-01
4.420380851619013507e-01
7.682638389399766288e-01
7.682528724185837543e-01
7.682888049846083867e-01
8.428410344734453830e-01
7.682375450825789098e-01
3.868637047782966243e-01
7.682855332300803086e-01
7.682026642223062085e-01
4.341195784718893669e-01
7.684926974789754173e-01
7.682550903171605494e-01
7.682445106820319225e-01
7.682410541032765883e-01
4.350659530055131508e-01
7.682864208545125972e-01
4.341859412191201306e-01
7.011436963746595641e-01
2.258435641459624887e-01
7.683232262518805422e-01
4.344545417800137477e-01
7.682637816089096239e-01
4.087072003044069368e-01
7.682449757345528596e-01
7.682706558931264862e-01
7.682824296917347695e-01
4.467049485543714837e-01
7.682851496876487163e-01
7.682761256016790163e-01
7.683118915990454489e-01
7.682781499758317700e-01
2.848474432489996322e-01
4.382750656378017751e-01
4.341166458681093299e-01
7.682643438770767608e-01
7.682704224899329359e-01
7.682028785581395125e-01
7.682686896951838040e-01
7.682453120213238451e-01
7.692830394599178279e-01
7.682031242477526112e-01
4.344445195036666374e-01
7.682178248289837086e-01
7.682469675832911404e-01
7.682019011553715693e-01
7.682676100367211713e-01
7.682776731815955662e-01
7.682458278288220033e-01
7.682694441263439034e-01
7.682952670979702470e-01
7.682359301911499960e-01
7.682802495552498723e-01
7.682051559937755902e-01
7.682761328579064131e-01
4.547694812640814543e-01
7.682951783062135220e-01
7.683101483238792273e-01
7.682432638100015199e-01
7.703913555242112299e-01
7.708194567788348994e-01
7.682685875681288801e-01
7.683588076670746503e-01
7.682643857845010693e-01
7.682329920307819915e-01
7.682611924674168646e-01
4.339779749551618826e-01
7.682713129925349271e-01
7.688893248119637036e-01
7.682666929898205321e-01
7.683945319724949652e-01
7.682749181871555422e-01
7.622531537689423153e-01
4.352262645873486990e-01
4.329295514774119114e-01
7.683169543674686075e-01
4.343911187149522291e-01
4.696560594421221868e-01
7.682388991835081837e-01
7.682359826337823439e-01
7.680600636943971660e-01
7.682812260240604596e-01
8.724701931207042849e-01
7.682614439648617344e-01
7.682569079703063242e-01
7.688365440750517532e-01
7.682159154176853022e-01
7.682137854294224244e-01
7.682342993191456637e-01
4.346341690343991648e-01
7.682759974594470798e-01
4.616697312394968389e-01
7.689181544252017275e-01
7.682312279202819782e-01
7.682019858072698382e-01
7.682681191421144584e-01
4.347056799005950545e-01
7.682281468471948704e-01
4.341895886692034856e-01
7.682731958288969709e-01
7.682142560827303068e-01
7.682240699296536413e-01
7.682556787428471701e-01
7.683228055059621031e-01
7.683723737039036550e-01
4.410596850143537750e-01
7.682444639243675155e-01
7.682053010826861428e-01
4.345949137035822751e-01
7.682467080816974825e-01
7.691626696860985879e-01
7.682698802957317330e-01
7.682689178554451548e-01
4.343439655623674844e-01
7.682127093878819979e-01
4.748005794504326360e-01
7.682730409646667535e-01
7.682378444233400883e-01
7.683072272307012174e-01
7.682816559732594808e-01
7.682351413860496470e-01
7.683840933153924802e-01
7.682770572772621431e-01
7.682045955467745602e-01
7.682766160396042876e-01
4.343755664712221631e-01
7.682563803139835779e-01
7.682490344425247919e-01
4.343254650209941725e-01
4.308337040366432835e-01
7.682221896091012692e-01
7.683724897026042999e-01
7.749852991935525237e-01
7.682901423709038724e-01
4.350439585213849436e-01
7.682148564860318274e-01
4.341919391201603529e-01
4.755617623633338620e-01
4.342994158314884556e-01
7.682398920238098228e-01
7.684011214974326709e-01
7.682691100553808994e-01
4.342550851291077096e-01
4.345552790161631429e-01
4.435097137329683248e-01
6.409258076991801722e-01
7.682403594213501608e-01
7.682027669559452487e-01
7.682429830232307966e-01
7.708373685511475948e-01
7.682889712949534378e-01
7.682478695889134457e-01
7.682812563370784442e-01
4.360937501241755054e-01
4.343061873593344613e-01
7.682675314193606608e-01
4.343085400243136274e-01
4.339610920704572994e-01
7.682306148730100315e-01
4.328031297490444462e-01
7.683126278062868408e-01
7.682382760324881765e-01
4.344367468080045924e-01
4.339887874089026765e-01
7.682268843914468182e-01
7.682680942427564386e-01
7.698967724609404595e-01
7.682429543405906447e-01
7.683389582225053083e-01
7.682532642330036632e-01
4.459420161397462112e-01
1.013435504100455159e-01
4.348976078448188454e-01
7.682107985398768379e-01
1.013508525959551099e-01
7.688704751006132376e-01
7.682341827048182470e-01
7.682672162999867327e-01
7.682770199582311665e-01
7.682613385155820929e-01
4.349936738171518713e-01
7.682125883494983487e-01
7.682166927635324383e-01
7.682157294222209387e-01
7.682500320931093807e-01
7.682597128223499494e-01
7.682529195677366696e-01
7.439025085815083038e-01
7.682759583700349282e-01
7.682042791531311643e-01
6.386909367189265163e-01
4.342141336099733517e-01
7.682462549759501158e-01
4.435858360885466811e-01
7.683155037454901803e-01
7.682318857655814348e-01
7.683139290427667412e-01
4.385029501521326423e-01
7.682642266001314946e-01
7.682161459615879373e-01
7.682789626617526624e-01
7.682430027872831912e-01
4.321710789923592921e-01
1.901975681330523027e-01
7.682760232795443622e-01
7.682586675481684058e-01
4.371328325656355096e-01
4.340770244625869467e-01
4.336211707996008302e-01
7.682894241328023233e-01
7.354409607894578649e-01
4.178548385529819997e-01
7.682309297811820148e-01
7.682747682585376880e-01
7.683010509429856194e-01
4.344964889761064875e-01
7.682438628261321067e-01
4.561927881708802146e-01
7.682877833928809519e-01
7.682384591324368239e-01
7.682708466054535279e-01
7.677194665183773026e-01
4.371261972592554446e-01
7.682399999209762465e-01
4.351851977027421103e-01
4.345023195044823150e-01
4.156047681547002104e-01
7.682139247796886394e-01
4.661197549586610922e-01
4.415126884087279269e-01
4.490870708487045282e-01
4.342352853017521497e-01
7.682257766747833116e-01
7.682732934094916866e-01
7.682047391804643910e-01
4.038764524424524605e-01
4.346880214891528094e-01
4.513715154735061796e-01
4.342325276822355251e-01
7.682747278326922391e-01
7.680032114728189141e-01
7.682323097946933688e-01
5.241439586313464440e-03
7.682517789631106986e-01
4.343134552619087319e-01
4.319130254807698743e-01
4.289701813873930125e-01
4.343191269164324297e-01
6.178826236387076065e-01
4.342477979091283746e-01
4.342820629585668613e-01
7.682540110004520972e-01
4.584419543617214154e-01
4.633567422517420042e-01
7.682744522245248397e-01
7.682715667007342653e-01
7.682053442778804531e-01
3.990571497216138241e-01
4.341746483559417169e-01
7.683115987332896912e-01
4.353481695855794253e-01
7.682719834444388107e-01
4.315339566120968140e-01
7.682487480815309855e-01
7.682139505223699594e-01
7.682596819768678920e-01
4.338534112897199924e-01
6.309072336528116498e-01
4.343945803311823339e-01
7.694491681577795283e-01
7.682868770123850721e-01
7.683091002073231257e-01
7.682981893542859542e-01
4.506062358884327379e-01
7.683194446841259406e-01
7.682714528487001315e-01
7.683162136260250907e-01
7.682449637159237676e-01
