1.098472148455710215e-02
1.110026037008844321e-02
1.110681681628477094e-02
1.098659485468476971e-02
1.110524853376661757e-02
1.109592086842403971e-02
1.098531466486133736e-02
8.429047623037836390e-01
8.428854238954246458e-01
1.109640720835571893e-02
0.000000000000000000e+00
0.000000000000000000e+00
1.098096090440863967e-02
1.109332545634083601e-02
1.111029439575550101e-02
1.110877798494332505e-02
1.109642625211285788e-02
1.110242783997250106e-02
1.110572988992750663e-02
1.098487615596636414e-02
1.098928937039190049e-02
1.098574182482266702e-02
1.110598649460021667e-02
1.098639530611676511e-02
0.000000000000000000e+00
1.098286516563461677e-02
1.099311701317227594e-02
1.109819519885712341e-02
1.098561392199119517e-02
1.098871374757709983e-02
1.110945828978968618e-02
1.109979864014424764e-02
1.110842601610253361e-02
1.098597613499498540e-02
1.100721072935184792e-02
1.098889599603640119e-02
1.110971154365173602e-02
1.098954609406498605e-02
0.000000000000000000e+00
1.109793503175269397e-02
8.429076355360237693e-01
1.109028827880534536e-02
1.098510465324207576e-02
1.098094209445688203e-02
1.110643924381524844e-02
1.098610721435022697e-02
0.000000000000000000e+00
0.000000000000000000e+00
1.107731348371296387e-02
0.000000000000000000e+00
1.098383762114945456e-02
1.110295489409685900e-02
8.429155159237884387e-01
1.110588442615742868e-02
1.098940132403372627e-02
1.110398253701075540e-02
1.110049464376637596e-02
1.109573565452611973e-02
1.098185494834842159e-02
1.098452669590588120e-02
1.098734992205097592e-02
1.098953640939052782e-02
1.110580796483596859e-02
1.098975736930513959e-02
1.110549262516107548e-02
8.428663928629780422e-01
1.110913603855587933e-02
1.098999424683435970e-02
1.098836720165249393e-02
1.110757573969175030e-02
0.000000000000000000e+00
1.110626392428490719e-02
1.111188609600938237e-02
1.097933431004295343e-02
1.110651414583194857e-02
1.098083729780229695e-02
1.110415437445952738e-02
1.110413693973193172e-02
1.110402193621280384e-02
1.098061757380892726e-02
1.098964022665327271e-02
1.110810044791342779e-02
1.099416113634304852e-02
1.108166651833107814e-02
1.110506381888198835e-02
1.098823052896657528e-02
1.098266520692161956e-02
1.099314161067085037e-02
1.109692201811750788e-02
8.429075546288899989e-01
1.110391167822688714e-02
1.098613784533907130e-02
1.098023504560315805e-02
1.111268356981193542e-02
1.110647791592558539e-02
1.101890708533845298e-02
1.110686241397150151e-02
1.109598480376292398e-02
1.097706602195538082e-02
1.098363117926991726e-02
1.098984113360826353e-02
1.098284174341574056e-02
1.098634821054720115e-02
1.098253684261873281e-02
1.109232962031072439e-02
8.429236861969657824e-01
1.099396719764997137e-02
1.098063593044986547e-02
1.098082965478332229e-02
1.098832078341686717e-02
1.110270145360943601e-02
1.098222431386317380e-02
1.098921569446228985e-02
1.099478829049459379e-02
1.099024135276493661e-02
1.098245232398519129e-02
1.098543448837272646e-02
1.098171593003585342e-02
1.097862035274687828e-02
1.110364576775456705e-02
1.110171787084876342e-02
1.108092945051740962e-02
1.109743932725086590e-02
1.099342731096068781e-02
8.429039260172970227e-01
1.110289155479066668e-02
1.099047648912549781e-02
1.098347053500554719e-02
1.098395270154029109e-02
0.000000000000000000e+00
0.000000000000000000e+00
1.098389553840081224e-02
1.098747548013398988e-02
1.109833503037893458e-02
1.098843673411314600e-02
1.109670673353936772e-02
0.000000000000000000e+00
1.110417004748642279e-02
1.109517261006782475e-02
1.099273145643481046e-02
1.098154763143852942e-02
1.109488391193789655e-02
1.098088944835724778e-02
1.100721072935184792e-02
1.100721072935184792e-02
1.109577743130864963e-02
1.110564552093913117e-02
1.097754465529111358e-02
1.110368078042038749e-02
8.428891678114449615e-01
1.109934675717950785e-02
1.110183284437874125e-02
0.000000000000000000e+00
1.098806497879080586e-02
1.109452608145188555e-02
1.110100773675817831e-02
1.099713348540062689e-02
1.098018240649544820e-02
0.000000000000000000e+00
1.097963568120292714e-02
1.110849332722619633e-02
1.111067539383634242e-02
1.098447694975220913e-02
1.109558308757360723e-02
1.110713721966143964e-02
1.110258332679443447e-02
1.098372036811857272e-02
9.269370434140359327e-01
8.428881327249300170e-01
1.098136402167087210e-02
1.100721072935184792e-02
1.108294855011624294e-02
1.097916391129792092e-02
1.098206095708567989e-02
1.109753444949530127e-02
1.097905920389097983e-02
1.110194077000649718e-02
8.428809416611120486e-01
1.098491093434676713e-02
1.098954059287488363e-02
1.110820890330343341e-02
1.099226846480415645e-02
8.429007842513916993e-01
1.109270842352563444e-02
1.099204516307424745e-02
1.109817657940218201e-02
1.097800360240698027e-02
1.097396271646493976e-02
1.110646594231591046e-02
1.098381200926973854e-02
1.111852663457878893e-02
8.428994894368180280e-01
1.110230046269682254e-02
1.098095303498940016e-02
1.108969021497752637e-02
7.778019656719276087e-01
1.098919570744227338e-02
1.098821410723248987e-02
1.098236021334074441e-02
1.109387003121745097e-02
1.110374130623233840e-02
1.098521898517284406e-02
1.111041364815659564e-02
0.000000000000000000e+00
1.109858655145860504e-02
1.110834046767539100e-02
1.110061091070805792e-02
1.109669379698678161e-02
1.112553520905283123e-02
1.098748161513455474e-02
1.099116424163406290e-02
1.099278029565721460e-02
1.110802229900540068e-02
1.097797546816844418e-02
1.108437592189282471e-02
0.000000000000000000e+00
1.109852515339807520e-02
1.110027148478367857e-02
1.098105519915868952e-02
9.143867428882651582e-01
1.100721072935184792e-02
1.110100773675817831e-02
1.101562537998818266e-02
1.110290831622374151e-02
1.098615104635315871e-02
1.110173390783420096e-02
1.111229392907509168e-02
1.097779209237907151e-02
1.110126759127527327e-02
1.099785789369133251e-02
1.098609258076924805e-02
1.098633635882646960e-02
1.097900848287042264e-02
1.097998417576457122e-02
1.110487097923702586e-02
1.109691028994471383e-02
1.110200532833848994e-02
0.000000000000000000e+00
1.109558782194828425e-02
1.098916987152683163e-02
1.098265514323321958e-02
1.098527046717492732e-02
1.109778457514536999e-02
1.110673410840286139e-02
1.110415302595208972e-02
1.109799745469137490e-02
1.098651154022099209e-02
1.110177846725317330e-02
1.098770538551631891e-02
1.098546140648064794e-02
0.000000000000000000e+00
1.098133728061459306e-02
1.099017402417334574e-02
1.111028252978251731e-02
1.099147235945013498e-02
1.107882015590719652e-02
1.098142304964818718e-02
1.110200663349008958e-02
1.099401336972214219e-02
1.097914458049788558e-02
1.098892291267260062e-02
1.097951827394973330e-02
1.110253259529228598e-02
1.109909533218977201e-02
1.109808375449681216e-02
1.098211810472131227e-02
1.110768819650670945e-02
1.110225879874993278e-02
1.109866026344318371e-02
1.098026728892117880e-02
1.111264569784671530e-02
1.110591699413147199e-02
1.098377439121085881e-02
1.110777727210677558e-02
1.109760670645487841e-02
0.000000000000000000e+00
1.098848672647696062e-02
1.098579470554485876e-02
1.109772232795941740e-02
1.098130315206853093e-02
1.111144937184589676e-02
8.429115940448070887e-01
1.109575576911364832e-02
1.111480157048135367e-02
1.099588623614709479e-02
1.109606643466970466e-02
1.110368666818270685e-02
1.110700977705910038e-02
0.000000000000000000e+00
1.110776697643721389e-02
1.109542526416669103e-02
0.000000000000000000e+00
1.110021959138961928e-02
1.098093088030463634e-02
1.099051533216341241e-02
1.098888833635585857e-02
0.000000000000000000e+00
1.110649298875531973e-02
1.099326562069909662e-02
1.098372185765641995e-02
1.099669865849450812e-02
1.098448896028850034e-02
1.099285913025841062e-02
1.099112580452545757e-02
1.099841324996718092e-02
1.099009380412976564e-02
8.428935871081915110e-01
0.000000000000000000e+00
1.098814794703249775e-02
1.098290420787987123e-02
1.097856393361910064e-02
1.097802661695136510e-02
1.109924143226225131e-02
1.098842380181621996e-02
1.098566947881000032e-02
1.097693757758808585e-02
1.099046243403803413e-02
1.099358410938876783e-02
1.099384526382868842e-02
1.099458118641035050e-02
8.428951796383288286e-01
1.098955080983657871e-02
1.098138077865454254e-02
1.110432860182599367e-02
8.102760843346807906e-01
1.097812880325647021e-02
1.109902050190927220e-02
1.111052892301027731e-02
1.098755784717707004e-02
1.109445298474647304e-02
1.098674833479196776e-02
1.109511446830095151e-02
1.099498798021731304e-02
1.110428840747618683e-02
1.111095112630990436e-02
1.098289116468394860e-02
1.110944368223574369e-02
1.098647694798532415e-02
1.098796777546554547e-02
1.110336915854526554e-02
0.000000000000000000e+00
8.429133104565831314e-01
1.110499174798643997e-02
1.111086686532754622e-02
1.110198502728069331e-02
1.110280301898276117e-02
1.110042290055707204e-02
1.110405009736452862e-02
1.098492591456438905e-02
1.110002899737157905e-02
1.111038031327128174e-02
1.109950251977603712e-02
1.111261324739025447e-02
0.000000000000000000e+00
0.000000000000000000e+00
1.098702999903654158e-02
0.000000000000000000e+00
1.098478870510428626e-02
1.109805533607069461e-02
1.097576938286721690e-02
1.097966672102354720e-02
9.143978550239815206e-01
0.000000000000000000e+00
1.099211029582687627e-02
0.000000000000000000e+00
1.098346475870558628e-02
1.099373101633329720e-02
1.098559909067441977e-02
1.109431103507974373e-02
1.099041095902199110e-02
1.098053719806467952e-02
1.107882015590719652e-02
1.098391746867546752e-02
1.098840901780717000e-02
1.098324615255827884e-02
1.110339070448437999e-02
1.099197266443624477e-02
1.099052940521073017e-02
1.098841377453217173e-02
1.110763238721291547e-02
1.106265042532277726e-02
1.111180012789764367e-02
1.110348377847599800e-02
1.098390823048538481e-02
1.110760293201915223e-02
1.111449201531625706e-02
1.098956044988162392e-02
1.098358511246385998e-02
1.111038904874536194e-02
1.110282221527613029e-02
1.099306645224609746e-02
8.428973547411766631e-01
1.109301021334112639e-02
1.098020936797580206e-02
8.428935871081915110e-01
1.110294613316046772e-02
1.098093171278815249e-02
1.097988503239604244e-02
1.098146800933628812e-02
1.109351225224001862e-02
1.099348333025847689e-02
1.110111957254811786e-02
1.098245479638267942e-02
1.110760629577355225e-02
1.110042628354716322e-02
1.110103193040023507e-02
1.099631296512003018e-02
1.110880444154269293e-02
1.098891129018303089e-02
1.110303574456631727e-02
1.109289950841051142e-02
0.000000000000000000e+00
1.109872435826498790e-02
1.098978599207827214e-02
1.109504088757924146e-02
1.098760226135059304e-02
1.098662166374694306e-02
1.099342515758734359e-02
1.097400124326650822e-02
0.000000000000000000e+00
1.098723780733548705e-02
1.109719611639157014e-02
1.099230217691347933e-02
1.109898394051663136e-02
1.098189935102116335e-02
1.111937153583172910e-02
1.101319679892455612e-02
0.000000000000000000e+00
1.098387242258247118e-02
1.098745322765383274e-02
1.110085697391034049e-02
1.109848298402736112e-02
1.098073139900994019e-02
0.000000000000000000e+00
0.000000000000000000e+00
1.109483847419015165e-02
1.109514280870282574e-02
1.110780891480779575e-02
1.109588819921891387e-02
1.098124551784929528e-02
