1.918569585672529748e-02
9.861826114742811011e-01
9.861857184933130460e-01
9.861843634775471212e-01
9.861930086264285578e-01
9.861866536647422299e-01
9.861906200173481407e-01
9.861875852691178723e-01
9.861909710642398075e-01
1.921524204310000664e-02
9.861972070524799294e-01
0.000000000000000000e+00
1.918141372112096288e-02
9.861933358728723897e-01
1.918447686536772084e-02
1.918185519832788302e-02
9.861911772943612320e-01
9.862001803041866577e-01
9.861852824807729734e-01
9.862145724343478470e-01
9.861886894421247884e-01
9.862120989418127204e-01
9.861920751036681310e-01
1.917764185366513038e-02
1.916858569008926538e-02
1.917601706818704982e-02
9.861961442331997896e-01
1.918119279990089521e-02
9.861911170954101857e-01
9.862055857194338415e-01
9.861970492309978242e-01
1.914716433535898141e-02
1.917702656947085568e-02
9.862064388463874787e-01
1.918533195490986290e-02
9.861830349954370245e-01
9.861893915398296517e-01
1.918130514507677270e-02
1.917562871540871849e-02
1.917671757148030690e-02
1.918360617547568148e-02
1.918179895134796906e-02
9.861945769155114894e-01
9.861844843637558311e-01
1.917591638340933324e-02
9.861947739960434944e-01
1.917841889402090855e-02
9.862003476703812277e-01
9.861815565089377955e-01
1.916585117550816120e-02
9.861884541107170943e-01
1.918290309454608739e-02
1.917559721661584241e-02
9.861958332654678916e-01
0.000000000000000000e+00
9.861894347756842150e-01
9.861960517548984395e-01
9.861855604746732062e-01
1.917612081668016236e-02
9.861908860864903037e-01
9.861859542109726595e-01
9.861956293472428081e-01
1.917471455147053833e-02
9.861943740994492114e-01
1.915547234793879908e-02
9.861827202209464405e-01
1.919017554641100007e-02
9.861881442886565319e-01
1.916623315853220946e-02
1.917221870884549401e-02
0.000000000000000000e+00
9.861926812114630847e-01
9.861876404152647435e-01
9.861893413410162124e-01
1.918426128629796210e-02
9.861873921185458913e-01
9.861878276596561799e-01
1.917355195818504568e-02
1.917794260640360779e-02
1.916926545856966965e-02
9.861921356764791202e-01
9.861954099510668037e-01
1.918400505255911034e-02
1.917334151713243062e-02
1.917818194347232358e-02
9.861996954535172666e-01
9.861937534099370906e-01
0.000000000000000000e+00
9.862013351477529888e-01
1.917845437658649566e-02
9.861876903780862902e-01
9.861835433131083128e-01
9.861837468063419099e-01
1.916899804707377850e-02
1.919972493197847491e-02
0.000000000000000000e+00
1.917759899890859182e-02
9.861839542784655022e-01
9.861913288015814461e-01
1.918178492747432684e-02
9.861858463602010128e-01
9.861912128567317248e-01
9.861909507995620938e-01
9.861940281683112541e-01
1.917660856800966138e-02
1.918627238670101917e-02
9.861838162780366401e-01
9.861909919115879886e-01
1.918162397363210384e-02
9.862051497800448097e-01
1.917815888183309336e-02
1.917578972061717568e-02
1.917454423714194667e-02
9.861886862644140272e-01
9.862007775176947488e-01
9.861853881816652345e-01
1.918155010528490440e-02
1.917796807805676948e-02
9.861990249166503464e-01
1.918768146723721577e-02
1.918431018529181964e-02
9.861961986207230524e-01
9.861859618266521910e-01
9.861852220299562877e-01
1.917849942681346467e-02
1.917462606130764663e-02
9.861892143358625962e-01
1.915590522116347380e-02
9.861964625747927649e-01
9.861962689283803041e-01
0.000000000000000000e+00
1.917773204233912815e-02
9.861873064569031122e-01
1.918450211336808833e-02
9.861922995394679647e-01
9.861932409881007944e-01
9.861987227925855803e-01
1.917850699145166524e-02
9.861944385754632947e-01
9.861852946717003521e-01
1.918637486802262163e-02
9.861943014339297209e-01
1.918113125697310656e-02
1.917576338476120398e-02
9.861986008840414319e-01
9.861944986479663777e-01
0.000000000000000000e+00
1.916823000071473174e-02
9.861836115156249472e-01
1.918549256311683632e-02
1.918372955011563713e-02
1.917284079575775485e-02
1.918289576342228214e-02
9.861946460806664261e-01
9.861857406865410791e-01
9.861827859533889296e-01
1.917666390471038998e-02
9.861877404692869220e-01
0.000000000000000000e+00
9.861841836066926881e-01
9.861865837992719319e-01
9.861861990107834153e-01
9.862141279465178600e-01
9.861941960712512500e-01
1.920056589829698818e-02
9.861918460706570189e-01
9.861843649112580490e-01
1.917036680523084846e-02
9.862009225062360329e-01
9.861866541810929698e-01
9.861915798508752440e-01
9.861912966337094133e-01
1.916734786783513139e-02
9.861871835594085978e-01
1.917879955979227141e-02
9.861891624803370560e-01
0.000000000000000000e+00
9.861849302902133685e-01
1.918326200861501449e-02
9.861809352125585626e-01
1.917167967803762307e-02
9.861878949541483808e-01
9.861916008499129749e-01
9.861811184434184918e-01
1.917756143134603103e-02
9.861923723478706050e-01
9.861852017530499115e-01
9.861825262619268173e-01
9.861977506412210603e-01
9.861654783733465601e-01
1.917727603909208725e-02
1.917802764961809570e-02
9.861853120732045896e-01
9.861915204322023731e-01
9.861908933973387859e-01
9.861982664920833086e-01
9.861869498435958947e-01
9.861877887347919591e-01
9.861900529242020319e-01
1.918084591947061268e-02
9.861845923659037227e-01
9.861854283640547614e-01
9.861847263516487772e-01
9.861875879979478121e-01
9.861936909383254291e-01
9.861852340156330721e-01
9.861943619808328787e-01
9.861938981548038496e-01
9.861963494779055761e-01
9.861823396253428520e-01
9.861921232140393734e-01
9.861930226617281470e-01
1.917203667658336219e-02
9.861858542938825023e-01
9.861958626544261586e-01
9.861931669620458418e-01
6.064459605120888636e-02
2.648803497919910519e-03
9.862004285883090304e-01
9.861833872065233209e-01
9.861846935412451609e-01
9.861834345504856270e-01
9.861936120746912504e-01
1.918623496643995230e-02
9.861957337810922652e-01
9.861943427599694223e-01
9.861918402380512871e-01
9.861856994097522033e-01
9.861889948235040837e-01
9.861890931925056947e-01
1.916795151418529408e-02
1.917812383583012217e-02
9.861878405607276132e-01
1.917287380146905432e-02
1.917374501278107379e-02
9.861835607248659041e-01
9.861843604112170425e-01
0.000000000000000000e+00
9.861918152041427854e-01
1.684575124131918178e-01
9.861903704541553628e-01
9.861893999890161133e-01
9.861919696473795405e-01
9.861901803817499923e-01
9.861871213052312291e-01
9.861882320317083561e-01
1.917257414505182250e-02
9.862014335498286988e-01
1.917379078790791211e-02
9.861884364554800442e-01
9.861916615273867981e-01
9.861854577954898282e-01
9.861877461357486663e-01
1.918428284618784244e-02
9.861844649860475043e-01
1.917396742072668622e-02
9.861907721824533235e-01
9.861932201881177251e-01
9.861927887799082360e-01
9.861840069238235751e-01
9.861851964468216769e-01
9.861873585054746760e-01
1.918418286006934662e-02
9.861929387596876095e-01
9.861886510785676796e-01
1.918677006289853937e-02
9.861866469160909254e-01
9.861956651066082769e-01
9.861937390172109685e-01
9.861869927220289211e-01
1.919441095936157485e-02
9.861829134414077380e-01
1.918507668269032324e-02
9.861913039736089903e-01
9.861911119564656936e-01
9.861916134928173649e-01
9.861796172033383545e-01
9.861872695710700576e-01
9.861910518352708932e-01
9.861897884249580803e-01
9.861924007839253381e-01
9.861860696723688813e-01
1.917775878619991728e-02
9.861830678562311103e-01
9.861944699088656119e-01
1.918459114991226747e-02
1.917134043229775514e-02
9.861830858385406406e-01
9.861951702679438991e-01
9.675506126815551500e-02
9.861836393495986286e-01
1.917876718430161845e-02
9.861867709352236666e-01
1.917502556885470125e-02
1.919867933024924436e-02
1.918223967156739568e-02
9.861823090100357847e-01
9.861790123579813327e-01
9.861962402959646434e-01
0.000000000000000000e+00
1.918282956866752126e-02
1.916351210459536422e-02
0.000000000000000000e+00
9.861948076333758584e-01
9.861864913049556147e-01
9.861968472644456751e-01
1.207238607109841211e-01
9.861898479401550732e-01
9.861909557620707201e-01
9.861972658161358707e-01
1.916939208379840609e-02
1.917850997368691218e-02
9.861943151001724139e-01
1.918026063334393044e-02
1.917354997492362254e-02
9.861909480898973790e-01
1.917855886533366763e-02
9.862002958925265572e-01
9.861916013944601600e-01
1.918513444582797475e-02
1.918240313219637602e-02
9.861901250125059137e-01
9.861902290794358761e-01
9.861797523599333815e-01
9.861932460480954399e-01
9.861986899947430274e-01
9.861846066068612471e-01
1.918381963060716844e-02
9.862285857388576327e-01
1.917674739441651427e-02
9.861930826461583477e-01
0.000000000000000000e+00
9.861899762027901417e-01
9.861831141205408269e-01
9.861927943932560225e-01
9.861874704886864906e-01
9.861900602257400728e-01
1.917879533101321879e-02
9.861837038080772944e-01
9.861940836607884231e-01
9.861935787394602304e-01
9.861919757272488152e-01
9.861846348674414564e-01
9.861932910017360276e-01
9.862040379200242013e-01
9.861833635010313071e-01
9.861971127469183473e-01
9.861943564099654447e-01
1.917597062771305219e-02
9.861971351866051227e-01
1.918844957643304344e-02
9.861988609908265424e-01
9.861926056641147076e-01
9.861848957663721382e-01
1.916854025496197642e-02
9.861908865810847802e-01
9.861962814047254833e-01
9.861820606484152929e-01
9.861912776677181913e-01
1.918732825931004568e-02
9.862222227975633304e-01
9.861916497085045918e-01
9.861937678816579123e-01
1.918617798009647143e-02
1.917698520345371971e-02
1.918677174921812334e-02
9.861977656185140217e-01
9.861944780736466853e-01
1.919246248015087780e-02
9.861920153608026984e-01
9.861843966787248172e-01
9.861853354370966329e-01
1.917840277919928213e-02
9.861829648815603200e-01
1.916555846545768202e-02
9.861970171139695651e-01
9.861944674124064614e-01
9.861961399656876681e-01
9.861895864589023120e-01
1.917972149248325930e-02
9.861843608877947087e-01
1.917449130690192238e-02
1.918230284648875239e-02
0.000000000000000000e+00
9.861944090993122192e-01
0.000000000000000000e+00
0.000000000000000000e+00
1.915003070163173379e-02
1.917338843883734448e-02
9.861842306960748594e-01
9.861913097638961290e-01
9.861900674879776618e-01
1.916527972161270396e-02
1.917651050994294629e-02
1.915641223243655378e-02
1.917970023584554887e-02
9.861898093350476291e-01
9.861947997412132683e-01
9.861827702879701896e-01
9.862145239069243230e-01
9.861966618371471593e-01
1.918690680621193412e-02
1.918529570089274813e-02
1.916974981792068933e-02
1.917704381662859239e-02
9.862049799330101507e-01
1.918754004412654562e-02
1.917280109778584166e-02
9.861883471061471118e-01
1.918494502163741941e-02
1.919126022331974976e-02
9.861868513044147466e-01
9.861853136973131040e-01
9.861882954782884569e-01
1.918858748970721576e-02
1.918019531323997967e-02
9.861830595776885922e-01
1.917292817810783631e-02
9.861947310380616560e-01
1.917977589859866383e-02
9.861991688666261746e-01
9.861918747003637353e-01
0.000000000000000000e+00
1.917315556328832993e-02
9.862053166633332202e-01
1.918273440805209548e-02
9.862001834235837316e-01
9.861920249803918237e-01
9.861842883032008178e-01
9.861884110965838390e-01
1.918062299036714727e-02
9.861934308150364092e-01
9.861848357977176516e-01
9.861779767231930727e-01
9.861854192974085498e-01
