9.620524020724947611e-01
9.821683428323160214e-01
9.821755647014741575e-01
9.821699220433345312e-01
9.821641304535145833e-01
9.821628112409688249e-01
9.821734883135526673e-01
9.821727370357704601e-01
9.821697625189107494e-01
9.698296283266115703e-01
9.821664400780637516e-01
0.000000000000000000e+00
5.848307712948306453e-02
9.821652806108703837e-01
5.047577232239467554e-02
4.555985876478471641e-02
9.821693570161214026e-01
9.821695158768464218e-01
9.821654231473682106e-01
9.648467220238601261e-01
9.821662001566343614e-01
9.679333965505191317e-01
9.821631558344960933e-01
2.313989450937231976e-02
5.472403475619189855e-02
6.539288655387787141e-02
9.821628864284305260e-01
5.055210459186918609e-02
9.821627004195586652e-01
9.805163898961448687e-01
9.821625207930079204e-01
9.852998586996656316e-01
3.733107829885178031e-02
9.821746540583222718e-01
5.772812287149974020e-02
9.821644104799407415e-01
9.821673209331205356e-01
9.617776246842418830e-01
3.957251395601637384e-02
2.993904490423846682e-02
4.664052736645800668e-01
4.173582623482865323e-02
9.821618663978894936e-01
9.821616918122576534e-01
4.746283493771291662e-02
9.821721320569882785e-01
4.428317583180239186e-02
9.821606797494788488e-01
9.821661400708936451e-01
3.695346978828201179e-02
9.821643271907735118e-01
4.880020238334291383e-02
1.873900585946063624e-01
9.821592366996518830e-01
0.000000000000000000e+00
9.821695539934723884e-01
9.821756755242344594e-01
9.821710750142644830e-01
5.232811622286437370e-02
9.821729660697385844e-01
9.821676708448194848e-01
9.829274934453724466e-01
9.028555330229123266e-01
9.821677579023224691e-01
2.234937471918154242e-02
9.821673222033161510e-01
9.603147734463214347e-01
9.821685415484171511e-01
9.801802729349895493e-01
2.796184258605539236e-02
0.000000000000000000e+00
9.821676108075829692e-01
9.821620207235594036e-01
9.821655335893824113e-01
1.452119450694830220e-02
9.821661485469952435e-01
9.821643076590518273e-01
4.623930647327569032e-02
4.887622057754515414e-01
4.761633127766491669e-02
9.821619286992023801e-01
9.821704031711138150e-01
4.648361076160011096e-02
4.026041345228908996e-02
5.603941754002121460e-03
9.821633693027870260e-01
9.821711087441118426e-01
0.000000000000000000e+00
9.821620101212249487e-01
4.186015084189080582e-02
9.821652087412793275e-01
9.821689827686892471e-01
9.821625835986992348e-01
7.092561335410810068e-03
3.564407802879596132e-02
0.000000000000000000e+00
4.188216714015670361e-02
9.821624480365124255e-01
9.822009287537029065e-01
6.999297578168148237e-02
9.821611192509366317e-01
9.803843736718850232e-01
9.821670968988742700e-01
9.821793791886400671e-01
3.933852204789931029e-02
9.708772897155255599e-01
9.821714435053678915e-01
9.821686198697654469e-01
8.944078324315435369e-02
9.821758970663349020e-01
2.556299583490908439e-02
4.808981678491718037e-02
7.040379473894346762e-02
9.821728144012900064e-01
9.821785906181985659e-01
9.821730326827715629e-01
2.943257334074300680e-02
3.277563466525258706e-02
9.821713787890056224e-01
7.348137709636363979e-02
4.879678180571053736e-02
9.821730159005006566e-01
9.821720368853686933e-01
9.821726858732052756e-01
4.322561504449649872e-02
5.126216825049930564e-02
9.821715570494141678e-01
9.913582381663720300e-01
9.821716447316619636e-01
9.814509256838099827e-01
6.574041436554764473e-02
2.222457923526526685e-02
9.821696459833832993e-01
3.914906464850408802e-02
9.821725334356783410e-01
9.821636742137983545e-01
9.821637024613018019e-01
5.154077230609078672e-03
9.821692240468743451e-01
9.821625333324452978e-01
7.642119752833773094e-02
9.821676355901205469e-01
4.006501762953191409e-02
4.830622189556254414e-02
9.821737354822044352e-01
9.824175847640550518e-01
9.821710770664604517e-01
8.682665006369510996e-01
9.821699344728703762e-01
5.986142562657908311e-02
2.532631196722081590e-01
3.509800745862978050e-02
3.422791580338353096e-02
9.821658232240215725e-01
9.821670562527874404e-01
9.821688362672177375e-01
4.760783168738746268e-02
9.821694379322003510e-01
8.295350296900126930e-01
9.821609704285073628e-01
9.821613532390761625e-01
9.821634725224169804e-01
9.884705694744138071e-01
9.821718947603577110e-01
4.072328456067381836e-02
9.821677846348123575e-01
9.821690467036814365e-01
4.764777491009613425e-02
9.821757963901686095e-01
9.821670713416938980e-01
9.821734458386670585e-01
9.821638069394269532e-01
4.397041340658188607e-02
9.821749615614820961e-01
4.654247194490122169e-02
9.796147178940750599e-01
8.271373495188838465e-01
9.821723574608063334e-01
5.881393414560334015e-02
9.821667964674440920e-01
3.751767946813825555e-02
9.821685085786802105e-01
9.821720665030214681e-01
9.821711179894739852e-01
8.209037196616056908e-01
9.821773880665704004e-01
9.821705402178222410e-01
9.821715473391330331e-01
9.821715789967182531e-01
2.786264400479752587e-02
3.775543492456529676e-02
6.574304473225632550e-02
9.821714620051359423e-01
9.821727575704933821e-01
9.821660215934608917e-01
9.821714466167856816e-01
9.821687289803220366e-01
9.822805294766361328e-01
9.821612203930866203e-01
6.494021976453699663e-02
9.821698587659430935e-01
9.821634907784113633e-01
9.821621674832802240e-01
9.821699138269228690e-01
9.821609848373625828e-01
9.821586843994479787e-01
9.821700613829479343e-01
9.821712798481568862e-01
9.821643351938673661e-01
9.821653783665861281e-01
9.821644464749959003e-01
9.821679746610124662e-01
9.310862065970676449e-01
9.821700797551264905e-01
9.821718712206998214e-01
9.821712721233055721e-01
9.826577757654364476e-01
9.897507836207647403e-01
9.821701370277078347e-01
9.821726802464714190e-01
9.821671188674205855e-01
9.821693327069686008e-01
9.821721508940725043e-01
4.462034582191887894e-02
9.821651310224673859e-01
9.822060357242392570e-01
9.821662353115325761e-01
9.821715287703148833e-01
9.821676597466375558e-01
9.816553688267151134e-01
3.237057878386792598e-02
5.498711881757634146e-02
9.821705868554866381e-01
7.929084460784806276e-02
9.261033603630171029e-01
9.821718269163949300e-01
9.821593784479422107e-01
0.000000000000000000e+00
9.821738170094994613e-01
9.872075785822622684e-01
9.821645850965435853e-01
9.821623488854679396e-01
9.821771740941732665e-01
9.821719269410147390e-01
9.821627896963214255e-01
9.821628892232651120e-01
5.166749942535391049e-02
9.821709575132971937e-01
9.375114387277393435e-01
9.822111922403184980e-01
9.821752698647249202e-01
9.821736035310066892e-01
9.821724037057402157e-01
4.929879631242539001e-02
9.821677890422407797e-01
4.378085050253763960e-02
9.821698223446571063e-01
9.821690366679903805e-01
9.821691947615952545e-01
9.821687140094230717e-01
9.821674924397398865e-01
9.821720593416831679e-01
3.423891954216509020e-02
9.821625024616925659e-01
9.821709958398016083e-01
3.444843646898996387e-02
9.821667431393136249e-01
9.822673962405854553e-01
9.821711923926398358e-01
9.821693947026080007e-01
5.055294999100018449e-02
9.821613736412618811e-01
9.246598533475256509e-01
9.821681441545653257e-01
9.821710568303382294e-01
9.821708426768407385e-01
9.821727589926757540e-01
9.821717085177386064e-01
9.821739343914507314e-01
9.821731540883593681e-01
9.821689639318453846e-01
9.821649325122506768e-01
5.865653551760124235e-02
9.821671873887419801e-01
9.821708444382541980e-01
6.096778424394030949e-02
4.270624447851160965e-02
9.821642051276818774e-01
9.821702823868128096e-01
9.827950023973259785e-01
9.821674357495793206e-01
4.647848829028614071e-02
9.821628581915736733e-01
5.968308144834329199e-02
9.702893451264242852e-01
8.328635074993688547e-02
9.821652627200075925e-01
9.821711669414945334e-01
9.821700522196455951e-01
0.000000000000000000e+00
4.914755259103079088e-02
8.154124345885721548e-01
0.000000000000000000e+00
9.821628851757834289e-01
9.821652876023669876e-01
9.821743552370502117e-01
9.829794843346436606e-01
9.821712212203886905e-01
9.821636654498079322e-01
9.821734315736357912e-01
4.466492578506810474e-01
6.088421523310390271e-02
9.821711846698272241e-01
4.766974339988462595e-02
1.892806059428426835e-01
9.821706945978343484e-01
3.510754913546059591e-02
9.821723105320310232e-01
9.821653995118216907e-01
5.361619361048577254e-02
4.462826772504639716e-02
9.821622353788881377e-01
9.821666017781409685e-01
9.823423299336165870e-01
9.821637309759124745e-01
9.821691181999250286e-01
9.821679093902019320e-01
8.295367319535085215e-01
1.820391401278177376e-02
3.983636834175138114e-02
9.821621106181475103e-01
0.000000000000000000e+00
9.822056738530540176e-01
9.821718689591975027e-01
9.821667830758895601e-01
9.821720067307786461e-01
9.821651702313453081e-01
4.434307660968812154e-02
9.821693599663466889e-01
9.821635040459832933e-01
9.821606253210952708e-01
9.821719694985747706e-01
9.821660833034996374e-01
9.821655142599379218e-01
9.811510292819070056e-01
9.821662963676919267e-01
9.821675064940703637e-01
9.852505722880899874e-01
7.124858009788445634e-02
9.821707279717905026e-01
8.318685552581370768e-01
9.821653042262151745e-01
9.821683947864355835e-01
9.821693126377116778e-01
2.939055810762469800e-02
9.821679246712372580e-01
9.821682288263094973e-01
9.821727948019347565e-01
9.821678315611060972e-01
3.559200643449360324e-02
4.004993925170519282e-03
9.821625970059121302e-01
9.821589287117598044e-01
5.083925278888268284e-01
5.266038101579566255e-02
5.271897114078363811e-02
9.821668306456818875e-01
9.811547007009744359e-01
3.700140192811940398e-02
9.821695031814328125e-01
9.821661723811118128e-01
9.821693611059870710e-01
5.531176737058175058e-02
9.821668824455453972e-01
9.892412018761811421e-01
9.821700549864514906e-01
9.821628084068546594e-01
9.821635227464157181e-01
9.821682447065371857e-01
1.266261297096515567e-02
9.821650365589376097e-01
4.969310688197772080e-02
1.045874047414002556e-01
7.860065872988382107e-01
9.821688918167894577e-01
0.000000000000000000e+00
0.000000000000000000e+00
9.313071701878007369e-01
5.299347350197700091e-02
9.821662445612238113e-01
9.821678302402897520e-01
9.821682729418946822e-01
3.024666307867030640e-02
4.940389136108062906e-02
9.774174519962217644e-01
4.087000045719620805e-02
9.821714455873267191e-01
9.821539593014351199e-01
9.821695198557162110e-01
1.192300804533986828e-03
9.821711526437065798e-01
6.118463459479929478e-02
4.110173155091048636e-02
5.995751184009709966e-01
8.349789915835223453e-02
9.708772897155255599e-01
6.423266888343003023e-02
4.996458669951463205e-02
9.821664495284115892e-01
9.083732609114558709e-01
8.964660314586943013e-01
9.821675409845311844e-01
9.821697456857065855e-01
9.821695945920299042e-01
3.747922695284038735e-02
5.607526800338055728e-02
9.821736848296422906e-01
3.966258815886414268e-02
9.821670116678126172e-01
3.800455018782753630e-02
9.821590798452068949e-01
9.821606337281828525e-01
0.000000000000000000e+00
4.554445733877704461e-02
6.605017178808143992e-03
5.223161564466180518e-02
9.821784676654742308e-01
9.821633107044701605e-01
9.821755244863029644e-01
9.821688373743890921e-01
8.466756788248144261e-01
9.821679408842537429e-01
9.821641320842908751e-01
9.821654749966883813e-01
9.821664037956172599e-01
