1.006055675026597956e-01
8.835676983104847615e-01
8.835776278648944659e-01
1.006051161150546824e-01
8.835633250611125700e-01
8.834599163548574330e-01
1.006050803797446103e-01
1.006079422417737873e-01
1.006052901300612951e-01
8.829581165745440385e-01
1.006042915679306454e-01
8.833853863474218082e-01
1.006069491487456419e-01
8.835675711740317295e-01
8.835608072198282148e-01
8.836362878612840088e-01
8.836147886886788205e-01
8.835407158060899491e-01
8.831395947991603768e-01
1.006060371287003097e-01
1.006056917973893738e-01
1.006053603296454407e-01
8.836162859997287455e-01
1.006056961742498174e-01
1.006066335923915256e-01
1.006056204608798410e-01
1.006056381554575468e-01
7.971884378231448576e-01
1.006069339483732922e-01
1.006044094609987866e-01
8.835708208168716604e-01
8.836531409236545453e-01
8.831297285008901099e-01
1.006068147413164554e-01
1.029969056043055220e-01
1.005978354370432037e-01
8.836131670549940420e-01
1.006068842297517807e-01
1.006047005526999050e-01
8.835998467907375531e-01
1.006051307168135539e-01
8.828705895439423745e-01
1.006058254459152590e-01
1.006050916127964462e-01
8.835864104330336533e-01
1.006052539398107903e-01
1.006050439975057498e-01
8.833290426241026116e-01
8.836959553704760717e-01
8.835385517757623486e-01
1.006068316125651452e-01
8.835208463865157347e-01
1.006062278862046300e-01
8.920534386908626212e-01
1.006069361845369214e-01
8.835212829096429354e-01
8.836765008074913830e-01
8.836282136513082808e-01
1.006063714026261685e-01
1.006051312695585287e-01
1.006052104969188260e-01
1.006051444183646976e-01
8.835823073785571413e-01
1.006042119051771683e-01
8.835854591359232346e-01
1.006050580335117184e-01
8.836345309129014503e-01
1.006051589805773833e-01
1.006067704095596760e-01
8.834486258906304457e-01
8.834407714884622287e-01
8.830562069501763922e-01
8.835737287849476651e-01
1.005995968572470367e-01
8.835479154271296265e-01
1.006044481695135134e-01
8.829256244357309713e-01
8.835855342265914736e-01
8.835525271270588954e-01
1.006068902287901856e-01
1.006043923049372707e-01
8.836025878989920423e-01
1.006056965786366608e-01
8.836301618250647083e-01
8.834248587575506129e-01
1.006050524283926134e-01
1.006041412225802123e-01
1.006051920602755861e-01
8.835681151114381793e-01
1.006065729724082841e-01
8.836303260257455383e-01
1.006050701041264900e-01
1.006050560432600466e-01
8.836465243031984551e-01
8.830028955348033781e-01
9.912977298537337112e-02
8.835860712022630681e-01
8.828081091327768526e-01
1.006069569055058760e-01
1.006050756614432773e-01
1.006052378464571129e-01
1.006051057805307097e-01
1.006051821043810190e-01
1.006051052961940140e-01
8.835265616968227542e-01
1.006044284533042371e-01
1.006058328537713376e-01
1.006056378477636071e-01
1.005975713405181798e-01
1.006052214516156701e-01
8.836321870992293048e-01
1.006053378666788289e-01
1.006068435886024043e-01
1.008400540376821475e-01
1.006049246463922020e-01
1.006068782210452761e-01
1.005811639762903276e-01
1.006051737639935689e-01
1.006054621745207517e-01
8.829607604316932479e-01
8.835467359379207686e-01
8.834442474348522811e-01
8.835915292418800027e-01
1.006024662515733192e-01
1.006049864211823047e-01
8.835912164352764941e-01
1.006056875454958699e-01
1.006050963038460505e-01
1.006049867007468152e-01
0.000000000000000000e+00
1.006079682973360923e-01
1.006051319560036655e-01
1.006050909636099222e-01
8.835580691230320305e-01
1.006050772509013147e-01
8.830384881011715814e-01
8.834289335557282685e-01
8.834896624469278370e-01
8.835782985794884414e-01
1.006051465687930468e-01
1.006049769080647888e-01
8.835751822672196498e-01
1.006052514771812456e-01
1.029969056043055220e-01
9.775823826284552043e-02
8.836571924067140316e-01
8.836244355917912685e-01
1.005979357929364520e-01
8.831288214912595969e-01
1.006029781646739646e-01
8.835611415682496084e-01
8.835021449619738787e-01
8.834620943574376106e-01
1.002415041052487216e-01
8.836619870511515096e-01
8.833250877674873047e-01
1.006057881416616145e-01
1.006050392277010180e-01
8.834499307360625941e-01
1.006050792468252270e-01
8.829893150291654447e-01
8.836087226933061478e-01
1.005980490265935556e-01
8.835583057409185370e-01
8.809775901822300970e-01
8.836115633791515878e-01
1.006057663135006830e-01
1.006087134692685015e-01
1.006046710740114286e-01
1.006050802994209598e-01
1.195189303189106295e-01
8.832863117440477030e-01
1.006045585873287240e-01
1.006063940237961890e-01
8.835776092946512339e-01
1.006052320162036939e-01
8.836514080394368698e-01
1.006058894939040327e-01
1.006057814345734380e-01
1.006049803922124397e-01
8.835994648611689151e-01
1.005988650891171676e-01
1.006016971995003645e-01
8.828397619837982102e-01
1.006057578884703707e-01
8.835875274099234122e-01
1.006049541899939059e-01
1.006041069953851896e-01
8.835364088099519897e-01
1.006062079585411245e-01
8.835636162169231422e-01
1.006051143990980279e-01
8.829275144333962322e-01
1.006054093832500912e-01
8.833100490506053948e-01
1.006043579856690795e-01
1.006051232264661421e-01
1.006069170426541343e-01
1.006038426309092404e-01
8.835382158220695947e-01
8.829899581768411165e-01
1.005980820045132285e-01
8.831124836989792115e-01
8.831926836412653525e-01
8.829917297256377751e-01
8.840078713639603070e-01
8.830564749263641877e-01
8.835327037491309543e-01
8.834757427701775967e-01
1.006056406123780750e-01
1.006043756190977134e-01
1.006054536477935663e-01
8.835677390761493832e-01
1.006057008714091594e-01
8.834245742620141506e-01
8.832980731306325772e-01
8.831428683333275576e-01
8.836572987852278072e-01
1.005981023985430128e-01
1.006049193068825204e-01
1.195189303187064456e-01
8.833356310830134950e-01
1.006038792098115087e-01
8.835812099636843886e-01
1.006054059621959290e-01
8.835863020197712858e-01
8.830832758629478807e-01
1.006047013681995034e-01
8.845307831627967632e-01
1.006069621048049784e-01
1.006051000185000516e-01
1.006052333743026883e-01
1.006056533754927373e-01
1.006068529410160672e-01
8.845063937614563443e-01
8.828867259230649411e-01
8.836245219895150216e-01
1.006024181119965638e-01
8.829679122648258494e-01
1.006057113503401046e-01
1.006066624261909292e-01
1.006061916336206119e-01
8.836331211527727048e-01
8.836169287955867313e-01
8.835630677502726016e-01
8.829774801378841298e-01
1.006050898208006028e-01
8.835661812358585054e-01
1.006073944313850277e-01
1.006057334258529806e-01
0.000000000000000000e+00
1.006050772505702878e-01
1.006057063998982704e-01
8.830271366681377021e-01
1.006057684137119518e-01
8.833809667050476211e-01
1.006068515569659844e-01
8.835370957084798249e-01
1.006050993185146902e-01
1.005904602932211206e-01
1.005979156422329296e-01
1.005974599603624148e-01
8.831330576923788200e-01
8.834763819892789138e-01
8.835623088479700460e-01
1.006044490986384987e-01
8.847364273080613462e-01
8.835729413069640659e-01
8.838482263570281994e-01
1.006055852901189818e-01
8.882151189095675026e-01
8.836050870693935577e-01
1.006051032701922865e-01
8.840009449942596298e-01
8.835312248719864314e-01
8.834798796406743149e-01
1.006050942650328905e-01
1.006069170141842412e-01
8.835341508961302992e-01
1.005906639481917580e-01
8.835874779906213172e-01
1.006053223204817770e-01
8.835879452703743198e-01
8.835966636968410892e-01
1.006069719346825569e-01
8.835922447858066686e-01
8.835832088395282335e-01
8.836744971778143221e-01
8.809779313801910927e-01
8.836509510058103700e-01
8.836118760172604336e-01
1.006047971667103497e-01
8.836796537234145044e-01
1.006054357764139401e-01
1.006048498162504384e-01
1.006056308285844386e-01
0.000000000000000000e+00
8.835279558141577727e-01
2.242302650294119085e-02
1.006051671501200923e-01
1.006056163526173469e-01
1.006051922494280021e-01
1.006050919209925953e-01
1.006052021249475292e-01
1.006043575340564572e-01
1.006050692288335685e-01
1.006048499897600201e-01
8.835880713654127305e-01
1.005974703136691406e-01
1.006052006451195885e-01
1.006052147997188034e-01
1.006071109598430380e-01
8.836389684328753713e-01
1.006051564538194970e-01
1.006051190136558610e-01
1.006038364951428038e-01
1.006052373193043747e-01
1.006050120247968527e-01
1.006048868149026915e-01
1.006071724615340418e-01
1.006077513518486427e-01
1.005960129667906461e-01
1.006070672698190088e-01
8.837996304606874354e-01
1.006082854264293835e-01
1.006069392165164916e-01
8.831172274613429130e-01
8.835861456475874176e-01
1.006051626231760782e-01
8.835943809261018744e-01
1.006050762715945124e-01
8.836451987642329753e-01
1.006068908744780915e-01
8.836487420833962769e-01
8.836564319926875077e-01
1.006049878635721234e-01
8.834764485979743620e-01
1.005997637641997400e-01
1.006051922494280021e-01
8.835702135150681480e-01
1.006044904593386552e-01
1.006054059406293333e-01
8.836593220093877932e-01
8.835702615978802132e-01
8.831341573488942220e-01
8.831249975137421826e-01
8.829603112928602338e-01
8.828985975151795174e-01
1.006054256999130980e-01
8.834578840103631814e-01
8.835691774299399004e-01
8.836038560800570929e-01
8.845582578891875158e-01
8.834305550113206174e-01
8.834204969728006729e-01
1.006036167541746323e-01
8.833942506004406336e-01
1.006054707813687082e-01
8.836460829870024236e-01
1.006044334542002400e-01
1.006052995479823076e-01
1.006049626533593311e-01
8.834476156206991782e-01
1.006048325585416625e-01
8.833812293675337157e-01
1.006057938082846187e-01
1.006070734914015219e-01
1.006053429983794489e-01
8.831076509233264371e-01
1.006054214698745425e-01
1.006054394047064260e-01
8.831693550107403423e-01
1.005994697018792045e-01
1.006053115012493643e-01
1.006050769654702609e-01
8.823040047175277900e-01
1.006068888402373990e-01
1.006051164450030844e-01
1.006068568597677376e-01
8.835721371394484880e-01
8.833896882720868593e-01
8.835617587596842348e-01
8.835084899504596079e-01
1.005979958611672720e-01
8.834921471237124901e-01
8.833610952326128585e-01
1.005995117829678737e-01
1.006056500173012208e-01
8.835939104345169604e-01
8.834943806155138857e-01
1.006051020799038492e-01
1.006081407243732267e-01
8.820912522530618416e-01
1.006057539282516622e-01
1.006071451168958908e-01
8.835628100935540852e-01
1.006059288445810829e-01
1.006057498224477709e-01
1.006045460207569964e-01
8.830137494280214661e-01
1.005828431997254496e-01
8.836711319298584666e-01
1.006038003438480682e-01
8.837246716443942773e-01
8.836535264727063410e-01
8.830455407555459768e-01
1.006051004166671620e-01
8.834057803683623700e-01
1.006056585222487310e-01
8.835579753674182024e-01
8.835912387154181147e-01
1.006054821372440733e-01
8.836655378794959770e-01
1.006054093832500912e-01
8.835699267945735791e-01
1.006068651835847344e-01
1.006015278646589794e-01
1.005992674927809472e-01
1.006057052269230118e-01
8.834772074845679279e-01
1.006069228755393230e-01
8.836291989482994991e-01
1.006030527049778800e-01
8.836197458822118156e-01
1.006051338857930910e-01
8.834543313205781567e-01
1.006059807803256073e-01
8.982188824563186458e-01
1.006052055015615315e-01
1.006051643782948923e-01
8.836875610657970448e-01
8.826719071530889638e-01
1.006066148500099344e-01
1.008489149991170508e-01
8.834444620143225846e-01
8.836132092588691034e-01
8.835471484862861269e-01
8.837154020802538978e-01
8.835604547754207783e-01
1.006036868733630185e-01
