0.000000000000000000e+00
9.934114934772150241e-01
0.000000000000000000e+00
9.934628281545091477e-01
0.000000000000000000e+00
9.935775082759298327e-01
0.000000000000000000e+00
0.000000000000000000e+00
9.937093778186375514e-01
0.000000000000000000e+00
9.934306296929051872e-01
9.970725411886218748e-01
0.000000000000000000e+00
0.000000000000000000e+00
0.000000000000000000e+00
9.351583847465120281e-01
0.000000000000000000e+00
0.000000000000000000e+00
0.000000000000000000e+00
0.000000000000000000e+00
0.000000000000000000e+00
0.000000000000000000e+00
0.000000000000000000e+00
9.934060581052567285e-01
0.000000000000000000e+00
0.000000000000000000e+00
9.934186871137180574e-01
0.000000000000000000e+00
0.000000000000000000e+00
0.000000000000000000e+00
0.000000000000000000e+00
0.000000000000000000e+00
0.000000000000000000e+00
9.934184962225112159e-01
0.000000000000000000e+00
0.000000000000000000e+00
9.934010130803166971e-01
0.000000000000000000e+00
0.000000000000000000e+00
9.935179854867441929e-01
9.380333080266235468e-01
0.000000000000000000e+00
0.000000000000000000e+00
9.936753484821863047e-01
9.561109772379781102e-01
0.000000000000000000e+00
0.000000000000000000e+00
0.000000000000000000e+00
9.934049393187945887e-01
9.935428898410830767e-01
0.000000000000000000e+00
0.000000000000000000e+00
9.934396168553467632e-01
9.933858344423769360e-01
9.933606283304314832e-01
0.000000000000000000e+00
0.000000000000000000e+00
9.934418214387223944e-01
0.000000000000000000e+00
0.000000000000000000e+00
0.000000000000000000e+00
9.934223363870284818e-01
9.934115298329632138e-01
0.000000000000000000e+00
0.000000000000000000e+00
0.000000000000000000e+00
0.000000000000000000e+00
9.932819857395053242e-01
0.000000000000000000e+00
9.934083524837420409e-01
0.000000000000000000e+00
0.000000000000000000e+00
9.933689856857894629e-01
0.000000000000000000e+00
9.934297218598571177e-01
9.934305363828508373e-01
0.000000000000000000e+00
0.000000000000000000e+00
8.486392842797405370e-03
0.000000000000000000e+00
0.000000000000000000e+00
0.000000000000000000e+00
0.000000000000000000e+00
0.000000000000000000e+00
0.000000000000000000e+00
9.919722231638088417e-01
0.000000000000000000e+00
0.000000000000000000e+00
0.000000000000000000e+00
0.000000000000000000e+00
0.000000000000000000e+00
9.934060227825459721e-01
0.000000000000000000e+00
0.000000000000000000e+00
0.000000000000000000e+00
9.934411638348675799e-01
0.000000000000000000e+00
0.000000000000000000e+00
0.000000000000000000e+00
0.000000000000000000e+00
0.000000000000000000e+00
9.934211254266468449e-01
9.933348063047888754e-01
9.934581952358813028e-01
9.933756688429223880e-01
9.977236471039657717e-01
0.000000000000000000e+00
0.000000000000000000e+00
0.000000000000000000e+00
9.919723419169468315e-01
0.000000000000000000e+00
0.000000000000000000e+00
9.933598726288688230e-01
9.932099009614199225e-01
0.000000000000000000e+00
0.000000000000000000e+00
3.680243193888920739e-01
0.000000000000000000e+00
0.000000000000000000e+00
9.380342944441593112e-01
0.000000000000000000e+00
0.000000000000000000e+00
9.934015803595539484e-01
9.934012625214319048e-01
0.000000000000000000e+00
9.934163864167199209e-01
0.000000000000000000e+00
9.931837016691533737e-01
9.935553719396681416e-01
0.000000000000000000e+00
0.000000000000000000e+00
9.935561061923219306e-01
0.000000000000000000e+00
0.000000000000000000e+00
0.000000000000000000e+00
0.000000000000000000e+00
0.000000000000000000e+00
9.933463245966142052e-01
0.000000000000000000e+00
9.927289590204556591e-01
9.917381058647766201e-01
0.000000000000000000e+00
9.934065664815160401e-01
0.000000000000000000e+00
0.000000000000000000e+00
0.000000000000000000e+00
8.280271143160057232e-03
0.000000000000000000e+00
0.000000000000000000e+00
9.933701871172994080e-01
0.000000000000000000e+00
0.000000000000000000e+00
0.000000000000000000e+00
9.934010892340212617e-01
0.000000000000000000e+00
9.906672646132846927e-01
9.934998502406467979e-01
0.000000000000000000e+00
0.000000000000000000e+00
0.000000000000000000e+00
0.000000000000000000e+00
9.934027240165888006e-01
0.000000000000000000e+00
0.000000000000000000e+00
9.935320315975511019e-01
0.000000000000000000e+00
0.000000000000000000e+00
0.000000000000000000e+00
0.000000000000000000e+00
9.931450717428508268e-01
9.933949974512276127e-01
0.000000000000000000e+00
0.000000000000000000e+00
9.935407845505508373e-01
0.000000000000000000e+00
0.000000000000000000e+00
0.000000000000000000e+00
9.919020778379916692e-01
9.935754224504450560e-01
0.000000000000000000e+00
0.000000000000000000e+00
9.934261421036362227e-01
9.935118855219954304e-01
0.000000000000000000e+00
9.935389071891042034e-01
9.933963911805157032e-01
9.933668876096793943e-01
0.000000000000000000e+00
0.000000000000000000e+00
9.935514792591570998e-01
0.000000000000000000e+00
9.934261151843117865e-01
9.934084319125766616e-01
0.000000000000000000e+00
0.000000000000000000e+00
0.000000000000000000e+00
0.000000000000000000e+00
9.935232041637549472e-01
0.000000000000000000e+00
0.000000000000000000e+00
0.000000000000000000e+00
0.000000000000000000e+00
0.000000000000000000e+00
0.000000000000000000e+00
9.323876253737938269e-01
0.000000000000000000e+00
9.934165979224828247e-01
0.000000000000000000e+00
0.000000000000000000e+00
9.934551608824392366e-01
9.920025200646820362e-01
0.000000000000000000e+00
9.934199921307600434e-01
9.934731430428225263e-01
9.933915673243414179e-01
0.000000000000000000e+00
3.680276813053222629e-01
0.000000000000000000e+00
9.934215767230026861e-01
9.935053076952422568e-01
0.000000000000000000e+00
9.933436750875349608e-01
1.964720216440374114e-05
9.934448985743042915e-01
9.933920941058891341e-01
0.000000000000000000e+00
0.000000000000000000e+00
0.000000000000000000e+00
0.000000000000000000e+00
0.000000000000000000e+00
0.000000000000000000e+00
0.000000000000000000e+00
9.934007416120018696e-01
0.000000000000000000e+00
0.000000000000000000e+00
9.935739322498381432e-01
0.000000000000000000e+00
0.000000000000000000e+00
9.919339239576738798e-01
0.000000000000000000e+00
9.934497430817663677e-01
9.351599159650810789e-01
0.000000000000000000e+00
9.933727181448812615e-01
0.000000000000000000e+00
9.933502601186829928e-01
0.000000000000000000e+00
0.000000000000000000e+00
9.934299521493584750e-01
0.000000000000000000e+00
0.000000000000000000e+00
0.000000000000000000e+00
9.934840099693398319e-01
0.000000000000000000e+00
9.934616174629035124e-01
9.935045209337453054e-01
9.465463292873466106e-01
0.000000000000000000e+00
0.000000000000000000e+00
9.934125956864107154e-01
0.000000000000000000e+00
9.932960660004253040e-01
0.000000000000000000e+00
9.935232665916926553e-01
1.550371676301349200e-01
9.934880644251140591e-01
0.000000000000000000e+00
0.000000000000000000e+00
9.931682164467877660e-01
0.000000000000000000e+00
0.000000000000000000e+00
0.000000000000000000e+00
9.934882398105595591e-01
9.924034843142037765e-01
0.000000000000000000e+00
0.000000000000000000e+00
9.933231368335959655e-01
0.000000000000000000e+00
9.933739203919882410e-01
0.000000000000000000e+00
9.934877594704685233e-01
9.934202752250603785e-01
9.933466090978422258e-01
0.000000000000000000e+00
9.939063655359068328e-01
0.000000000000000000e+00
9.933862341439559929e-01
9.934844094547355953e-01
9.922460774720209820e-01
9.933700878960296521e-01
9.946574639932952433e-01
9.933971674319722611e-01
9.934617936265263127e-01
0.000000000000000000e+00
0.000000000000000000e+00
0.000000000000000000e+00
0.000000000000000000e+00
0.000000000000000000e+00
0.000000000000000000e+00
0.000000000000000000e+00
9.935425543505645996e-01
0.000000000000000000e+00
9.934735574028609184e-01
0.000000000000000000e+00
9.922394118496200566e-01
9.934102563056002033e-01
0.000000000000000000e+00
9.941307526484522983e-01
9.932129931252343669e-01
3.478688594141587931e-02
0.000000000000000000e+00
0.000000000000000000e+00
0.000000000000000000e+00
9.929844245077156240e-01
0.000000000000000000e+00
9.935638516235940632e-01
9.930516200988290798e-01
0.000000000000000000e+00
9.380311898145173855e-01
9.934168729621930538e-01
0.000000000000000000e+00
9.932240210677760750e-01
0.000000000000000000e+00
0.000000000000000000e+00
0.000000000000000000e+00
9.933979086345250398e-01
0.000000000000000000e+00
9.932769532039495974e-01
0.000000000000000000e+00
0.000000000000000000e+00
9.934272782213445785e-01
0.000000000000000000e+00
0.000000000000000000e+00
0.000000000000000000e+00
9.934619408287348463e-01
9.934291942635252726e-01
0.000000000000000000e+00
0.000000000000000000e+00
9.934182157250421863e-01
0.000000000000000000e+00
0.000000000000000000e+00
0.000000000000000000e+00
9.934244342025079222e-01
0.000000000000000000e+00
0.000000000000000000e+00
9.932126080361097786e-01
0.000000000000000000e+00
9.934587592481466389e-01
0.000000000000000000e+00
0.000000000000000000e+00
9.895907948731252901e-01
9.933200964489443674e-01
6.230173463250285315e-02
0.000000000000000000e+00
0.000000000000000000e+00
0.000000000000000000e+00
0.000000000000000000e+00
0.000000000000000000e+00
9.933554599477372182e-01
0.000000000000000000e+00
0.000000000000000000e+00
9.935946053729539651e-01
0.000000000000000000e+00
0.000000000000000000e+00
9.935674521152791927e-01
0.000000000000000000e+00
0.000000000000000000e+00
0.000000000000000000e+00
9.932126080361097786e-01
9.041561324578316627e-01
0.000000000000000000e+00
9.911932707156492217e-01
0.000000000000000000e+00
9.921716805950163698e-01
0.000000000000000000e+00
0.000000000000000000e+00
9.938266611387086558e-01
0.000000000000000000e+00
9.935602863567244425e-01
1.348159061527052539e-02
0.000000000000000000e+00
3.680287209115184477e-01
0.000000000000000000e+00
0.000000000000000000e+00
0.000000000000000000e+00
0.000000000000000000e+00
0.000000000000000000e+00
9.910451156448830679e-01
9.935184700831140026e-01
9.936863017118586772e-01
0.000000000000000000e+00
9.933499634782584353e-01
0.000000000000000000e+00
0.000000000000000000e+00
0.000000000000000000e+00
0.000000000000000000e+00
0.000000000000000000e+00
0.000000000000000000e+00
9.935436143828072497e-01
9.933920899843350361e-01
0.000000000000000000e+00
0.000000000000000000e+00
0.000000000000000000e+00
9.934538616046268977e-01
0.000000000000000000e+00
9.934140814735581415e-01
0.000000000000000000e+00
0.000000000000000000e+00
9.934120761977285330e-01
0.000000000000000000e+00
0.000000000000000000e+00
9.933569209400566757e-01
0.000000000000000000e+00
0.000000000000000000e+00
9.934323445191555191e-01
9.934665492876474380e-01
0.000000000000000000e+00
9.189557159927217445e-01
0.000000000000000000e+00
9.933029731118780958e-01
0.000000000000000000e+00
9.933629798110911180e-01
0.000000000000000000e+00
0.000000000000000000e+00
0.000000000000000000e+00
9.933931446410180222e-01
3.680244138751818106e-01
0.000000000000000000e+00
0.000000000000000000e+00
0.000000000000000000e+00
9.321886311331755159e-01
0.000000000000000000e+00
0.000000000000000000e+00
9.923480419834100896e-01
0.000000000000000000e+00
9.934053665530749866e-01
0.000000000000000000e+00
0.000000000000000000e+00
