0.000000000000000000e+00
5.572080895702282398e-03
5.567940885003147544e-03
5.569312109229959153e-03
5.562224344055928874e-03
5.562129017921169614e-03
5.568040907331726040e-03
5.566743296736370583e-03
5.567329756967694457e-03
0.000000000000000000e+00
5.561293811487955097e-03
0.000000000000000000e+00
0.000000000000000000e+00
5.569490668694222248e-03
0.000000000000000000e+00
0.000000000000000000e+00
5.566567086914229849e-03
5.571320694822533975e-03
5.574044623455188738e-03
0.000000000000000000e+00
5.560427133504442475e-03
0.000000000000000000e+00
5.566527590095796812e-03
0.000000000000000000e+00
0.000000000000000000e+00
0.000000000000000000e+00
5.568252429542583024e-03
0.000000000000000000e+00
5.565758282015186888e-03
0.000000000000000000e+00
5.565864871615395539e-03
0.000000000000000000e+00
0.000000000000000000e+00
5.567803902175288110e-03
0.000000000000000000e+00
5.565582409098152397e-03
5.576594928908689373e-03
0.000000000000000000e+00
0.000000000000000000e+00
0.000000000000000000e+00
0.000000000000000000e+00
0.000000000000000000e+00
5.574279819616796867e-03
5.561102106092768310e-03
0.000000000000000000e+00
5.561564292268623977e-03
0.000000000000000000e+00
5.568442035346446092e-03
5.564301602005198091e-03
0.000000000000000000e+00
5.571141167138120125e-03
0.000000000000000000e+00
0.000000000000000000e+00
5.567468819377472018e-03
0.000000000000000000e+00
5.571884287089861471e-03
5.575432027610423454e-03
5.562761265333540130e-03
0.000000000000000000e+00
5.565514712920203479e-03
5.568704121968482031e-03
0.000000000000000000e+00
0.000000000000000000e+00
5.562371923306413078e-03
0.000000000000000000e+00
5.571799195228698334e-03
0.000000000000000000e+00
5.561743078637419561e-03
0.000000000000000000e+00
0.000000000000000000e+00
0.000000000000000000e+00
5.576343973727367932e-03
5.566014921194106443e-03
5.568369012325125392e-03
0.000000000000000000e+00
5.571816361014224860e-03
5.567530833372410365e-03
0.000000000000000000e+00
0.000000000000000000e+00
0.000000000000000000e+00
5.563465881792056117e-03
5.562240685506226849e-03
0.000000000000000000e+00
0.000000000000000000e+00
0.000000000000000000e+00
5.573087592651113087e-03
5.562874965334923746e-03
0.000000000000000000e+00
5.568102583533301661e-03
0.000000000000000000e+00
5.567104691211045668e-03
5.565226239638846467e-03
5.566063421998217187e-03
0.000000000000000000e+00
0.000000000000000000e+00
0.000000000000000000e+00
0.000000000000000000e+00
5.566602436444463391e-03
5.562938654578638599e-03
0.000000000000000000e+00
5.562245879164810780e-03
5.565221235745512057e-03
5.567534328302733808e-03
5.568055963244104845e-03
0.000000000000000000e+00
0.000000000000000000e+00
5.567776278256719724e-03
5.562558158812418510e-03
0.000000000000000000e+00
5.568005650744268370e-03
0.000000000000000000e+00
0.000000000000000000e+00
0.000000000000000000e+00
5.573058628396730142e-03
5.571763665877517598e-03
5.560999242197193354e-03
0.000000000000000000e+00
0.000000000000000000e+00
5.566110478811595388e-03
0.000000000000000000e+00
0.000000000000000000e+00
5.563864794305504145e-03
5.576708752791786905e-03
5.574788508830267643e-03
0.000000000000000000e+00
0.000000000000000000e+00
5.558966478894368859e-03
0.000000000000000000e+00
5.562899188032517130e-03
5.566911495636497030e-03
0.000000000000000000e+00
0.000000000000000000e+00
5.554864765930638860e-03
0.000000000000000000e+00
5.564171600359296699e-03
5.566257310992183197e-03
5.572135956128672525e-03
0.000000000000000000e+00
5.558179941723280851e-03
5.565472459453158806e-03
0.000000000000000000e+00
5.572096928239204591e-03
0.000000000000000000e+00
0.000000000000000000e+00
5.546737367294444360e-03
0.000000000000000000e+00
0.000000000000000000e+00
0.000000000000000000e+00
5.572479237323098647e-03
0.000000000000000000e+00
0.000000000000000000e+00
0.000000000000000000e+00
0.000000000000000000e+00
5.581372343883049016e-03
5.561609615590664725e-03
5.563704337023237488e-03
0.000000000000000000e+00
5.567951978983946663e-03
0.000000000000000000e+00
5.563506645837006451e-03
5.565777594751080901e-03
5.568475511708569428e-03
5.579519674831850788e-03
5.569367528216755472e-03
0.000000000000000000e+00
5.569423767938053854e-03
5.559954465627064447e-03
0.000000000000000000e+00
5.557076053514061441e-03
5.568776967662342724e-03
5.559014547868335043e-03
5.569606757094126490e-03
0.000000000000000000e+00
5.570541270345607046e-03
0.000000000000000000e+00
5.567260913124298487e-03
0.000000000000000000e+00
5.573616966153356958e-03
0.000000000000000000e+00
5.572875758176747650e-03
0.000000000000000000e+00
5.563237953826054120e-03
5.573126189686562759e-03
5.574320183204957944e-03
0.000000000000000000e+00
5.560193204896517888e-03
5.573814406068809506e-03
5.565293191454463197e-03
5.560180919240236518e-03
0.000000000000000000e+00
0.000000000000000000e+00
0.000000000000000000e+00
5.560906044045391475e-03
5.562441199902718077e-03
5.561421695885270834e-03
5.575549404959303894e-03
5.568698420656982735e-03
5.581761045995109818e-03
5.564039980333318654e-03
0.000000000000000000e+00
5.572096667386668839e-03
5.573240926400638631e-03
5.583937440658300402e-03
5.563087116615004525e-03
5.573922384098814638e-03
5.575276838119182232e-03
5.560695000927130816e-03
5.566945359332993275e-03
5.562959992979090579e-03
5.564508304323802397e-03
5.569948525836302365e-03
5.564164937554727346e-03
0.000000000000000000e+00
5.567029572066989514e-03
5.559596463855109687e-03
5.563672573670810917e-03
6.980827451946394202e-01
0.000000000000000000e+00
5.575309211650891772e-03
5.570509196401550803e-03
5.574301219750896555e-03
5.563235365169632088e-03
5.564074991836024352e-03
0.000000000000000000e+00
5.568035013896232947e-03
5.576029558479369229e-03
5.554864299010845233e-03
5.567655718348208521e-03
5.573520687170568921e-03
5.567197150250702796e-03
0.000000000000000000e+00
0.000000000000000000e+00
5.561083036482916166e-03
0.000000000000000000e+00
0.000000000000000000e+00
5.565565316267999385e-03
5.565416573456960850e-03
0.000000000000000000e+00
5.576977319388282638e-03
7.068427522568154764e-01
5.568086702075370799e-03
5.568947882126243885e-03
0.000000000000000000e+00
5.567949219443400939e-03
5.568858547196809880e-03
5.564294946007423449e-03
0.000000000000000000e+00
5.572415002149503499e-03
0.000000000000000000e+00
5.573235031629394584e-03
5.573062701930377692e-03
5.556173226544683375e-03
5.570942749221850093e-03
0.000000000000000000e+00
5.561437007457663631e-03
0.000000000000000000e+00
5.568467407503286011e-03
5.575115454787051179e-03
5.562094200851520377e-03
5.567872785815665762e-03
5.562743635964566800e-03
0.000000000000000000e+00
0.000000000000000000e+00
5.571448148194917821e-03
5.575038991259774826e-03
0.000000000000000000e+00
5.566178000687673627e-03
8.757813228777402426e-01
5.572731927912395397e-03
5.559709536004760894e-03
0.000000000000000000e+00
5.570054321916193853e-03
0.000000000000000000e+00
5.572357036607925897e-03
5.559902944541133055e-03
5.573359933161122111e-03
5.574497216866182436e-03
5.559133910719091243e-03
5.568829795116284412e-03
5.565309648573837052e-03
5.584387715944941905e-03
5.575799824272063138e-03
0.000000000000000000e+00
5.565012160035181545e-03
5.562151867922182462e-03
0.000000000000000000e+00
0.000000000000000000e+00
5.567608441944394207e-03
5.564856404169189405e-03
8.331077983992907221e-01
5.568091813175979517e-03
0.000000000000000000e+00
5.567772798398363393e-03
0.000000000000000000e+00
0.000000000000000000e+00
0.000000000000000000e+00
5.575638439164975167e-03
5.580170421227746008e-03
5.573506232803459443e-03
0.000000000000000000e+00
0.000000000000000000e+00
0.000000000000000000e+00
0.000000000000000000e+00
5.566424117135882962e-03
5.565600368772710693e-03
5.562685295039197439e-03
7.068240715236364657e-01
5.568831190598066624e-03
5.567565478367024825e-03
5.567407046690233188e-03
0.000000000000000000e+00
0.000000000000000000e+00
5.567560308118547213e-03
0.000000000000000000e+00
0.000000000000000000e+00
5.573213025194196160e-03
0.000000000000000000e+00
5.573103786574567023e-03
5.569641370722561331e-03
0.000000000000000000e+00
0.000000000000000000e+00
5.565295928204055768e-03
5.570288126512785119e-03
5.570239641611640820e-03
5.562000057640493177e-03
5.558692853648854355e-03
5.581814205164970996e-03
0.000000000000000000e+00
0.000000000000000000e+00
0.000000000000000000e+00
5.560272589203971855e-03
0.000000000000000000e+00
5.570304994845784625e-03
5.573118458697424830e-03
5.573193775218434308e-03
5.559700632449887485e-03
5.573064956259327768e-03
0.000000000000000000e+00
5.568168781742469445e-03
5.565899915630738784e-03
5.574124107013599984e-03
5.566928527439427704e-03
5.571282790712924274e-03
5.559497181641924642e-03
5.578981095923314648e-03
5.573414667850653745e-03
5.568428066072967676e-03
0.000000000000000000e+00
0.000000000000000000e+00
0.000000000000000000e+00
0.000000000000000000e+00
5.576056209908403401e-03
5.576049346596914820e-03
5.563712632179577955e-03
0.000000000000000000e+00
5.575236729292202056e-03
5.567005489307190989e-03
5.573319912575071255e-03
5.532300132051408414e-03
0.000000000000000000e+00
0.000000000000000000e+00
5.557026718426920017e-03
5.570807188555127777e-03
0.000000000000000000e+00
0.000000000000000000e+00
0.000000000000000000e+00
5.539331216311095540e-03
0.000000000000000000e+00
0.000000000000000000e+00
5.563301322881514591e-03
5.562153046179678373e-03
5.564466021744933662e-03
0.000000000000000000e+00
5.564911070338584426e-03
0.000000000000000000e+00
5.566299104984334840e-03
5.566198153442785020e-03
5.569508598329309633e-03
5.580345840667513477e-03
0.000000000000000000e+00
5.576326011047476675e-03
0.000000000000000000e+00
0.000000000000000000e+00
0.000000000000000000e+00
5.565077824401595472e-03
0.000000000000000000e+00
0.000000000000000000e+00
0.000000000000000000e+00
0.000000000000000000e+00
5.569367184226355939e-03
5.574001316214372698e-03
5.573142713423471020e-03
0.000000000000000000e+00
0.000000000000000000e+00
0.000000000000000000e+00
0.000000000000000000e+00
5.571120052820845506e-03
5.565873572057170558e-03
5.569893327100863128e-03
5.580741068548518598e-03
0.000000000000000000e+00
0.000000000000000000e+00
0.000000000000000000e+00
0.000000000000000000e+00
0.000000000000000000e+00
0.000000000000000000e+00
0.000000000000000000e+00
0.000000000000000000e+00
5.572882965850460731e-03
0.000000000000000000e+00
0.000000000000000000e+00
5.564323527277031424e-03
5.562676834773113387e-03
5.560109819418982899e-03
0.000000000000000000e+00
0.000000000000000000e+00
5.551134522540245551e-03
0.000000000000000000e+00
5.571464419121287086e-03
0.000000000000000000e+00
5.569023636532085056e-03
5.566023262537500224e-03
0.000000000000000000e+00
0.000000000000000000e+00
0.000000000000000000e+00
0.000000000000000000e+00
5.575154317023185181e-03
5.567217595023466435e-03
5.573554648658277794e-03
5.572326069594772495e-03
0.000000000000000000e+00
5.571496371540969432e-03
5.567826507843624470e-03
5.564746419379861322e-03
5.566315477838072560e-03
