9.773831043294306520e-01
6.956300213840535020e-03
6.958471077315829881e-03
6.956295867093128561e-03
6.956144580762837169e-03
6.968854290021489484e-03
6.959492407836031722e-03
6.960356067386527790e-03
6.966409614112154154e-03
9.773760047399437934e-01
6.970248383539185723e-03
0.000000000000000000e+00
9.773876328014063919e-01
6.964040337004433374e-03
9.773810433342895454e-01
9.773875798647506663e-01
6.970602513735895192e-03
6.960529580858876644e-03
6.955638992086997721e-03
6.931229546641401972e-03
6.958027593275974663e-03
6.947148407346256764e-03
6.963708185310808242e-03
9.773815334617147466e-01
9.773846679700969320e-01
9.773754646629957410e-01
6.968681985541161708e-03
9.773750962551847055e-01
6.959110865301987303e-03
6.946080460291947228e-03
6.962642912009941315e-03
6.941037757665700740e-03
9.773922694509180609e-01
6.974433077544157228e-03
9.773807992483786178e-01
6.971436043752947571e-03
6.960356390999313664e-03
9.773713712204821213e-01
9.773787504971374052e-01
9.773853879675067358e-01
9.773807695933964812e-01
9.773875440029841100e-01
6.970729810518621131e-03
6.966463992961516825e-03
9.773930364621147282e-01
6.967632914484120019e-03
9.773823398894856407e-01
6.964508874779003038e-03
6.965126954480906074e-03
9.773881366482677358e-01
6.966972079530472581e-03
9.773622914885212731e-01
9.774058283206865649e-01
6.965767415205811018e-03
0.000000000000000000e+00
6.958348197548640257e-03
6.971290587023616994e-03
6.971323408670396758e-03
9.773877334908571690e-01
6.962623745647511866e-03
6.962096894433205535e-03
6.925072180038026153e-03
9.773779476608708272e-01
6.967732199938874403e-03
9.773900285709334890e-01
6.970902607248849470e-03
9.774097983330093387e-01
6.967698464816511270e-03
9.999775679627390668e-01
9.773803262894781296e-01
6.841765911614502288e-03
6.967465972599509554e-03
6.966024224515578352e-03
6.970600881032153889e-03
9.773857439853330664e-01
6.962453721565751118e-03
6.963624244755153500e-03
9.773863174521524311e-01
9.774012603958389667e-01
9.773793424407198893e-01
6.961555470418706940e-03
6.964595173129926702e-03
9.773752363869016024e-01
9.773723026542995296e-01
9.773822320276854825e-01
6.969734989051136996e-03
6.963439440945879723e-03
0.000000000000000000e+00
6.972960993144137511e-03
9.773793497540285147e-01
6.971203021115941929e-03
6.960046772190447116e-03
6.961885394449487084e-03
9.773825147527228641e-01
9.773883486052139524e-01
0.000000000000000000e+00
9.773867544618304315e-01
6.963797267647313903e-03
6.958068941290107036e-03
9.773790076878813293e-01
6.959553624711705376e-03
6.944627218861220037e-03
6.965230068675234108e-03
6.964320083020710504e-03
9.773831505834704725e-01
9.773624092781008077e-01
6.963935143806940405e-03
6.967685484878241228e-03
9.773768001346097023e-01
6.960290912328905184e-03
9.773862716821003493e-01
9.773728473475070677e-01
9.773863647789067244e-01
6.963802252429955250e-03
6.956120756301817712e-03
6.957849287971677212e-03
9.773817705263241340e-01
9.773817004565265032e-01
6.956315662593357159e-03
9.773835181174203024e-01
9.773796083905592624e-01
6.972625006334302530e-03
6.960358954805800219e-03
6.963528097524513717e-03
9.773753634023610859e-01
9.773762691875018671e-01
6.969728913624489985e-03
9.773840140598621939e-01
6.969002695225040046e-03
6.959947143237093375e-03
9.773770276452501404e-01
9.773892845211407110e-01
6.959494201023305737e-03
9.773855052806545984e-01
6.958808221648611278e-03
6.962493742363782580e-03
6.966534003932913811e-03
9.773766469357100251e-01
6.964654522197237518e-03
6.970301801453261323e-03
9.773774605243732427e-01
6.970099189589130419e-03
9.773886200319426010e-01
9.773858055646740262e-01
6.968650410720969232e-03
6.958136298555420152e-03
6.957214314937897569e-03
9.773831415736458084e-01
6.960513567353955253e-03
9.773845494304472803e-01
9.773863091606992404e-01
9.773788805045980910e-01
9.773887245794888878e-01
6.960239846946005525e-03
6.973186785864504689e-03
6.971976711368734272e-03
9.773921888997334495e-01
6.961618731399147990e-03
9.773606266600589620e-01
6.954327761625224424e-03
6.968726710719895870e-03
6.969773330227555658e-03
6.946007510445354957e-03
6.965144028351615696e-03
9.773735431951020569e-01
6.967123456791893786e-03
6.966588361398055700e-03
9.773814022188369588e-01
6.959507011385100521e-03
6.965008335687186344e-03
6.971100731256657697e-03
6.959853756017458926e-03
9.773860189976819601e-01
6.959531560530621622e-03
9.773798722481821244e-01
6.950419663732304576e-03
9.773824431230886400e-01
6.966486391894441410e-03
9.773800366153632124e-01
6.959609758637796094e-03
9.773789124861093081e-01
6.968389290193103235e-03
6.961368160211343220e-03
6.960403603284234623e-03
9.773822755005761032e-01
6.957920736646854877e-03
6.970121434730907652e-03
6.970519223127581189e-03
6.958284270529088190e-03
9.773820197376063001e-01
9.773739199709768899e-01
9.773876174931036553e-01
6.957793922478808062e-03
6.964750956948558176e-03
6.962747765862175794e-03
6.964848420746188803e-03
6.959569216018324407e-03
6.967794242308214536e-03
6.965518233730085169e-03
9.773844837282882336e-01
6.960759710692292733e-03
6.969425051958395498e-03
6.970527543750460256e-03
6.966458926282290479e-03
6.971883056903882547e-03
6.966691391423620629e-03
6.968282076998975026e-03
6.962389168913600372e-03
6.963515700127050935e-03
6.973007569297911580e-03
6.963076169948965825e-03
6.965072368911365101e-03
9.773913077367362146e-01
6.957032671850819049e-03
6.960003041777443680e-03
6.955408301700614741e-03
6.964210934417645014e-03
6.936124322377878841e-03
6.958036972962305250e-03
6.968743566642910878e-03
6.961729021186509846e-03
6.959777487129877559e-03
6.966600268414761647e-03
9.773818449298525834e-01
6.957484820349742888e-03
6.968624527564187300e-03
6.960863988187133110e-03
6.973425649561573909e-03
6.967456863008443697e-03
6.955340409616755405e-03
9.773954015958683517e-01
9.773839711681929776e-01
6.962524610549079493e-03
9.773746357899938397e-01
9.774015857998060719e-01
6.969902639807853441e-03
6.968644817369947300e-03
0.000000000000000000e+00
6.966571118158312523e-03
6.961741042621869165e-03
6.958826739593010520e-03
6.960300830857879019e-03
6.966996550548948050e-03
6.961464903988977965e-03
6.966866087923272340e-03
6.962988996125857831e-03
9.773828544357255899e-01
6.964867948819429729e-03
9.773873500983693008e-01
6.968408514487746397e-03
6.967500782207396680e-03
6.967443119191284694e-03
6.960674335289705750e-03
9.773804420080209887e-01
6.972306252410392230e-03
9.773782945343980622e-01
6.965443203173667976e-03
6.954783724338694031e-03
6.965833296096409812e-03
6.969116802719654662e-03
6.968488642371864147e-03
6.959268161902777000e-03
9.773874171888421447e-01
6.965178419657988736e-03
6.963266794113408785e-03
9.773862803723150083e-01
6.967665665264546199e-03
6.960583558619895354e-03
6.967559207834053692e-03
6.956141900122516340e-03
9.773845876732305538e-01
6.962991237791343879e-03
9.773970935384718173e-01
6.975062832428164349e-03
6.957321761026608736e-03
6.960472879593709167e-03
6.969702791213517809e-03
6.956120844471083003e-03
6.958436308630780789e-03
6.966248965200808572e-03
6.964270515703413836e-03
6.957449878434578648e-03
9.773855385150803654e-01
6.969381685365352332e-03
6.965771363706651544e-03
9.773861178794273075e-01
9.773778991947928985e-01
6.963877558659233719e-03
6.966772919848995133e-03
6.967374051778295330e-03
6.956989181528911922e-03
9.773934348374316849e-01
6.959963574276299692e-03
9.773699363546454189e-01
9.773865601418919580e-01
9.773859547688575899e-01
6.958498990246394025e-03
6.963661229293325976e-03
6.969103290928485225e-03
0.000000000000000000e+00
9.773838955027894793e-01
9.773777921148059100e-01
0.000000000000000000e+00
6.970428717758938089e-03
6.964958844959489789e-03
6.966296133523407035e-03
6.971417304971661358e-03
6.971815180438107294e-03
6.958540392339979987e-03
6.965500376441973417e-03
9.773745189870934880e-01
9.773705535083253571e-01
6.961611620552547210e-03
9.773849577991507998e-01
9.773854764602016854e-01
6.955736006463392011e-03
9.773846365224153621e-01
6.965498727918455202e-03
6.961051608454834477e-03
9.773765471215446476e-01
9.773723850779930666e-01
6.971431816690160967e-03
6.963176174768298532e-03
6.962417253937652414e-03
6.968205129029667044e-03
6.958022105535197240e-03
6.963096229334084057e-03
9.773989397229735365e-01
9.773940854754360474e-01
9.773770568219711796e-01
6.963875248561550262e-03
0.000000000000000000e+00
6.954112660585612393e-03
6.968327644043024495e-03
6.964471172742596992e-03
6.972353779758255071e-03
6.958714786556480063e-03
9.773886791430338450e-01
6.969262499340530236e-03
6.961079524054695697e-03
6.970002791652465252e-03
6.954228889096125514e-03
6.968749752174931492e-03
6.961288320521561920e-03
6.948724475794796664e-03
6.966076613757361639e-03
6.953655612457225119e-03
6.953952644519778049e-03
9.773843872764789165e-01
6.970846626479736304e-03
9.773788181246578777e-01
6.958907307349519386e-03
6.956641014256016026e-03
6.966862891009784065e-03
9.773793151997829387e-01
6.968037093789332045e-03
6.957589398352538590e-03
6.965954246077011094e-03
6.962243019152345412e-03
9.773780335488729820e-01
6.855671477675035624e-03
6.962235629484535455e-03
6.964759295093767184e-03
9.773802295418358987e-01
9.773743915642324476e-01
9.773825057119939208e-01
6.969654348662341660e-03
6.904398346142577234e-03
9.773879285462756528e-01
6.974599201710121425e-03
6.963227175102020342e-03
6.959517849992038693e-03
9.773817922869920682e-01
6.966107230180115448e-03
9.773841104305742711e-01
6.954291063609322268e-03
6.959398231987355861e-03
6.956662832232005274e-03
6.971560129246533524e-03
9.773770874872704795e-01
6.956634841622593400e-03
9.773866127364246870e-01
9.773711775768204602e-01
9.773808746511313261e-01
6.959188411492303605e-03
7.521859857144609363e-01
0.000000000000000000e+00
9.773784014239538243e-01
9.773915624192891505e-01
6.960104292438654833e-03
6.956075984664723821e-03
6.956617708348421594e-03
9.773816363184306688e-01
9.773877163673725388e-01
9.773852355582646201e-01
9.773801322771676903e-01
6.964681935908535911e-03
6.964408389988975198e-03
6.969766801809120470e-03
6.883485269025912609e-03
6.959261543866427160e-03
9.773893752374641641e-01
9.773788989680789463e-01
9.773779350094135010e-01
9.773844507773802315e-01
2.544653103814515163e-03
9.773747382571810194e-01
9.773807914250322026e-01
6.969971970394448976e-03
9.773833752500499239e-01
7.523303942829140389e-01
6.964613635066405420e-03
6.968231554758713003e-03
6.959131264654930260e-03
9.773798960057977769e-01
9.773766892699655706e-01
6.957327183442635343e-03
9.773763658213658889e-01
6.969345710131435480e-03
9.773912894961217512e-01
6.958980801837226851e-03
6.965318204782236164e-03
0.000000000000000000e+00
9.773799387084769474e-01
6.932428844630641497e-03
9.773741543255414221e-01
6.957117883523857016e-03
6.961631906417584462e-03
6.962454613787728841e-03
6.961695829029482599e-03
9.773800388038680342e-01
6.973609480182009143e-03
6.969019437892859034e-03
6.957972812878810906e-03
6.976027641554783353e-03
