0.000000000000000000e+00
3.514117218225383272e-03
0.000000000000000000e+00
3.519449838884591147e-03
0.000000000000000000e+00
3.529227433531220703e-03
0.000000000000000000e+00
0.000000000000000000e+00
3.524046562617737417e-03
0.000000000000000000e+00
3.524740174659913867e-03
3.517517953800573631e-03
0.000000000000000000e+00
0.000000000000000000e+00
0.000000000000000000e+00
3.512544648793761159e-03
0.000000000000000000e+00
0.000000000000000000e+00
0.000000000000000000e+00
0.000000000000000000e+00
0.000000000000000000e+00
0.000000000000000000e+00
0.000000000000000000e+00
3.523762932777481285e-03
0.000000000000000000e+00
0.000000000000000000e+00
3.517018121351662887e-03
0.000000000000000000e+00
0.000000000000000000e+00
0.000000000000000000e+00
0.000000000000000000e+00
0.000000000000000000e+00
0.000000000000000000e+00
3.520332175256363823e-03
0.000000000000000000e+00
0.000000000000000000e+00
3.530590697105651099e-03
0.000000000000000000e+00
0.000000000000000000e+00
3.515494466947729699e-03
3.516269132640646548e-03
0.000000000000000000e+00
0.000000000000000000e+00
3.525991509371302103e-03
3.504111008270331760e-03
0.000000000000000000e+00
0.000000000000000000e+00
0.000000000000000000e+00
3.518380267434703494e-03
3.523773313870891093e-03
0.000000000000000000e+00
0.000000000000000000e+00
3.528853616732796107e-03
3.533986720906330970e-03
3.511942101031827971e-03
0.000000000000000000e+00
0.000000000000000000e+00
3.521383336147876353e-03
0.000000000000000000e+00
0.000000000000000000e+00
0.000000000000000000e+00
3.517954113314185078e-03
3.517012433269936338e-03
0.000000000000000000e+00
0.000000000000000000e+00
0.000000000000000000e+00
0.000000000000000000e+00
3.516128338881892475e-03
0.000000000000000000e+00
3.514801827355259079e-03
0.000000000000000000e+00
0.000000000000000000e+00
3.520205267643161749e-03
0.000000000000000000e+00
3.522006552669678953e-03
3.529589242429673635e-03
0.000000000000000000e+00
0.000000000000000000e+00
3.521300925229647449e-03
0.000000000000000000e+00
0.000000000000000000e+00
0.000000000000000000e+00
0.000000000000000000e+00
0.000000000000000000e+00
0.000000000000000000e+00
3.526499941292231873e-03
0.000000000000000000e+00
0.000000000000000000e+00
0.000000000000000000e+00
0.000000000000000000e+00
0.000000000000000000e+00
3.526528306956821634e-03
0.000000000000000000e+00
0.000000000000000000e+00
0.000000000000000000e+00
3.525843979931929731e-03
0.000000000000000000e+00
0.000000000000000000e+00
0.000000000000000000e+00
0.000000000000000000e+00
0.000000000000000000e+00
3.522401739696089194e-03
3.516169634668015603e-03
3.516262442234566708e-03
3.526304192897426835e-03
3.525800166799534195e-03
0.000000000000000000e+00
0.000000000000000000e+00
0.000000000000000000e+00
3.551606768288674554e-03
0.000000000000000000e+00
0.000000000000000000e+00
3.519927845783205576e-03
0.000000000000000000e+00
0.000000000000000000e+00
0.000000000000000000e+00
0.000000000000000000e+00
0.000000000000000000e+00
0.000000000000000000e+00
3.548834618481059612e-03
0.000000000000000000e+00
0.000000000000000000e+00
3.515962354245849315e-03
3.516490538440582639e-03
0.000000000000000000e+00
3.526334898444472791e-03
0.000000000000000000e+00
3.518178254950610380e-03
3.522396554667403274e-03
0.000000000000000000e+00
0.000000000000000000e+00
3.515848521078002165e-03
0.000000000000000000e+00
0.000000000000000000e+00
0.000000000000000000e+00
0.000000000000000000e+00
0.000000000000000000e+00
3.520423259892178046e-03
0.000000000000000000e+00
3.532234252658208572e-03
3.518240068072317484e-03
0.000000000000000000e+00
3.517637196320052336e-03
0.000000000000000000e+00
0.000000000000000000e+00
0.000000000000000000e+00
3.521417263188925291e-03
0.000000000000000000e+00
0.000000000000000000e+00
3.527964970395432599e-03
0.000000000000000000e+00
0.000000000000000000e+00
0.000000000000000000e+00
3.520663146921097948e-03
0.000000000000000000e+00
3.526801286264484320e-03
3.523713276046067013e-03
0.000000000000000000e+00
0.000000000000000000e+00
0.000000000000000000e+00
0.000000000000000000e+00
3.529690601995500582e-03
0.000000000000000000e+00
0.000000000000000000e+00
3.530925462634129219e-03
0.000000000000000000e+00
0.000000000000000000e+00
0.000000000000000000e+00
0.000000000000000000e+00
3.528359991149456788e-03
3.522240884941972398e-03
0.000000000000000000e+00
0.000000000000000000e+00
3.527585994408774257e-03
0.000000000000000000e+00
0.000000000000000000e+00
0.000000000000000000e+00
3.526920533069223106e-03
3.521900602667891404e-03
0.000000000000000000e+00
0.000000000000000000e+00
3.513326469374092754e-03
3.529539211070055471e-03
0.000000000000000000e+00
3.517399290331329337e-03
0.000000000000000000e+00
3.530154491514162027e-03
0.000000000000000000e+00
0.000000000000000000e+00
3.521146818163710564e-03
0.000000000000000000e+00
3.522145613051730871e-03
3.514514808047774358e-03
0.000000000000000000e+00
0.000000000000000000e+00
0.000000000000000000e+00
0.000000000000000000e+00
3.529512038875305593e-03
0.000000000000000000e+00
0.000000000000000000e+00
0.000000000000000000e+00
0.000000000000000000e+00
0.000000000000000000e+00
0.000000000000000000e+00
3.523234844997547716e-03
0.000000000000000000e+00
3.528892520160955594e-03
0.000000000000000000e+00
0.000000000000000000e+00
3.523421642510061753e-03
3.517624480420713639e-03
0.000000000000000000e+00
3.523154116028316858e-03
3.519343552744635516e-03
3.527007256208731286e-03
0.000000000000000000e+00
0.000000000000000000e+00
0.000000000000000000e+00
3.529820884779067205e-03
3.528537262537006017e-03
0.000000000000000000e+00
3.511013444625503844e-03
3.526969861197052063e-03
3.520834098553880364e-03
3.526105049697076613e-03
0.000000000000000000e+00
0.000000000000000000e+00
0.000000000000000000e+00
0.000000000000000000e+00
0.000000000000000000e+00
0.000000000000000000e+00
0.000000000000000000e+00
3.517649726061972994e-03
0.000000000000000000e+00
0.000000000000000000e+00
3.517263540460353194e-03
0.000000000000000000e+00
0.000000000000000000e+00
3.524096165594836454e-03
0.000000000000000000e+00
3.519920780937431642e-03
3.501819342397109562e-03
0.000000000000000000e+00
3.527867608228551794e-03
0.000000000000000000e+00
3.523321913541022175e-03
0.000000000000000000e+00
0.000000000000000000e+00
3.528306290771643025e-03
0.000000000000000000e+00
0.000000000000000000e+00
0.000000000000000000e+00
3.528044256210775831e-03
0.000000000000000000e+00
3.524262009152299806e-03
0.000000000000000000e+00
3.526671394143424381e-03
0.000000000000000000e+00
0.000000000000000000e+00
3.527954900703658171e-03
0.000000000000000000e+00
3.525803247491853497e-03
0.000000000000000000e+00
3.524128434440697896e-03
6.761704503292064183e-01
3.522038900337527093e-03
0.000000000000000000e+00
0.000000000000000000e+00
3.521376125815995749e-03
0.000000000000000000e+00
0.000000000000000000e+00
0.000000000000000000e+00
3.513524395882143981e-03
3.514823543261196698e-03
0.000000000000000000e+00
0.000000000000000000e+00
3.533993384185507222e-03
0.000000000000000000e+00
3.523250752083406743e-03
0.000000000000000000e+00
3.517348210760019248e-03
3.526160045758183672e-03
3.523644933916779236e-03
0.000000000000000000e+00
3.516112492514744756e-03
0.000000000000000000e+00
3.515414199327252746e-03
3.513359634580295182e-03
3.516934029207516819e-03
3.519547491890148445e-03
3.519357868312370224e-03
3.521137633543301292e-03
3.515709047125225271e-03
0.000000000000000000e+00
0.000000000000000000e+00
0.000000000000000000e+00
0.000000000000000000e+00
0.000000000000000000e+00
0.000000000000000000e+00
0.000000000000000000e+00
3.520613282454827016e-03
0.000000000000000000e+00
3.525247688514230454e-03
0.000000000000000000e+00
3.510253205511436932e-03
3.518933199552445011e-03
0.000000000000000000e+00
3.526644877680952007e-03
3.517143751409536074e-03
9.761237021556573579e-01
0.000000000000000000e+00
0.000000000000000000e+00
0.000000000000000000e+00
3.502083380832212139e-03
0.000000000000000000e+00
3.514042915010355452e-03
3.523256836714654377e-03
0.000000000000000000e+00
3.490540939716067423e-03
3.515158633813500813e-03
0.000000000000000000e+00
3.511102670299964292e-03
0.000000000000000000e+00
0.000000000000000000e+00
0.000000000000000000e+00
3.515803227174272086e-03
0.000000000000000000e+00
3.516007928642503420e-03
0.000000000000000000e+00
0.000000000000000000e+00
3.523881606887826860e-03
0.000000000000000000e+00
0.000000000000000000e+00
0.000000000000000000e+00
3.527764759382391677e-03
3.517249284021689484e-03
0.000000000000000000e+00
0.000000000000000000e+00
3.527080771297976588e-03
0.000000000000000000e+00
0.000000000000000000e+00
0.000000000000000000e+00
3.517489039976118281e-03
0.000000000000000000e+00
0.000000000000000000e+00
0.000000000000000000e+00
0.000000000000000000e+00
3.523560486263200512e-03
0.000000000000000000e+00
0.000000000000000000e+00
3.528499387781971076e-03
3.519597429660586366e-03
7.261470947158248368e-01
0.000000000000000000e+00
0.000000000000000000e+00
0.000000000000000000e+00
0.000000000000000000e+00
0.000000000000000000e+00
3.519767143650855135e-03
0.000000000000000000e+00
0.000000000000000000e+00
3.521018198320335739e-03
0.000000000000000000e+00
0.000000000000000000e+00
3.530135696447814133e-03
0.000000000000000000e+00
0.000000000000000000e+00
0.000000000000000000e+00
0.000000000000000000e+00
3.511447786396786671e-03
0.000000000000000000e+00
3.519699954650083208e-03
0.000000000000000000e+00
3.521616255886840779e-03
0.000000000000000000e+00
0.000000000000000000e+00
3.528528863450849408e-03
0.000000000000000000e+00
3.518391478739719795e-03
3.524387267305044771e-03
0.000000000000000000e+00
2.624062187488789000e-02
0.000000000000000000e+00
0.000000000000000000e+00
0.000000000000000000e+00
0.000000000000000000e+00
0.000000000000000000e+00
3.517141952272744704e-03
3.529345080114495471e-03
3.521774953502491892e-03
0.000000000000000000e+00
3.524056788339545356e-03
0.000000000000000000e+00
0.000000000000000000e+00
0.000000000000000000e+00
0.000000000000000000e+00
0.000000000000000000e+00
0.000000000000000000e+00
3.528931995376320772e-03
3.518401827307536707e-03
0.000000000000000000e+00
0.000000000000000000e+00
0.000000000000000000e+00
3.524389434910877878e-03
0.000000000000000000e+00
3.523917057885993850e-03
0.000000000000000000e+00
0.000000000000000000e+00
3.524690974906608595e-03
0.000000000000000000e+00
0.000000000000000000e+00
3.526227913663262069e-03
0.000000000000000000e+00
0.000000000000000000e+00
3.514036138880974325e-03
3.529535263610064644e-03
0.000000000000000000e+00
3.514398945791319569e-03
0.000000000000000000e+00
3.518353876448686302e-03
0.000000000000000000e+00
3.513657330461364761e-03
0.000000000000000000e+00
0.000000000000000000e+00
0.000000000000000000e+00
3.517776270810664060e-03
0.000000000000000000e+00
0.000000000000000000e+00
0.000000000000000000e+00
0.000000000000000000e+00
3.518288846641478337e-03
0.000000000000000000e+00
0.000000000000000000e+00
3.521095972080836526e-03
0.000000000000000000e+00
3.518206252863393703e-03
0.000000000000000000e+00
0.000000000000000000e+00
