0.000000000000000000e+00
5.560232826319499826e-03
5.571676957515778704e-03
5.550111897418586425e-03
5.556435442804327253e-03
5.562939388285058004e-03
5.560772108337546683e-03
5.567420654064143132e-03
5.562236725907733145e-03
0.000000000000000000e+00
5.561529441870751746e-03
0.000000000000000000e+00
0.000000000000000000e+00
5.569136537766943527e-03
0.000000000000000000e+00
0.000000000000000000e+00
5.567633160388117501e-03
5.569502817497106080e-03
5.574826759336758142e-03
0.000000000000000000e+00
5.571999534050734414e-03
0.000000000000000000e+00
5.568896938678208341e-03
0.000000000000000000e+00
0.000000000000000000e+00
0.000000000000000000e+00
5.575429013419968931e-03
0.000000000000000000e+00
5.560399148897624856e-03
0.000000000000000000e+00
5.564036893551942142e-03
0.000000000000000000e+00
0.000000000000000000e+00
5.572380741237408300e-03
0.000000000000000000e+00
5.562090172385439693e-03
5.564942063544220906e-03
0.000000000000000000e+00
0.000000000000000000e+00
0.000000000000000000e+00
0.000000000000000000e+00
0.000000000000000000e+00
5.567648136452538199e-03
5.576760447978774786e-03
0.000000000000000000e+00
5.569915504697987331e-03
0.000000000000000000e+00
5.563832091067633795e-03
5.574133532924009822e-03
0.000000000000000000e+00
5.565915647508554859e-03
0.000000000000000000e+00
0.000000000000000000e+00
5.572777788293022984e-03
0.000000000000000000e+00
5.560255027584312497e-03
5.555925059172629223e-03
5.564530051873249443e-03
0.000000000000000000e+00
5.570999491326015553e-03
5.560364227073468467e-03
0.000000000000000000e+00
0.000000000000000000e+00
5.558071844434271137e-03
0.000000000000000000e+00
5.577803234104143290e-03
0.000000000000000000e+00
5.562091911868630861e-03
0.000000000000000000e+00
0.000000000000000000e+00
0.000000000000000000e+00
5.557967073725058639e-03
5.564563434031769527e-03
5.575070236387200291e-03
0.000000000000000000e+00
5.569881918651395890e-03
5.564501122745828601e-03
0.000000000000000000e+00
0.000000000000000000e+00
0.000000000000000000e+00
5.559185622776364674e-03
5.567028196293689543e-03
0.000000000000000000e+00
0.000000000000000000e+00
0.000000000000000000e+00
5.573285170097901781e-03
5.560727161973101282e-03
0.000000000000000000e+00
5.571821657938525081e-03
0.000000000000000000e+00
5.572571178464312026e-03
5.560547245630404790e-03
5.560979650540488414e-03
0.000000000000000000e+00
0.000000000000000000e+00
0.000000000000000000e+00
0.000000000000000000e+00
5.570513495981278644e-03
5.559323046288052080e-03
0.000000000000000000e+00
5.563022843633665462e-03
5.551311518882818402e-03
5.566973968948044429e-03
5.564603577183273829e-03
0.000000000000000000e+00
0.000000000000000000e+00
5.571675898030726062e-03
5.578099979222381558e-03
0.000000000000000000e+00
5.563957084154312442e-03
0.000000000000000000e+00
0.000000000000000000e+00
0.000000000000000000e+00
5.564190138222786623e-03
5.575930397230229388e-03
5.562374363196270072e-03
0.000000000000000000e+00
0.000000000000000000e+00
5.571680587235543908e-03
0.000000000000000000e+00
0.000000000000000000e+00
5.561106778861161018e-03
5.568135869888344615e-03
5.567425625677940859e-03
0.000000000000000000e+00
0.000000000000000000e+00
5.559931222008300360e-03
0.000000000000000000e+00
5.565284306778670378e-03
5.566139188622186776e-03
0.000000000000000000e+00
0.000000000000000000e+00
5.565772529371231826e-03
0.000000000000000000e+00
5.559418604117654338e-03
5.564694668127092084e-03
5.566730500584268250e-03
0.000000000000000000e+00
5.567399184246962091e-03
5.557977015298560565e-03
0.000000000000000000e+00
5.562043031916693268e-03
0.000000000000000000e+00
0.000000000000000000e+00
5.568454420640724968e-03
0.000000000000000000e+00
0.000000000000000000e+00
0.000000000000000000e+00
5.567602477272668056e-03
0.000000000000000000e+00
0.000000000000000000e+00
0.000000000000000000e+00
0.000000000000000000e+00
5.561322097079489032e-03
5.559719709187602166e-03
5.561797044790687053e-03
0.000000000000000000e+00
5.555655509008430512e-03
0.000000000000000000e+00
5.574766335320327157e-03
5.569137626782854830e-03
5.572190743087998555e-03
5.594224572907381329e-03
5.575902409614505277e-03
0.000000000000000000e+00
5.559631503212598969e-03
5.568321167896630834e-03
0.000000000000000000e+00
5.577418654828214875e-03
5.567768681784824626e-03
5.568064167239612089e-03
5.559892010371198130e-03
0.000000000000000000e+00
5.571004970338366141e-03
0.000000000000000000e+00
5.573556519918506161e-03
0.000000000000000000e+00
5.586655202136314030e-03
0.000000000000000000e+00
5.565496049198623112e-03
0.000000000000000000e+00
5.569058124104454138e-03
5.571104014658576770e-03
5.562049211212349159e-03
0.000000000000000000e+00
5.571602791060417843e-03
5.571353821117405215e-03
5.566631246909399013e-03
5.576549843796741769e-03
0.000000000000000000e+00
0.000000000000000000e+00
0.000000000000000000e+00
5.559401755035198699e-03
5.570217505722611928e-03
5.559107952720162941e-03
5.562846736902763399e-03
5.566870257919240457e-03
5.563918639564545583e-03
5.564229102178668701e-03
0.000000000000000000e+00
5.571967759230782129e-03
5.563318468714778184e-03
5.573055808412567293e-03
5.555926253161884779e-03
5.570411898244756292e-03
5.567319805691402744e-03
5.567766132058137030e-03
5.572032090786490505e-03
5.562193579198656916e-03
5.564100972711342671e-03
5.558781446853076728e-03
5.567724856956379580e-03
0.000000000000000000e+00
5.569750275340084981e-03
5.569027892469460145e-03
5.542796104109362632e-03
7.004612539453534126e-01
0.000000000000000000e+00
5.558478661534632138e-03
5.572321293116629798e-03
5.573368535592888168e-03
5.573247388397150302e-03
5.564040390902868366e-03
0.000000000000000000e+00
5.566097708956244290e-03
5.564305688470500520e-03
5.568511573006114726e-03
5.557842750479084597e-03
5.571928839286216344e-03
5.566891566160450146e-03
0.000000000000000000e+00
0.000000000000000000e+00
5.572293212245154476e-03
0.000000000000000000e+00
0.000000000000000000e+00
5.571643099888913368e-03
5.560234402385461593e-03
0.000000000000000000e+00
5.565598234445456698e-03
7.070362875389208934e-01
5.567312902259259969e-03
5.575749199956379215e-03
0.000000000000000000e+00
5.570183322258317506e-03
5.559652728730316538e-03
5.569820276877574319e-03
0.000000000000000000e+00
5.566400936238801757e-03
0.000000000000000000e+00
5.575101184856957708e-03
5.565957592349211197e-03
5.563615160902970688e-03
5.568103702342234312e-03
0.000000000000000000e+00
5.568310149613839473e-03
0.000000000000000000e+00
5.566375670054271758e-03
5.569298626437087403e-03
5.558965220975345574e-03
5.566788737357193130e-03
5.561259274291680335e-03
0.000000000000000000e+00
0.000000000000000000e+00
5.572009095160478619e-03
5.565200084640340925e-03
0.000000000000000000e+00
5.568316052139687770e-03
8.421482089372073210e-01
5.561399070788207617e-03
5.568269404908157173e-03
0.000000000000000000e+00
5.568374723026975164e-03
0.000000000000000000e+00
5.572409684649426952e-03
5.572883850260143372e-03
5.568546720113787783e-03
5.566430890983047573e-03
5.562198039175299258e-03
5.579548640268629928e-03
5.571222112980488486e-03
5.561011554672097568e-03
5.573778083531274498e-03
0.000000000000000000e+00
5.567023145577261987e-03
5.562570715705015406e-03
0.000000000000000000e+00
0.000000000000000000e+00
5.571334770257733299e-03
5.554150421610903193e-03
7.966365612316936851e-01
5.562108552826063208e-03
0.000000000000000000e+00
5.566238202735745121e-03
0.000000000000000000e+00
0.000000000000000000e+00
0.000000000000000000e+00
5.559164654667643132e-03
5.568691569006909044e-03
5.573142508060804044e-03
0.000000000000000000e+00
0.000000000000000000e+00
0.000000000000000000e+00
0.000000000000000000e+00
5.562092734872205874e-03
5.565872705684775726e-03
5.559957770861226334e-03
7.070156500992665904e-01
5.565644214827189691e-03
5.567077824807772565e-03
5.575830019896953378e-03
0.000000000000000000e+00
0.000000000000000000e+00
5.575669797097690915e-03
0.000000000000000000e+00
0.000000000000000000e+00
5.574614493236575152e-03
0.000000000000000000e+00
5.567971752079747122e-03
5.567029426883478467e-03
0.000000000000000000e+00
0.000000000000000000e+00
5.568478430382957541e-03
5.557980080022208169e-03
5.562514013255814155e-03
5.560754854335673604e-03
5.567057929425044994e-03
5.561774150986916777e-03
0.000000000000000000e+00
0.000000000000000000e+00
0.000000000000000000e+00
5.565210280220202199e-03
0.000000000000000000e+00
5.566399599106494102e-03
5.565052925779314340e-03
5.564386774693818802e-03
5.569348109997321154e-03
5.567216628145378425e-03
0.000000000000000000e+00
5.573354120615207040e-03
5.573083081268829717e-03
5.557637287780060886e-03
5.575670170238911094e-03
5.568330779276273526e-03
5.571319351432044847e-03
5.557592504640640994e-03
5.572587883439864172e-03
5.573954904947366930e-03
0.000000000000000000e+00
0.000000000000000000e+00
0.000000000000000000e+00
0.000000000000000000e+00
5.558851131757100959e-03
5.561917867279125675e-03
5.561268241730359975e-03
0.000000000000000000e+00
5.561887354508947973e-03
5.561626705867022888e-03
5.559643207826780488e-03
5.558771779667941865e-03
0.000000000000000000e+00
0.000000000000000000e+00
5.568368970287964313e-03
5.559716457661486970e-03
0.000000000000000000e+00
0.000000000000000000e+00
0.000000000000000000e+00
5.571480693117795112e-03
0.000000000000000000e+00
0.000000000000000000e+00
5.574497397059656294e-03
5.564963253520544863e-03
5.568899195384949957e-03
0.000000000000000000e+00
5.566586178706126389e-03
0.000000000000000000e+00
5.569397948690654049e-03
5.570598009663575885e-03
5.559829740357177981e-03
5.569305814896766474e-03
0.000000000000000000e+00
5.574061225588794119e-03
0.000000000000000000e+00
0.000000000000000000e+00
0.000000000000000000e+00
5.572220532666701670e-03
0.000000000000000000e+00
0.000000000000000000e+00
0.000000000000000000e+00
0.000000000000000000e+00
5.563562681648822651e-03
5.571106395637025026e-03
5.570079227841866383e-03
0.000000000000000000e+00
0.000000000000000000e+00
0.000000000000000000e+00
0.000000000000000000e+00
5.558229717896962831e-03
5.561154490394785987e-03
5.568031824851151119e-03
5.530035855312788462e-03
0.000000000000000000e+00
0.000000000000000000e+00
0.000000000000000000e+00
0.000000000000000000e+00
0.000000000000000000e+00
0.000000000000000000e+00
0.000000000000000000e+00
0.000000000000000000e+00
5.567867796987945039e-03
0.000000000000000000e+00
0.000000000000000000e+00
5.569442334933422979e-03
5.573529959504883342e-03
5.561195220604043393e-03
0.000000000000000000e+00
0.000000000000000000e+00
5.573968573121125536e-03
0.000000000000000000e+00
5.560176338226085167e-03
0.000000000000000000e+00
5.570082361545051347e-03
5.566639608369091177e-03
0.000000000000000000e+00
0.000000000000000000e+00
0.000000000000000000e+00
0.000000000000000000e+00
5.567037403261518302e-03
5.568385822410793461e-03
5.562388004246534255e-03
5.575479486516381374e-03
0.000000000000000000e+00
5.576858175272456780e-03
5.560124651455444766e-03
5.570572516200522628e-03
5.572464836284009987e-03
