2.115121875238061035e-03
2.101137474385876818e-03
2.111084488966006190e-03
2.096519822594032200e-03
2.102231280881641708e-03
2.110768390275655389e-03
2.094160679788129292e-03
2.106264711076620381e-03
2.100762647871901902e-03
2.098364139649784056e-03
2.106569010406664656e-03
2.093440835548755850e-03
2.100475106429463418e-03
2.097947451026339286e-03
2.101765158352756051e-03
2.104348307770430478e-03
2.098404444872913575e-03
2.099651644334573665e-03
2.103181276648381261e-03
2.101325331405942427e-03
2.100191200946661604e-03
2.106142235980457047e-03
2.096046333913618390e-03
2.107263179698991209e-03
2.108244981473881771e-03
2.104095563279589041e-03
2.094078940200356891e-03
2.110036972484297113e-03
2.112664321001156854e-03
2.102918175214951550e-03
2.108090622489094089e-03
2.104464080351617188e-03
2.104987034064902379e-03
2.100802735867572310e-03
2.111905793170333959e-03
2.102450706343416114e-03
2.107616847681961173e-03
2.104932888959200419e-03
2.105962902607719754e-03
2.106399762028725395e-03
2.100539959967612572e-03
2.104495605504594444e-03
2.096078234644519010e-03
2.096903673311821883e-03
2.111801342401185052e-03
2.100785724355648792e-03
2.102110555618609197e-03
2.101390970211214175e-03
2.113414258325205502e-03
2.104033187305703011e-03
2.101403282221294896e-03
2.100145933180545734e-03
2.106426734798640121e-03
2.113802512763077353e-03
2.111036291708159960e-03
2.107324854139014120e-03
2.110552711799117825e-03
2.101221493575945211e-03
2.112231800658480058e-03
2.097515857805155783e-03
2.102867507802529644e-03
2.110086594401795745e-03
2.095394379797741857e-03
2.099872441899020004e-03
2.113347286624901126e-03
2.093083012365685655e-03
2.108560591826640854e-03
2.106777303541841617e-03
2.109896465623930899e-03
2.112375071856945410e-03
2.103125927382658040e-03
2.105575116813750234e-03
2.108420402307659147e-03
2.098664116332499708e-03
2.106769891447091148e-03
2.095950114914015006e-03
2.104222736675257464e-03
2.107912265060757177e-03
2.110548718527448762e-03
2.098821045945153778e-03
2.102414196709902639e-03
2.102306070254498366e-03
2.108499961092235968e-03
2.111444892181486756e-03
2.111995454338591247e-03
2.100499932492977395e-03
2.108818251297919256e-03
2.116094946724918734e-03
2.110640455644152615e-03
2.102060497727982306e-03
2.108949668078651148e-03
2.105942550364963209e-03
2.111690703027109019e-03
2.103451388779011694e-03
2.112406377869660307e-03
2.106992446732081255e-03
2.101838408330840031e-03
2.103193723590851896e-03
2.102355997506430950e-03
2.115120744710647597e-03
2.102038976872639287e-03
2.096691870848324361e-03
2.099201573928144784e-03
2.109848312550756649e-03
2.109215040813836473e-03
2.110484872457355204e-03
2.097734219959749170e-03
2.101855691329361942e-03
2.109495816188080089e-03
2.097899329787990177e-03
2.113737184450094168e-03
2.098910593545056259e-03
2.106604359098100416e-03
2.102775743142135372e-03
2.103433130280335170e-03
2.109302892418785536e-03
2.099772378565311227e-03
2.097968813900512059e-03
2.098111975169508238e-03
2.113172965048499413e-03
2.110287828612787079e-03
2.105778529427710863e-03
2.105057133004560946e-03
2.109017156749322646e-03
2.107538905548420483e-03
2.104843337341501426e-03
2.107030642173976075e-03
2.105396842534623929e-03
2.103702197230556802e-03
2.100348479781703661e-03
1.629247433828540093e-02
2.098474167742881563e-03
2.110624048006254101e-03
2.105459915083575818e-03
2.098724618933851382e-03
2.097372605793848370e-03
2.101333722410979061e-03
2.101805835363904345e-03
2.103216149080750549e-03
2.092424231248387473e-03
2.108104173600943050e-03
2.098220486854107409e-03
2.103636543393830674e-03
2.104477607441596586e-03
2.105138250729327379e-03
2.111370881972600422e-03
2.101968729922445468e-03
2.100617154302529457e-03
2.095287856243439797e-03
2.101615453496025708e-03
2.101438866447568818e-03
2.110107219064748067e-03
2.102800536290997876e-03
2.101356789348633736e-03
2.108964359350293076e-03
2.096306422221759762e-03
2.103544126507127417e-03
2.111422809241927327e-03
2.105404177148000218e-03
2.101277777266569169e-03
2.108219920125453846e-03
2.107850695895326695e-03
2.095534766458863416e-03
2.095390810720305485e-03
2.097296951479607138e-03
2.107404219239115799e-03
2.107216425580960961e-03
2.105530721711486135e-03
2.098846885040596931e-03
2.108518242133156605e-03
2.109689638281968607e-03
2.096910163378784466e-03
2.112261843836783694e-03
2.097009969324133052e-03
2.101486414665728903e-03
2.097944882988821841e-03
2.106124980521314333e-03
2.105923797403436680e-03
2.096184548785489776e-03
2.109294636080356194e-03
2.103112620680936198e-03
2.098186597309109440e-03
2.097639837133707941e-03
2.106734207172637850e-03
2.115862353693942228e-03
2.097168118114578830e-03
2.093329471094375425e-03
2.101416463463231382e-03
2.102200116054300100e-03
2.102533108371404478e-03
2.101150724324428974e-03
2.102536403301475884e-03
2.103096059888805332e-03
2.096809580876762315e-03
2.097700440972213257e-03
2.102946639408313691e-03
2.103203244713702097e-03
2.108240033879813825e-03
2.109976346794723966e-03
2.097281024089994207e-03
2.109840843988882234e-03
2.097203540454352019e-03
2.105057133004560946e-03
2.105456824036852984e-03
2.099919772874451508e-03
2.104901827079003543e-03
2.103655119346585414e-03
2.099231199012912500e-03
2.102746840368802713e-03
2.103592477970919403e-03
2.101338841339677518e-03
2.109424255190314994e-03
2.101357267217080372e-03
2.102742219985933875e-03
2.110389714525190592e-03
2.111382818846137353e-03
2.095479760745738457e-03
2.112845694943811178e-03
2.108727863264069947e-03
2.099441502315900314e-03
2.110683872126561857e-03
2.095761695835581234e-03
2.108064111417679541e-03
2.104994225999833220e-03
2.111532583989000553e-03
2.106296046560889382e-03
2.112573132670137865e-03
2.108315763015437654e-03
2.094975839773180037e-03
2.094147210754242379e-03
2.109887154335117563e-03
2.104834784080563802e-03
2.105578946524096391e-03
2.097556760603028897e-03
2.103847084693038442e-03
2.095586076907729293e-03
2.107776497275390144e-03
2.098558853345148818e-03
2.101219175504020695e-03
2.106887341826922232e-03
2.100640891041503575e-03
2.108102812906074205e-03
2.103671646502788904e-03
2.105988978821713830e-03
2.106352534983698104e-03
2.102430663960679156e-03
2.098858258833028248e-03
2.102661437613240376e-03
2.094966863380416829e-03
2.103908525052034656e-03
2.104436169296730608e-03
2.109112974812318332e-03
2.106009722544031383e-03
2.105797525552935770e-03
2.100924926481734321e-03
2.098610208312311296e-03
2.095826981434610516e-03
2.103729004372921658e-03
2.107553030414807682e-03
2.099027105990574661e-03
2.106243303592511638e-03
2.112011134573458290e-03
2.107394216801571334e-03
2.096615263265900857e-03
2.102204518747648881e-03
2.111134068893173038e-03
2.104794551313826732e-03
2.102745400835620386e-03
2.101302082423012196e-03
2.102751881768289820e-03
2.110171603792104084e-03
2.098352763609861484e-03
2.106171751424633452e-03
2.103350603762472234e-03
2.096469245761566156e-03
2.097961306524003845e-03
2.101750601296340296e-03
2.093968781541899644e-03
2.098108133871121224e-03
2.108737642073734743e-03
2.098117921096157718e-03
2.101467751957626466e-03
2.099212991542441942e-03
2.102867507802529644e-03
2.103372813514560891e-03
2.106700308041030163e-03
2.100471114074833803e-03
2.104960019075403921e-03
2.100026688410725623e-03
2.112392631696386434e-03
2.106226703867375514e-03
2.110157681563285502e-03
2.097379534683682222e-03
2.104431510115912975e-03
2.108717289563983438e-03
2.098143065125891889e-03
2.113250293644565372e-03
2.108314632975173165e-03
2.111798730321275911e-03
2.096859488669025780e-03
2.103043219158837098e-03
2.100381254881987601e-03
2.110819089800699752e-03
2.110226257434021351e-03
2.100662970202582438e-03
2.098662414043353693e-03
2.097527720301036770e-03
2.097787102887504335e-03
2.097331291138660944e-03
2.099151449744648262e-03
2.106720280308783857e-03
2.104305034779342057e-03
2.108975706251252705e-03
2.097636873825340590e-03
2.101143250221685580e-03
2.102133777435487034e-03
2.103372354787017093e-03
2.097440951210588055e-03
2.079546091495621234e-03
2.108142144482114556e-03
2.103347364283588740e-03
2.106057480701356913e-03
2.112193303138158729e-03
2.106534540635994057e-03
2.107905208409854240e-03
2.101602760522994998e-03
2.105214849891736198e-03
2.100975536091020252e-03
2.100925127633305415e-03
2.105857866938620326e-03
2.095703306130798638e-03
2.123472190461480301e-03
2.103382244401543703e-03
2.107134569901052221e-03
2.106114643379537223e-03
2.099493091103847141e-03
2.103148706807376946e-03
2.111660224146697309e-03
2.108451804873248681e-03
2.098898986550886206e-03
2.102216774389598954e-03
2.109089353452532623e-03
2.107949193254278486e-03
2.107158849629684350e-03
2.097538599211777339e-03
2.105576863926926588e-03
2.104403947639632479e-03
2.117274260370344795e-03
2.108908668130460295e-03
2.106582986039498388e-03
2.109789582406522250e-03
2.108780572178421166e-03
2.104104763384139626e-03
2.097834782655063398e-03
2.098589683748809404e-03
2.101133817315499822e-03
2.097977330091888287e-03
2.101946002213858807e-03
2.097545130902205880e-03
2.104213439274903522e-03
2.098425308216622046e-03
2.109211276803251919e-03
2.107143917694604893e-03
2.111592330929978976e-03
2.111441807624802030e-03
2.111709876035761536e-03
2.106880167543481036e-03
2.108173868150484739e-03
2.104157850951728082e-03
2.099941124774365019e-03
2.104408357337391334e-03
2.107430675595405121e-03
2.103632413491104448e-03
2.103060036737136249e-03
2.098901624969810083e-03
2.100281709244475065e-03
2.096683148791494544e-03
2.104675434334471028e-03
2.110754204088651637e-03
2.107709378513518850e-03
2.103143621083259068e-03
2.099297219898776674e-03
2.100046971409712162e-03
2.095437245685459297e-03
2.105079868856048024e-03
2.106398487620753449e-03
2.105237904666523805e-03
2.104633205515252237e-03
2.100864322296126883e-03
2.107553030414807682e-03
2.106933450771675265e-03
2.099346899973761945e-03
2.103080049419107922e-03
2.104355408145162226e-03
2.115724441060173877e-03
2.110473022499147373e-03
2.113707321100489773e-03
2.104862953887014394e-03
2.106006658500112188e-03
2.107958954444380355e-03
2.115302095271603434e-03
2.106936185165932292e-03
2.106992379066030974e-03
2.111964463425535388e-03
2.108795973132557289e-03
2.096642338932322436e-03
2.099372748244157996e-03
2.103761774371792383e-03
2.106229580162290432e-03
2.095225333881677119e-03
2.104184280277303799e-03
2.104840645112272379e-03
2.108393035533093901e-03
2.110148257422163939e-03
2.107042525166840513e-03
2.108190486575448139e-03
2.098124678701036167e-03
2.111808373327657591e-03
2.114380181898204304e-03
2.097999890928633517e-03
2.094338764203109490e-03
2.103579923805837335e-03
2.109568556780973356e-03
2.114684040278824468e-03
2.105655484327704791e-03
2.106020499636394872e-03
2.098765504798226489e-03
2.107752968450002547e-03
2.109459927601563430e-03
2.099289657058211502e-03
2.099516427414170085e-03
2.107137904131780974e-03
2.108186817837776408e-03
2.112789236698968051e-03
2.110281179347400955e-03
