1.933013030215441179e-03
1.925838407075922262e-03
1.922818480420823099e-03
1.935431320933788269e-03
1.936110986202631062e-03
1.923485870792673814e-03
1.933966426497988472e-03
1.926601880715455000e-03
1.923335390689367552e-03
1.931946001093920885e-03
1.937823694907756314e-03
1.934415953404176663e-03
1.937833507921191134e-03
1.933967732073612429e-03
1.920692122656395126e-03
1.927615897813627190e-03
1.924491548625993772e-03
1.926040966188155481e-03
1.921890096389192301e-03
1.935573403370583357e-03
1.939313851177887306e-03
1.930747217697327198e-03
1.923131147708600141e-03
1.929645090791705982e-03
1.934997040018117224e-03
1.940660279641523130e-03
1.928284517507473884e-03
1.943882205065730531e-03
1.925052438274262815e-03
1.931100522405687333e-03
1.928525946867257288e-03
1.933213286482385806e-03
1.925299786145859239e-03
1.935580780075545721e-03
1.926699295276459566e-03
1.940928246937763824e-03
1.931821479747228070e-03
1.930570666843475129e-03
0.000000000000000000e+00
1.933427971025486513e-03
1.919280597154797820e-03
1.935590641824712355e-03
1.938521393619000149e-03
1.929236575339496936e-03
1.935568832284013116e-03
1.932674656485817641e-03
0.000000000000000000e+00
1.929451816660151826e-03
1.928563465856802895e-03
1.929467233898089079e-03
1.924723714178304314e-03
1.923242215402277315e-03
1.934413906060638904e-03
1.934860315567412748e-03
1.927543452285358999e-03
1.919501907376223310e-03
1.932713819057411270e-03
1.934895559611095155e-03
1.924734785549300298e-03
1.937905936997518820e-03
1.928698602988509992e-03
1.947498907617997450e-03
1.934244542233466788e-03
1.933436379500833718e-03
1.922828885874274668e-03
1.927094494101718163e-03
1.934573964743760118e-03
1.923993038255957140e-03
1.925560372817639813e-03
1.931408875785348448e-03
1.936048557758268066e-03
1.933046536390717329e-03
1.931601554552431557e-03
1.923920650772705876e-03
1.927469919708686393e-03
1.932505020140674228e-03
1.928676192647508884e-03
1.928515721614498411e-03
1.926970671901884246e-03
1.927500575840303569e-03
1.937651455088150844e-03
1.934574160808476663e-03
1.939541791401817481e-03
1.919552929144450765e-03
1.922910604587326497e-03
1.933544565985615945e-03
1.939934001441677653e-03
1.936220326753525928e-03
1.928685594552493904e-03
1.939937146742897215e-03
1.925111459135581517e-03
1.936929125709225792e-03
1.929133445163363179e-03
1.927887126707933082e-03
1.932102469247215298e-03
1.949361844672120375e-03
1.932913535865020621e-03
1.929965822336578672e-03
1.931486991705516371e-03
1.928852207958461863e-03
1.926879279526835321e-03
1.941780857090964112e-03
1.929656354151617617e-03
1.934577519624413201e-03
1.929609939314268609e-03
1.925912894292542256e-03
1.931274179191141060e-03
1.930072930440903918e-03
1.945772512552152323e-03
1.933354987078447383e-03
1.934781831302358765e-03
1.928261820084540331e-03
1.938722579463728014e-03
1.927699596803194486e-03
1.927935088526509452e-03
1.925124417706926185e-03
1.940512583674027652e-03
1.920337836013022307e-03
1.923327219758808439e-03
1.937426635643638758e-03
1.926420713583200210e-03
1.929684721235941716e-03
1.936252924719854577e-03
1.929399519255099900e-03
1.925567605890590294e-03
1.926593417447220336e-03
1.925504720048734804e-03
1.924814973675959039e-03
1.935287444673049846e-03
0.000000000000000000e+00
0.000000000000000000e+00
1.936150300762384596e-03
1.929327178219400170e-03
1.925037110337842264e-03
1.928146523971518240e-03
1.930783699428489887e-03
1.923115604600270003e-03
1.933174447771886153e-03
1.929549586087295904e-03
1.928053652194370877e-03
1.933145643675025218e-03
1.922301485718546504e-03
1.931949688932739278e-03
1.926699295276459566e-03
1.936150537228831497e-03
1.928229238797887117e-03
1.919232905930213324e-03
1.936580803795086292e-03
1.927568834522368907e-03
1.926725391899062256e-03
1.928958285190555998e-03
1.935068441938255814e-03
1.917434436053991071e-03
1.924586877973953570e-03
1.918940160846225066e-03
1.927181139873795088e-03
1.933720449871163859e-03
1.938205163100078067e-03
1.934681304040055012e-03
1.931162591789503408e-03
1.930621431273874455e-03
1.924300242224206720e-03
1.928890181638139587e-03
1.926193856719990178e-03
1.938434260014339217e-03
1.925077145343021120e-03
1.942415719924574236e-03
1.935088346899677776e-03
1.930951402109605790e-03
1.934882610826930884e-03
1.926699295276459566e-03
1.930298807915563223e-03
1.932600481019906228e-03
1.922973610092758995e-03
1.928770306809494484e-03
1.925988756432096653e-03
1.933478815932393458e-03
1.937832134163907424e-03
1.935173256271123998e-03
1.937898762528074068e-03
1.924099588307062432e-03
1.932245993736501260e-03
1.926773930748951983e-03
1.937393551685984584e-03
1.936323448051535754e-03
1.926839727946787553e-03
1.935605295902392180e-03
1.920458961421338913e-03
1.934364481252227137e-03
1.933504169534539137e-03
1.926730996806565220e-03
1.940713475546715664e-03
1.925135107840510087e-03
1.932036889666554442e-03
1.926119953297222636e-03
1.931690103970488482e-03
1.932364568725147922e-03
1.927412097088678769e-03
1.925379320310031820e-03
1.923694219111572300e-03
1.928667026042839554e-03
1.928629267986740285e-03
1.927257935043498504e-03
1.930387329723426285e-03
1.923413462810663827e-03
1.931956801633846407e-03
1.933253724118782959e-03
1.930521014823060677e-03
1.935336851566852364e-03
1.934858743066351309e-03
1.941875035431848018e-03
1.925449209914247527e-03
1.925437331927973717e-03
1.930746304649047854e-03
1.930053722376355715e-03
1.929800537914298352e-03
1.927164363066712202e-03
1.926237111095831667e-03
1.926719659098780459e-03
1.928045828474529407e-03
1.926699295276459566e-03
1.933967151593542384e-03
1.943162631958714973e-03
1.930548808721243648e-03
1.927357576949710431e-03
1.929641223766281281e-03
1.933831382890695283e-03
1.927327200662952130e-03
1.928200784495277906e-03
1.932942182153177084e-03
1.936210493418644542e-03
1.936164606288663789e-03
1.938762927493245958e-03
1.926548862322930008e-03
1.937178414902848960e-03
1.933097414012891185e-03
1.922976906733491528e-03
1.934984835406911019e-03
1.921841548182646282e-03
1.934704533839108967e-03
1.931408708245705048e-03
1.928304718488335276e-03
1.933227846610178916e-03
1.935574883459245882e-03
1.923322199208073961e-03
1.926428001452028379e-03
1.932390846791253195e-03
1.927259511457416526e-03
1.928572029627022982e-03
1.935604747453381364e-03
0.000000000000000000e+00
1.937929359745472471e-03
1.936416468122571788e-03
1.930279027281211817e-03
1.925141349641260611e-03
1.929137305127468904e-03
1.935532084753614507e-03
1.922470191684572853e-03
1.924729594508911741e-03
1.928283758475288039e-03
1.924892645948180023e-03
1.925820834222542570e-03
1.928504636428826679e-03
1.918436047033747049e-03
1.928824473394407648e-03
1.927821535716659753e-03
1.921170147258536133e-03
1.931978960222588285e-03
1.923898059209031616e-03
1.942567434937839295e-03
1.934744873842382746e-03
1.932905853677686437e-03
1.929723317727874768e-03
1.933995209475760941e-03
1.924248419043644333e-03
1.928046594090478735e-03
1.920153131372219274e-03
1.924009616970680670e-03
1.932291680008685472e-03
1.936442955228733160e-03
1.925757854635471063e-03
1.937034709371492124e-03
1.926238567197876162e-03
1.922371676035776814e-03
1.932033120070042551e-03
1.934735350001373297e-03
1.928482417252497987e-03
1.932534715123254525e-03
0.000000000000000000e+00
1.926545478757624901e-03
1.923735020714418880e-03
1.929210830214808789e-03
1.924553422793931880e-03
1.928466048527645435e-03
1.928368676907178279e-03
1.932341821807809050e-03
0.000000000000000000e+00
1.933231944164114828e-03
1.930872172135636618e-03
1.940205866423829785e-03
1.936656512637970409e-03
1.928937202368971766e-03
1.928490692386595909e-03
1.925307668343837972e-03
1.932275599555602656e-03
1.929478226128446142e-03
1.928888625556938628e-03
1.926802291353551556e-03
1.928923558218818965e-03
1.933449354601754272e-03
1.936491721672733111e-03
1.938380308707149434e-03
1.931315178824301359e-03
1.931667543267002757e-03
1.941660865541980320e-03
1.941761837402306966e-03
1.940801222825933080e-03
1.926408898560658068e-03
1.932519531412572747e-03
1.928440103664221320e-03
1.941812473309353524e-03
1.927315143793958919e-03
1.941698994289202569e-03
1.928197462581292048e-03
1.936566902526372673e-03
1.933816402186320582e-03
1.928978238886530595e-03
1.921597238310793123e-03
1.939491407254596150e-03
1.928124026879931901e-03
1.927490483551551250e-03
1.922822434321435400e-03
1.927377924848098795e-03
1.925660740058729404e-03
1.923508375906651715e-03
1.929749406186500151e-03
1.923271103729007640e-03
1.925529035764443750e-03
1.930721169212249507e-03
1.922358857211378148e-03
1.944690878718165509e-03
1.932833920804601958e-03
1.935142935057869613e-03
1.930300913843901837e-03
1.926545490379220297e-03
1.930184560273565542e-03
1.923380149551566585e-03
1.920622282274722344e-03
1.927201993683928458e-03
1.926418320179506009e-03
1.929194446118545712e-03
1.928747144454374214e-03
1.934481550115737082e-03
2.987310095715379754e-01
1.934867602988147965e-03
1.930717125971381310e-03
1.936475107329622405e-03
1.939140584871686243e-03
1.930768004735570901e-03
1.939591188616789129e-03
1.939719983392633506e-03
1.927645945236672537e-03
1.939267626952225322e-03
1.930649661814647566e-03
1.939872209765503832e-03
1.940577344684985602e-03
1.931135021024385631e-03
1.945558101996595207e-03
1.926538306783148790e-03
1.932479739679409704e-03
1.928715213279830545e-03
1.916474196065497430e-03
1.928697966981001181e-03
1.927807947436070268e-03
1.936572592308592050e-03
1.925496701775214611e-03
1.924957000138956698e-03
1.942834867596104822e-03
1.936128249906115834e-03
1.921790073999578427e-03
1.932339946056102964e-03
1.925035624329325288e-03
1.934916511334776237e-03
1.935746052592380011e-03
1.934146692673995721e-03
1.919943716367862943e-03
1.928554046876582119e-03
1.937232063369143803e-03
1.924866105558780587e-03
1.932580987755425127e-03
1.929604176029379569e-03
1.930332348620775792e-03
1.920769420709425752e-03
1.931791416025361707e-03
1.936793896330543880e-03
1.935541140902148063e-03
1.935614297921063685e-03
1.922766366153752949e-03
1.928161898461042177e-03
1.935991005317975197e-03
1.931462655767434171e-03
1.933981936963086309e-03
1.933862165561256062e-03
1.932858828880811616e-03
1.925014761539208495e-03
1.926520125793238164e-03
1.936607456174352111e-03
1.922947171650548530e-03
1.937339157054969018e-03
1.929299325082013379e-03
1.921603928716928691e-03
0.000000000000000000e+00
1.926422112900205144e-03
1.933441530231440287e-03
1.925612963666178262e-03
1.935746082308302442e-03
1.935387101383033263e-03
1.920897599863945595e-03
1.932100192067447413e-03
1.922900572944340365e-03
1.926053357793500826e-03
1.922749448473716786e-03
1.926304728626050114e-03
1.929627517498709631e-03
1.927873410422513986e-03
1.928423417742150840e-03
1.942813401559768125e-03
1.933766030961291214e-03
1.929297293350488822e-03
1.934206400338503396e-03
1.924122226119253862e-03
1.922506528292528471e-03
1.929654745885545000e-03
1.936641649307552400e-03
0.000000000000000000e+00
1.926587582601587854e-03
1.935479184041487494e-03
1.932646691025869225e-03
1.926091525294726988e-03
1.929427959767316238e-03
