4.354234355525342659e-01
7.682230442406504656e-01
7.682240104808835124e-01
7.682201957681689120e-01
7.682185256716936861e-01
7.682235879672709711e-01
7.682250049481866849e-01
7.682114101338333167e-01
7.682168214556671648e-01
4.354281171172014187e-01
7.682237398395518335e-01
4.354304300318633802e-01
4.354395561101725987e-01
7.682124967501856583e-01
4.354373563901449140e-01
4.354263192894746726e-01
7.682239994972258623e-01
7.682185800524752306e-01
7.682188186962749521e-01
7.005299229825974194e-01
7.682176134830599468e-01
7.005305888972399586e-01
7.682159977921113603e-01
4.354280310039132518e-01
4.354399194164983444e-01
4.354345330490063115e-01
7.682180123852793141e-01
4.354332053409420977e-01
7.682195978323969054e-01
7.023133887305441636e-01
7.682255884690234460e-01
7.022948939144271208e-01
4.354298142750278600e-01
7.682256037391679282e-01
4.354329913881151426e-01
7.682144374848350887e-01
7.682246399672066905e-01
4.354490513556319997e-01
4.354338024840663790e-01
4.354273279348649939e-01
4.354345413858651259e-01
4.354331465471670271e-01
7.682173779009403569e-01
7.682110251555285263e-01
4.354268516307683856e-01
7.682294519448684689e-01
4.354248692185642144e-01
7.682187033099676654e-01
7.682118637856507615e-01
4.354341439101768740e-01
7.682186088013943648e-01
4.354362531469650466e-01
4.354413051385674360e-01
7.682190477052887045e-01
4.354309997343552285e-01
7.682227972400597071e-01
7.682235308153257947e-01
7.682202028883760025e-01
4.354316380136047937e-01
7.682141616590623112e-01
7.682205377615686226e-01
7.022607444406576693e-01
4.354307083087305963e-01
7.682099774207087339e-01
4.279708951079982948e-01
7.682119950340080550e-01
4.850650843468802265e-01
7.682157718207336394e-01
4.850657426593096844e-01
4.354316514017489981e-01
9.939222551739884670e-01
7.682227449935459251e-01
7.682258001927801949e-01
7.682160779013559315e-01
4.354308421592477107e-01
7.682317210695940313e-01
7.682175032053786268e-01
4.354272825268895031e-01
4.354258101429522854e-01
4.354347919226859709e-01
7.682179157776101164e-01
7.682129645971241816e-01
4.354344965799974432e-01
4.354370695762790899e-01
4.354310681476694644e-01
7.682257932848075566e-01
7.682070772399406389e-01
4.354557586219183207e-01
7.682201931715048060e-01
4.354274802676180167e-01
7.682100100283129063e-01
7.682241971287055993e-01
7.682129142314305659e-01
4.354392969386650658e-01
4.354338982871098218e-01
4.354334448240517186e-01
4.354400203845663064e-01
7.682190250917285690e-01
7.682231075139407395e-01
4.354342938379932026e-01
7.682194903379314654e-01
7.023379555719582168e-01
7.682188451797934414e-01
7.682174827043838361e-01
4.354353609368751266e-01
4.850871378583498927e-01
7.682247392810594988e-01
7.682238912109018436e-01
4.354355621414783273e-01
7.682187883517005433e-01
4.354266137378629553e-01
4.354298431047803342e-01
4.354364963587247228e-01
7.682263418673624944e-01
7.682223467804270012e-01
7.682187849848219896e-01
4.354319007900498417e-01
4.354234292774122328e-01
7.682298464460320941e-01
4.354336140208389661e-01
4.354328243336716420e-01
7.682106541747463213e-01
7.682181043394108455e-01
7.682208685688779459e-01
4.354398893799608095e-01
4.354372053216463145e-01
7.682146286520100675e-01
4.354517335229594055e-01
7.682169491898178659e-01
7.682189727368505805e-01
4.354430280858279656e-01
4.354374857241813390e-01
7.682115899775587842e-01
4.354332064556615256e-01
7.682156005646932906e-01
7.682167591816865260e-01
7.682156822458663381e-01
4.354424760098659086e-01
7.682274605134589152e-01
7.682154146031582309e-01
4.354225370304448117e-01
7.682104094580577414e-01
4.354213094477045742e-01
4.354394504004326927e-01
7.682108727444914020e-01
7.682219496450028995e-01
7.682194396694096428e-01
4.354298857152661961e-01
7.682253189439907093e-01
4.354329766145464409e-01
4.354319547835377446e-01
4.354379202960299566e-01
4.354341816295851930e-01
7.682203360703762085e-01
7.682214018179638337e-01
7.682183527780279686e-01
4.354260498545519109e-01
7.682211998762166205e-01
4.354258968359586701e-01
7.682190203512901938e-01
7.682177514550421193e-01
7.682250178961227416e-01
7.682111581593842331e-01
7.682125235693306742e-01
4.354338424754808368e-01
7.682157467676838936e-01
7.682134497138326523e-01
4.354269989674297570e-01
7.682149557763632286e-01
7.682233882428499694e-01
7.682100459066605325e-01
7.682189350696890795e-01
4.354291471319111650e-01
7.682198688367369854e-01
4.354300201963571260e-01
7.023059440551073784e-01
3.231350238840799971e-01
7.682171246804091469e-01
4.354373349931671688e-01
7.682101442155678805e-01
4.354185156588065153e-01
7.682217757302020056e-01
7.682163338545211495e-01
7.682122587340354247e-01
4.354391741004245975e-01
7.682152744054764337e-01
7.682212713295292206e-01
7.682198295917259667e-01
7.682192324290412211e-01
3.834670273345985314e-01
4.354271450093347706e-01
4.354220443692263798e-01
7.682171804031355800e-01
7.682178391631800940e-01
7.682192645124451547e-01
7.682145271146966214e-01
7.682307167366833056e-01
7.682283981564507203e-01
7.682122983779283709e-01
4.354363107908402752e-01
7.682258304732835219e-01
7.682209643617488037e-01
7.682156146109113681e-01
7.682163225777274285e-01
7.682196516877897174e-01
7.682082860976489069e-01
7.682115568344703993e-01
7.682261034020992918e-01
7.682117389467980617e-01
7.682170866173729795e-01
7.682224756186939452e-01
7.682253968372774189e-01
4.354448479005071371e-01
7.682157949111158013e-01
7.682139310375254437e-01
7.682129099679940731e-01
7.682115767976238629e-01
7.023140848769044986e-01
7.682116880823977034e-01
7.682103043458049507e-01
7.682195254782866467e-01
7.682138191612201128e-01
7.682116872884507952e-01
4.354224581801501848e-01
7.682168799038829876e-01
7.682228198191576318e-01
7.682162911132904837e-01
7.682221516975071829e-01
7.682239257689401635e-01
7.682219044496819693e-01
4.354287465862366480e-01
4.354407921665037207e-01
7.682168126984114664e-01
4.354234824318777841e-01
4.354408838469824294e-01
7.682224394977998916e-01
7.682137262762842589e-01
7.682056159110352000e-01
7.682141862786378006e-01
7.738738121864624508e-01
7.682241973283278069e-01
7.682106315754353432e-01
7.681983747750529279e-01
7.682107765949095501e-01
7.682262835945020685e-01
7.682252967930754961e-01
4.354347020883981845e-01
7.682179150571681880e-01
4.354470876078727071e-01
7.682137712545026309e-01
7.682144688712195801e-01
7.682070093290055413e-01
7.682176820242451187e-01
4.354331827915210451e-01
7.682197034395090718e-01
4.354262713875660107e-01
7.682165766562275566e-01
7.682202664979406181e-01
7.682125144908399372e-01
7.682169750607293901e-01
7.682190694069060966e-01
7.682100314907498451e-01
4.354277695704398266e-01
7.682199012824378892e-01
7.682194123907866157e-01
4.354403771716374716e-01
7.682278789464157542e-01
7.682193231465771488e-01
7.682198162201145930e-01
7.682093626345668502e-01
4.354342857751229423e-01
7.682143580056387533e-01
4.354302346478911567e-01
7.682231163499245730e-01
7.682262460459972075e-01
7.682216866177054015e-01
7.682195443636219423e-01
7.682190705728272340e-01
7.682300277343921957e-01
7.682124850793492499e-01
7.682181866644358648e-01
7.682267065326906508e-01
4.354373078105575612e-01
7.682180384044368093e-01
7.682254471627225634e-01
4.354329443675752365e-01
4.354263575284108012e-01
7.682266395781274237e-01
7.682076454971886736e-01
7.682203176720759918e-01
7.682205033234208447e-01
4.354283883184891235e-01
7.682110145676015467e-01
4.354309571910648935e-01
4.354412166597610434e-01
4.354237562337942014e-01
7.682196614340650598e-01
7.682295751391905458e-01
7.682232804179870422e-01
4.354492469138946942e-01
4.354327385574223719e-01
4.354323842603402550e-01
7.005443844645211637e-01
7.682169480860658872e-01
7.682251340881662838e-01
7.682097268220853259e-01
7.682126266741181597e-01
7.682162339334576151e-01
7.682247394065819801e-01
7.682247509832104138e-01
4.354275444297891484e-01
4.354250721072229768e-01
7.682227414690258049e-01
4.354299462687178934e-01
4.354249618286411549e-01
7.682239325957028742e-01
4.354422251312017322e-01
7.682201535079218324e-01
7.682165900393465030e-01
4.354255112277243822e-01
4.354364296417084224e-01
7.682199576522552587e-01
7.682208342753628072e-01
7.682153800743529715e-01
7.682077077581154212e-01
7.682254621363264757e-01
7.682180631443097374e-01
4.354230630042339456e-01
1.024517262759479658e-01
4.354226600114263213e-01
7.682210323553673170e-01
1.023995719513288299e-01
7.682136890174139365e-01
7.682186783818629738e-01
7.682186669598900508e-01
7.682157930256755529e-01
7.682150077327503102e-01
4.354352565432533795e-01
7.682221071222934405e-01
7.682196369732344765e-01
7.682249614172951269e-01
7.682218997592084042e-01
7.682233218432921174e-01
7.682177882161320692e-01
7.023250983607003395e-01
7.682237225549762849e-01
7.682047715128228482e-01
7.005473926923047046e-01
4.354385154316858797e-01
7.682107659436272495e-01
4.354385479373660828e-01
7.682163045215889552e-01
7.682227501192389063e-01
7.682201698474665497e-01
4.354311037529181583e-01
7.682087809473858719e-01
7.682220870082548947e-01
7.682197242893933353e-01
7.682284818145823646e-01
4.354346028766334364e-01
2.870855008355563398e-01
7.682144553515301011e-01
7.682252154349942241e-01
4.354391504525308987e-01
4.354400087124913887e-01
4.354259049113197166e-01
7.682285091986496006e-01
7.023336270429414441e-01
4.354370583190491084e-01
7.682130006191095761e-01
7.682198274920678527e-01
7.682168338313014599e-01
4.354307527875837525e-01
7.682121164719167838e-01
4.354301911599935959e-01
7.682196111959469498e-01
7.682204374369490107e-01
7.682200841479096542e-01
7.682181429551533380e-01
4.354396532689375210e-01
7.682088995963811673e-01
4.354276621830625582e-01
4.354395866766272438e-01
4.354341347122788752e-01
7.682207283842105161e-01
4.354452116933106298e-01
4.354299329415807773e-01
4.354394195136959134e-01
4.354299199689987687e-01
7.682185609134704052e-01
7.682189300501290896e-01
7.682129696401950314e-01
4.354275285661531325e-01
4.354325631843109501e-01
4.354436896633280818e-01
4.354314828839256357e-01
7.682250985089902340e-01
7.682127484588552324e-01
7.682169642120684205e-01
9.938841793771391320e-01
7.682111013519156151e-01
4.354279452934509687e-01
4.354300930958453497e-01
4.354291197173899008e-01
4.354352154640582229e-01
7.005231934186586518e-01
4.354229734152540998e-01
4.354277641474303406e-01
7.682182360475008354e-01
4.354403305750554898e-01
4.354383834547933541e-01
7.682112504030279565e-01
7.682199411547432355e-01
7.682178222460609440e-01
4.354427881378724052e-01
4.354309600711004924e-01
7.682179460373292912e-01
4.354256691545425606e-01
7.682129585275507822e-01
4.354340799051899524e-01
7.682197879171317467e-01
7.682143965750194425e-01
7.682326781918259462e-01
4.354344667513316836e-01
7.005260221139022470e-01
4.354376989024977274e-01
7.682157959209922060e-01
7.682198978545580204e-01
7.682240500391532834e-01
7.682246998293779106e-01
4.354331494971870886e-01
7.682202362067425128e-01
7.682162696707195426e-01
7.682113846290663517e-01
7.682202039772125790e-01
