0.000000000000000000e+00
9.933013988249304038e-01
0.000000000000000000e+00
9.933025856151440625e-01
0.000000000000000000e+00
9.933023287907459808e-01
0.000000000000000000e+00
0.000000000000000000e+00
9.932906064067871243e-01
0.000000000000000000e+00
9.933019512244009031e-01
9.932922619321228330e-01
0.000000000000000000e+00
0.000000000000000000e+00
0.000000000000000000e+00
9.687662239522787377e-01
0.000000000000000000e+00
0.000000000000000000e+00
0.000000000000000000e+00
0.000000000000000000e+00
0.000000000000000000e+00
0.000000000000000000e+00
0.000000000000000000e+00
9.932937634294137785e-01
0.000000000000000000e+00
0.000000000000000000e+00
9.932902260677598516e-01
0.000000000000000000e+00
0.000000000000000000e+00
0.000000000000000000e+00
0.000000000000000000e+00
0.000000000000000000e+00
0.000000000000000000e+00
9.932898627223074595e-01
0.000000000000000000e+00
0.000000000000000000e+00
9.932940201947340064e-01
0.000000000000000000e+00
0.000000000000000000e+00
9.933034296402952767e-01
9.687579112073513299e-01
0.000000000000000000e+00
0.000000000000000000e+00
9.932975146527172061e-01
9.933021026924342411e-01
0.000000000000000000e+00
0.000000000000000000e+00
0.000000000000000000e+00
9.932941449099139675e-01
9.932922079580187580e-01
0.000000000000000000e+00
0.000000000000000000e+00
9.932998640399929302e-01
9.932803375153546055e-01
9.932927396276083343e-01
0.000000000000000000e+00
0.000000000000000000e+00
9.933025932209923470e-01
0.000000000000000000e+00
0.000000000000000000e+00
0.000000000000000000e+00
9.933025758096769575e-01
9.933033127821685460e-01
0.000000000000000000e+00
0.000000000000000000e+00
0.000000000000000000e+00
0.000000000000000000e+00
9.932908816044829781e-01
0.000000000000000000e+00
9.932967574453348547e-01
0.000000000000000000e+00
0.000000000000000000e+00
9.932879787066334343e-01
0.000000000000000000e+00
9.932898178492199914e-01
9.932994062765987398e-01
0.000000000000000000e+00
0.000000000000000000e+00
9.932826475621112650e-01
0.000000000000000000e+00
0.000000000000000000e+00
0.000000000000000000e+00
0.000000000000000000e+00
0.000000000000000000e+00
0.000000000000000000e+00
9.932946258883994517e-01
0.000000000000000000e+00
0.000000000000000000e+00
0.000000000000000000e+00
0.000000000000000000e+00
0.000000000000000000e+00
9.932897558839782759e-01
0.000000000000000000e+00
0.000000000000000000e+00
0.000000000000000000e+00
9.933017775269677996e-01
0.000000000000000000e+00
0.000000000000000000e+00
0.000000000000000000e+00
0.000000000000000000e+00
0.000000000000000000e+00
9.933044373395841786e-01
9.932906592972787774e-01
9.932943222027881269e-01
9.932986815614098797e-01
9.932966549889713503e-01
0.000000000000000000e+00
0.000000000000000000e+00
0.000000000000000000e+00
9.933171585391677993e-01
0.000000000000000000e+00
0.000000000000000000e+00
9.932931304253822535e-01
9.932726494881536361e-01
0.000000000000000000e+00
0.000000000000000000e+00
3.180113120253458270e-01
0.000000000000000000e+00
0.000000000000000000e+00
9.687794987575440997e-01
0.000000000000000000e+00
0.000000000000000000e+00
9.932890924052421022e-01
9.933042386635001497e-01
0.000000000000000000e+00
9.932907785590435745e-01
0.000000000000000000e+00
9.933026053207940631e-01
9.933005047280943911e-01
0.000000000000000000e+00
0.000000000000000000e+00
9.933084443243989092e-01
0.000000000000000000e+00
0.000000000000000000e+00
0.000000000000000000e+00
0.000000000000000000e+00
0.000000000000000000e+00
9.932934069185542780e-01
0.000000000000000000e+00
9.932965263991482274e-01
9.933021524956868742e-01
0.000000000000000000e+00
9.932991665539988579e-01
0.000000000000000000e+00
0.000000000000000000e+00
0.000000000000000000e+00
9.933031654515748210e-01
0.000000000000000000e+00
0.000000000000000000e+00
9.932944521679540895e-01
0.000000000000000000e+00
0.000000000000000000e+00
0.000000000000000000e+00
9.932948757055866107e-01
0.000000000000000000e+00
9.932871666043766590e-01
9.933057978960757595e-01
0.000000000000000000e+00
0.000000000000000000e+00
0.000000000000000000e+00
0.000000000000000000e+00
9.933010461797059376e-01
0.000000000000000000e+00
0.000000000000000000e+00
9.932931449856777784e-01
0.000000000000000000e+00
0.000000000000000000e+00
0.000000000000000000e+00
0.000000000000000000e+00
9.932987796275934977e-01
9.933005507338706908e-01
0.000000000000000000e+00
0.000000000000000000e+00
9.932900871852734515e-01
0.000000000000000000e+00
0.000000000000000000e+00
0.000000000000000000e+00
9.932896249658836885e-01
9.932870418669724755e-01
0.000000000000000000e+00
0.000000000000000000e+00
9.932997638209591917e-01
9.933040946060065490e-01
0.000000000000000000e+00
9.932866345008219966e-01
9.932902321796485134e-01
9.932946183158366527e-01
0.000000000000000000e+00
0.000000000000000000e+00
9.932943803163060137e-01
0.000000000000000000e+00
9.932989730369001791e-01
9.932963822270756138e-01
0.000000000000000000e+00
0.000000000000000000e+00
0.000000000000000000e+00
0.000000000000000000e+00
9.932950851065583953e-01
0.000000000000000000e+00
0.000000000000000000e+00
0.000000000000000000e+00
0.000000000000000000e+00
0.000000000000000000e+00
0.000000000000000000e+00
9.687751377209667947e-01
0.000000000000000000e+00
9.933201190594723728e-01
0.000000000000000000e+00
0.000000000000000000e+00
9.932897479615628855e-01
9.932993692793813389e-01
0.000000000000000000e+00
9.932879287665448143e-01
9.932964367844561160e-01
9.932959551012499055e-01
0.000000000000000000e+00
3.181365300301994270e-01
0.000000000000000000e+00
9.932974709761904775e-01
9.932975758420953261e-01
0.000000000000000000e+00
9.932783981950135122e-01
9.932980752071712827e-01
9.932944470550855165e-01
9.932919768400700899e-01
0.000000000000000000e+00
0.000000000000000000e+00
0.000000000000000000e+00
0.000000000000000000e+00
0.000000000000000000e+00
0.000000000000000000e+00
0.000000000000000000e+00
9.933049815684816819e-01
0.000000000000000000e+00
0.000000000000000000e+00
9.932933416352208722e-01
0.000000000000000000e+00
0.000000000000000000e+00
9.932959111212487091e-01
0.000000000000000000e+00
9.932912322242035685e-01
9.687348812298886003e-01
0.000000000000000000e+00
9.933011570029517401e-01
0.000000000000000000e+00
9.932878795992503562e-01
0.000000000000000000e+00
0.000000000000000000e+00
9.933018471605646882e-01
0.000000000000000000e+00
0.000000000000000000e+00
0.000000000000000000e+00
9.932961103456645624e-01
0.000000000000000000e+00
9.932902102137316502e-01
9.933025369022148165e-01
9.932920632603811084e-01
0.000000000000000000e+00
0.000000000000000000e+00
9.932890159378469086e-01
0.000000000000000000e+00
9.932919806746407509e-01
0.000000000000000000e+00
9.932961120209290451e-01
5.503879388950309870e-02
9.932939018545691168e-01
0.000000000000000000e+00
0.000000000000000000e+00
9.933057635142434894e-01
0.000000000000000000e+00
0.000000000000000000e+00
0.000000000000000000e+00
9.932942467244609830e-01
9.932877145052284584e-01
0.000000000000000000e+00
0.000000000000000000e+00
9.932958601592271064e-01
0.000000000000000000e+00
9.932923496026669907e-01
0.000000000000000000e+00
9.932860696415273249e-01
9.932980035949617870e-01
9.932943187699480037e-01
0.000000000000000000e+00
9.932916767374895262e-01
0.000000000000000000e+00
9.932960794675955718e-01
9.932994246813208195e-01
9.933001970114441193e-01
9.932942968549866025e-01
9.932871898483693895e-01
9.932908356147540641e-01
9.933005260338940712e-01
0.000000000000000000e+00
0.000000000000000000e+00
0.000000000000000000e+00
0.000000000000000000e+00
0.000000000000000000e+00
0.000000000000000000e+00
0.000000000000000000e+00
9.932999478034085783e-01
0.000000000000000000e+00
9.933052242448210389e-01
0.000000000000000000e+00
9.932901662376980578e-01
9.932924376265330757e-01
0.000000000000000000e+00
9.933006770081909131e-01
9.933039975624291529e-01
9.933049043088633123e-01
0.000000000000000000e+00
0.000000000000000000e+00
0.000000000000000000e+00
9.933006996895645813e-01
0.000000000000000000e+00
9.932914081459269795e-01
9.932905681982164836e-01
0.000000000000000000e+00
9.687558987522992826e-01
9.932961859500732960e-01
0.000000000000000000e+00
9.932859944427229193e-01
0.000000000000000000e+00
0.000000000000000000e+00
0.000000000000000000e+00
9.933007642902218493e-01
0.000000000000000000e+00
9.932950604966346297e-01
0.000000000000000000e+00
0.000000000000000000e+00
9.933012518932896606e-01
0.000000000000000000e+00
0.000000000000000000e+00
0.000000000000000000e+00
9.933011249126589837e-01
9.932918019934483533e-01
0.000000000000000000e+00
0.000000000000000000e+00
9.932993295311683957e-01
0.000000000000000000e+00
0.000000000000000000e+00
0.000000000000000000e+00
9.932967259435822038e-01
0.000000000000000000e+00
0.000000000000000000e+00
9.933145163610842543e-01
0.000000000000000000e+00
9.932891757225332796e-01
0.000000000000000000e+00
0.000000000000000000e+00
9.932998648460185098e-01
9.932999750939061068e-01
9.933039789152595667e-01
0.000000000000000000e+00
0.000000000000000000e+00
0.000000000000000000e+00
0.000000000000000000e+00
0.000000000000000000e+00
9.933031548844500902e-01
0.000000000000000000e+00
0.000000000000000000e+00
9.932884306010522080e-01
0.000000000000000000e+00
0.000000000000000000e+00
9.932951258320251720e-01
0.000000000000000000e+00
0.000000000000000000e+00
0.000000000000000000e+00
9.933145163610842543e-01
9.934245707316772256e-01
0.000000000000000000e+00
9.932910684498437170e-01
0.000000000000000000e+00
9.932981635227620121e-01
0.000000000000000000e+00
0.000000000000000000e+00
9.932936877312767976e-01
0.000000000000000000e+00
9.932975302611114499e-01
9.933077646824605145e-01
0.000000000000000000e+00
3.180113119782594366e-01
0.000000000000000000e+00
0.000000000000000000e+00
0.000000000000000000e+00
0.000000000000000000e+00
0.000000000000000000e+00
9.932945771257855050e-01
9.932954240931801682e-01
9.932929274298880618e-01
0.000000000000000000e+00
9.933095685860477975e-01
0.000000000000000000e+00
0.000000000000000000e+00
0.000000000000000000e+00
0.000000000000000000e+00
0.000000000000000000e+00
0.000000000000000000e+00
9.932948683927869116e-01
9.932886374503036020e-01
0.000000000000000000e+00
0.000000000000000000e+00
0.000000000000000000e+00
9.932881954460412999e-01
0.000000000000000000e+00
9.932944349942277595e-01
0.000000000000000000e+00
0.000000000000000000e+00
9.932955544365500433e-01
0.000000000000000000e+00
0.000000000000000000e+00
9.932946920275347313e-01
0.000000000000000000e+00
0.000000000000000000e+00
9.933042526796338478e-01
9.932900425857504878e-01
0.000000000000000000e+00
9.932991855493070732e-01
0.000000000000000000e+00
9.932926193723519148e-01
0.000000000000000000e+00
9.932966728051022542e-01
0.000000000000000000e+00
0.000000000000000000e+00
0.000000000000000000e+00
9.932898949882563722e-01
3.181365300586975198e-01
0.000000000000000000e+00
0.000000000000000000e+00
0.000000000000000000e+00
9.932517115568594290e-01
0.000000000000000000e+00
0.000000000000000000e+00
9.932933322274409838e-01
0.000000000000000000e+00
9.932956881052579234e-01
0.000000000000000000e+00
0.000000000000000000e+00
