9.521669060870587009e-02
8.982001598525776176e-01
8.982095488705289510e-01
9.521537848832688222e-02
8.982036791398119169e-01
8.981940949621275427e-01
9.522062019533036881e-02
9.521550228466867105e-02
9.521551608893201457e-02
8.982046147707313244e-01
9.520698641104971549e-02
8.981884802689001912e-01
9.521202975500424326e-02
8.981908690697393283e-01
8.981948413063867154e-01
8.981910797514323086e-01
8.981933258890222316e-01
8.981989127913869719e-01
8.981952204390037942e-01
9.520732019431156490e-02
9.521908269040725570e-02
9.521199804884986073e-02
8.981945039498886452e-01
9.522241178025842023e-02
9.521975471615981568e-02
9.522113062615220058e-02
9.521690453335727999e-02
8.981984986440928465e-01
9.521773742702840937e-02
9.520779913635959990e-02
8.981978533430067246e-01
8.981894840081712239e-01
8.982066067199139248e-01
9.521600597013581135e-02
8.982148593219074773e-01
9.521408162677466591e-02
8.981895739180328908e-01
9.521244557019425958e-02
0.000000000000000000e+00
8.981956120237097885e-01
9.521507125203908239e-02
8.981959798985801324e-01
9.521313479658422008e-02
9.521131529296029961e-02
8.981988061999990336e-01
9.521436063561905527e-02
0.000000000000000000e+00
8.982056690102262486e-01
8.982046669333251243e-01
8.981904020351916262e-01
9.522177174740172056e-02
8.982030371349206677e-01
9.520673246521052513e-02
8.981970974502135885e-01
9.521166895824557941e-02
8.981942513829295205e-01
8.981989592981320936e-01
8.981933084268327594e-01
9.521731781010339679e-02
9.521339803880789210e-02
9.521852027788761663e-02
9.520756703916284647e-02
8.982032414325318292e-01
9.520965656791599563e-02
8.981985073487459559e-01
9.522219369357307062e-02
8.982045920739897271e-01
9.521824731638742212e-02
9.521589635604392476e-02
8.982002681937940602e-01
8.981910770976484493e-01
8.981971261151476815e-01
8.982035391337558350e-01
9.521284452903985840e-02
8.981923988495943423e-01
9.520746239875747807e-02
8.981989671093077998e-01
8.982055620391296014e-01
8.982005294448301980e-01
9.521185476248360258e-02
9.521248317404065742e-02
8.981992639245197640e-01
9.521669596196420671e-02
8.981944156388963485e-01
8.982006332455086950e-01
9.521238639367146650e-02
9.520898509109983199e-02
9.521615050861137464e-02
8.981991304099324891e-01
9.521056042558366517e-02
8.982027665050767995e-01
9.521825413899275004e-02
9.520850381945025753e-02
8.981917687729148447e-01
8.981938398712892013e-01
8.365193842165723481e-01
8.981979838252591719e-01
8.981929380209068281e-01
9.521347210416546136e-02
9.521421331027415946e-02
9.522486489435567913e-02
9.521262491019419349e-02
9.521404035463917892e-02
9.521486981009216755e-02
8.981903263808419524e-01
9.520701978505505259e-02
9.521049887892320263e-02
9.521235667180542872e-02
9.520986795208237485e-02
9.522312373557018095e-02
8.982027030774031306e-01
9.520581568412604667e-02
9.520662999579761199e-02
9.521871615811594580e-02
9.522345586090814884e-02
9.520574679890664305e-02
9.520958445736618647e-02
9.521620394420811373e-02
9.522455405897684022e-02
8.982034340390598892e-01
8.982026612154865308e-01
8.981969622144380105e-01
8.982060796243299672e-01
9.521637100360702544e-02
9.521747426099970435e-02
8.982035906437906281e-01
9.522715890299285335e-02
9.522459262045880612e-02
9.521802125794268101e-02
0.000000000000000000e+00
0.000000000000000000e+00
9.521663674103357511e-02
9.521533564235200309e-02
8.981930674579765572e-01
9.521604318549649337e-02
8.981984695166244093e-01
8.981837709460991359e-01
8.981900362936970916e-01
8.982028386558890132e-01
9.521373038244303200e-02
9.522119768565036335e-02
8.982057059924158926e-01
9.521287376301310057e-02
8.982148593219074773e-01
8.981759703589121679e-01
8.982018035810432899e-01
8.981894229489610915e-01
9.520786336434856889e-02
8.981974583973117987e-01
9.522299255311048038e-02
8.982081894308898695e-01
8.981981670222086711e-01
8.982083511488474503e-01
9.520417146158670352e-02
8.982015795486063547e-01
8.982000574634869672e-01
9.520813571651902396e-02
9.521057606788260741e-02
8.981710285360074986e-01
9.520848660927298812e-02
8.982054278062573394e-01
8.981985737521873681e-01
9.521607808126585082e-02
8.981972840640336520e-01
8.981923080529564674e-01
8.981985407287821355e-01
9.521600402739584246e-02
9.521856246320312134e-02
9.521922234705935961e-02
9.520824803960298288e-02
8.982148593219074773e-01
8.981866727735949851e-01
9.521776996024042261e-02
9.521741239311513894e-02
8.982062005312592134e-01
9.522654098126678845e-02
8.981911101878005121e-01
9.520303873376308179e-02
9.521720759834813308e-02
9.521311041401787911e-02
8.982039192819568640e-01
9.521646841399020178e-02
9.520217860726255810e-02
8.982040873747403342e-01
9.520914139611803828e-02
8.981928911697357742e-01
9.521128344223395157e-02
9.521223937103504009e-02
8.982003677898657834e-01
9.521242520559618228e-02
8.981989094477610402e-01
9.521778683765548534e-02
8.981920804852938645e-01
9.521623450408112088e-02
8.981973926533526331e-01
9.521889755521517618e-02
9.522040713424408109e-02
9.520887676600875427e-02
9.520738791473454254e-02
8.982005083766533282e-01
8.981950960606123191e-01
9.521759972978699471e-02
8.981922104971364895e-01
8.981954266831893019e-01
8.981935650148180628e-01
8.981981958719414960e-01
8.982006183595075965e-01
8.981984348538774032e-01
8.981968674618505677e-01
9.521961286541893998e-02
9.521685292753617746e-02
9.521898953230871487e-02
8.981912454631165721e-01
9.521652731865939967e-02
8.982013755416691225e-01
8.982018909578651789e-01
8.982036610059869197e-01
8.981919649982762488e-01
9.521377743374649649e-02
9.521861215587780480e-02
8.982148593219074773e-01
8.981967262459501500e-01
9.521597487831749695e-02
8.982046121375656389e-01
9.520321944360235489e-02
8.981989434855373045e-01
8.981942290812593432e-01
9.521142102201420043e-02
8.982044257405651377e-01
9.521470197137509028e-02
9.521640660557963154e-02
9.521140408117315101e-02
9.520370778024349334e-02
9.521766223431579745e-02
8.982040498399740391e-01
8.982006103489366122e-01
8.981931797635502868e-01
9.522353899914016984e-02
8.981926129540975801e-01
9.521413740697695638e-02
9.522198327130761142e-02
9.522122802089211246e-02
8.981944637767238504e-01
8.981934895198706581e-01
8.982041112669274519e-01
8.981944838066356906e-01
9.521408708651314667e-02
8.981997198166747909e-01
9.522046254841001756e-02
9.521421321227151180e-02
0.000000000000000000e+00
9.521987977271190173e-02
9.521988296645983452e-02
8.981946245224430303e-01
9.521706711366625941e-02
8.981896350993426870e-01
9.521790451520452392e-02
8.981898240042422987e-01
9.520754518977256331e-02
9.521461440927042608e-02
9.520937696246460635e-02
9.521590828474009449e-02
8.982051230237926287e-01
8.981949574317182883e-01
8.981928885497486581e-01
9.521198123600488339e-02
8.982025825924104812e-01
8.982028393931472676e-01
8.981888440280103580e-01
9.522040131128578500e-02
8.981970328700975559e-01
8.982049988716854783e-01
9.521563639010108271e-02
8.982035785495730007e-01
8.982017003462895444e-01
8.981865006595497469e-01
9.522150006213582485e-02
9.522040730612900405e-02
8.982021607602181934e-01
9.521752463945173939e-02
8.981947382053727669e-01
9.522151848761474524e-02
8.982066593461279780e-01
8.981926064470551196e-01
9.520776562722806091e-02
8.981911357165828225e-01
8.982034470248360103e-01
8.981991143004535161e-01
0.000000000000000000e+00
8.982066571358144902e-01
8.981938882921568501e-01
9.521467763689250852e-02
8.982006610670166813e-01
9.520788100374918961e-02
9.521078487408528301e-02
9.521262917808033521e-02
0.000000000000000000e+00
8.982018179675862468e-01
8.981942072124156073e-01
9.522255372758292591e-02
9.521551091599186889e-02
9.521476834937372957e-02
9.521861580548376947e-02
9.521521737958592302e-02
9.521303473792008809e-02
9.521284044745856323e-02
9.522114586563487637e-02
8.981994282790073392e-01
9.521630026268068647e-02
9.522042051120030437e-02
9.521780945545348096e-02
9.521876061622480680e-02
8.981895058341720084e-01
9.521305456588931293e-02
9.521567820065826582e-02
9.521607036245210987e-02
9.521314841712845423e-02
9.521513409309775855e-02
9.520657959860727437e-02
9.521606474411049847e-02
9.520769826708133654e-02
9.522190932867602431e-02
9.521433244309439325e-02
8.982040602832500609e-01
9.522438003420222175e-02
9.521492977038967243e-02
8.982024872118079539e-01
8.981912672093761429e-01
9.521090085199829245e-02
8.981920097801806557e-01
9.522143991512095618e-02
8.981892105244949631e-01
9.521536245350860350e-02
8.981966974302716400e-01
8.981864771754417553e-01
9.521363053118425679e-02
8.982056930607762446e-01
9.521053512179199207e-02
9.520752377744465256e-02
8.981935874158087918e-01
9.521421138531813155e-02
9.520847717685357314e-02
8.981971579898259117e-01
8.981994404739321869e-01
8.981995997259664133e-01
8.982001764971213609e-01
8.982055130683879174e-01
8.982058193100085353e-01
9.521648511389277370e-02
8.981909936457292964e-01
8.982032557709507259e-01
8.981911287889086104e-01
8.981952271572245516e-01
8.982007861828730233e-01
8.982097326103217760e-01
9.520602240077703782e-02
8.982076169283641498e-01
9.521278844244725204e-02
8.981975967547033424e-01
9.521029798397714905e-02
9.521632859674211691e-02
9.522044755354946988e-02
8.982084403616521495e-01
9.521382240168160815e-02
8.981948807243733679e-01
9.520750162798116700e-02
9.521622528665706076e-02
9.522321156175597712e-02
8.981977842950902291e-01
9.522138677996080935e-02
9.521234699746557173e-02
8.982092227867317646e-01
9.521257958970842650e-02
9.521019556556509222e-02
9.522256221175354196e-02
8.982037834869300852e-01
9.522491243794323212e-02
9.520832448141045012e-02
9.521930844127787785e-02
8.981941023247121958e-01
8.981916855583326198e-01
8.982042996565733350e-01
8.982009437749971514e-01
9.521352954113949940e-02
8.981917838592531345e-01
8.982055651316347422e-01
9.521346460371335474e-02
9.521394733342855576e-02
8.982008343007216178e-01
8.981904257473830588e-01
9.521327348386122991e-02
9.521639405952339597e-02
8.982002114927820635e-01
9.521300528027379362e-02
9.521337787902273142e-02
8.981966860980283851e-01
9.521688384251489334e-02
9.520637806379544932e-02
9.521288278904449509e-02
8.981985826073520807e-01
9.521953792101825464e-02
8.981890211487058018e-01
9.521064779505834796e-02
8.981953808327702848e-01
8.981913909448144828e-01
8.981869083833032841e-01
9.521638843654280093e-02
8.981823951466773037e-01
9.521855480631402635e-02
8.981945383662021110e-01
8.982018317140674224e-01
0.000000000000000000e+00
8.982120605668687530e-01
9.520809944190164464e-02
8.982067856350829382e-01
9.520944693535536574e-02
9.521393277453993331e-02
9.520696854041539592e-02
9.521392855343870087e-02
8.981957093979234807e-01
9.521049987173749174e-02
8.981932920853061830e-01
9.521522716215620463e-02
8.981877946589270634e-01
9.520638124286846804e-02
8.982027762164150886e-01
9.520834250492121731e-02
8.981949872851185956e-01
9.521559397774495559e-02
9.522136864941761758e-02
8.981964012069397763e-01
8.981958101854532472e-01
9.520943778337567776e-02
9.520969145388209764e-02
0.000000000000000000e+00
8.981905967916031797e-01
8.982017026771954571e-01
8.981942306237092888e-01
8.982023118872252132e-01
9.521130392977031343e-02
