9.535724948198236461e-01
2.943906504148079833e-02
2.944119716131115769e-02
2.944473733049423475e-02
2.943302399136121447e-02
2.942563712059765094e-02
2.943086360447319180e-02
2.943211324800833889e-02
2.944075847693003109e-02
9.535596048722433382e-01
2.943700084951499443e-02
0.000000000000000000e+00
9.535688939689102028e-01
2.943806170488843729e-02
9.535609962795795758e-01
9.535731669105133035e-01
2.943163684740541727e-02
2.944194612062166552e-02
2.942999172313038800e-02
9.849122816649459322e-01
2.942978569377402084e-02
9.848805446279139675e-01
2.943657378144026726e-02
9.535767240330595973e-01
9.535707254332574934e-01
9.535671835640785465e-01
2.943236921295115313e-02
9.535752728109772036e-01
2.944132785572313102e-02
9.848944739805985948e-01
2.943831280120841679e-02
9.848926500091736980e-01
9.535764229693191041e-01
2.943287486944546824e-02
9.535833809247569182e-01
2.944380819664288093e-02
2.943912538661910133e-02
9.535646656630683005e-01
9.535797323149315385e-01
9.535701021078142325e-01
9.535722045137122738e-01
9.535765301769691948e-01
2.943646458515720293e-02
2.943432155999538974e-02
9.535724284561527542e-01
2.943951687795818423e-02
9.535781315755890164e-01
2.943496266011451368e-02
2.943673779343552663e-02
9.535677200367926876e-01
2.944306809607875192e-02
9.535755906524399084e-01
9.535768787404046432e-01
2.943723498372575326e-02
9.535665281990343134e-01
2.943793626031955546e-02
2.944657542731683730e-02
2.942866592883046709e-02
9.535726580826466847e-01
2.944105308499092577e-02
2.942879721375408347e-02
9.849056074065466460e-01
9.535784974544571080e-01
2.943702260165346682e-02
9.535740716843440490e-01
2.944380585467182287e-02
9.799940106230526915e-01
2.944563715578320945e-02
9.535865526517227631e-01
9.535809775682611011e-01
9.849018883703469784e-01
2.944057401167659779e-02
2.944723659611352476e-02
2.943158228136686858e-02
9.535763117065144678e-01
2.943654242878462890e-02
2.942869437068018276e-02
9.535644164780574528e-01
9.535819167801564689e-01
9.535794534258289490e-01
2.943646507911145196e-02
2.944318415870000177e-02
9.535726734290290718e-01
9.535749645906032024e-01
9.535696639865439694e-01
2.943832071634149353e-02
2.943849943592852583e-02
9.535917118724897001e-01
2.943709544299768360e-02
9.535682017150931555e-01
2.943771822822304624e-02
2.943618161378726630e-02
2.944109402587175017e-02
9.535757963363190592e-01
9.535685433872979067e-01
9.535970319239555071e-01
9.535733253457300274e-01
2.944163241502851386e-02
2.943894595295295374e-02
9.535771894765835421e-01
2.943621436670124797e-02
9.848994367160203156e-01
2.943815036934513060e-02
2.942920957739367585e-02
9.535672136257844489e-01
9.800109886328697284e-01
2.943557733710152821e-02
2.943435779972011432e-02
9.535646110878217563e-01
2.943069211861127146e-02
9.535739167875836308e-01
9.535658005059746145e-01
9.535812026966393740e-01
2.943452002443581322e-02
2.942745233199070554e-02
2.944352284605142658e-02
9.535678611243221248e-01
9.535643594940323986e-01
2.944127724390353112e-02
9.535701202742451477e-01
9.535829067053112063e-01
2.943648686438439174e-02
2.943822251906761528e-02
2.943803427913284712e-02
9.535676504097473360e-01
9.535685345855337003e-01
2.943934441893860179e-02
9.535735901335280484e-01
2.944131159651363142e-02
2.943535908393683093e-02
9.535787394999502009e-01
9.535878565580007127e-01
2.943862647716742262e-02
9.535824048403627184e-01
2.944266590857028826e-02
2.944285559455394122e-02
2.943695839790832700e-02
9.535663347965180892e-01
2.943645743011478674e-02
2.942970945951790818e-02
9.535732877016167564e-01
2.943053369350473805e-02
9.535747218151022775e-01
9.535660788601305615e-01
2.944311596225055241e-02
2.942844503090633751e-02
2.942465891119427565e-02
9.535737430032025230e-01
2.943563487060449346e-02
9.535706951828636369e-01
9.535622826237535321e-01
9.535696559145534490e-01
9.535685286446228259e-01
2.943657136557342388e-02
2.943035448112828190e-02
2.943229384027454959e-02
9.535598212708287225e-01
2.943866528587002485e-02
9.535792403638795323e-01
2.943771043983553146e-02
2.943777238042898439e-02
2.944091785739410411e-02
9.848897257164135333e-01
2.944242934940852902e-02
9.535743719003735297e-01
2.942743197086634607e-02
2.944484727478918762e-02
9.535706304895686936e-01
2.944362871900948683e-02
2.943727122025742091e-02
2.944163583117211103e-02
2.943476327883553373e-02
9.535665114873999038e-01
2.944434439806716333e-02
9.535742951526707811e-01
9.849226410952669486e-01
6.488997724670695355e-01
2.943533227373891156e-02
9.535679690372889095e-01
2.944400791912681059e-02
9.535630208019186815e-01
2.944380870913520729e-02
2.943285224222545043e-02
2.943257429542400425e-02
9.535794330707467736e-01
2.943045772658492432e-02
2.943840642755328127e-02
2.943895642572518304e-02
2.944266103866726228e-02
9.536088939475203530e-01
9.535672634284340088e-01
9.535710007017771384e-01
2.943561208846840957e-02
2.944251178647651346e-02
2.942987176576650210e-02
2.942861757164581121e-02
2.943827385390477419e-02
2.942902199225549270e-02
2.944620798991487085e-02
9.535755895418144279e-01
2.943210436608147823e-02
2.944235027228395488e-02
2.942973595686336832e-02
2.943355826428222313e-02
2.943078007727963075e-02
2.944277061606164619e-02
2.942829410375207011e-02
2.944032038141187677e-02
2.943650848236447140e-02
2.944317623189885227e-02
2.943311553658050847e-02
2.943703078078166099e-02
9.535764040034884204e-01
2.942985051232158145e-02
2.943134789257206493e-02
2.943091249328036452e-02
2.943917233724337515e-02
9.848933275193173520e-01
2.943195770272439421e-02
2.944715668579536011e-02
2.942941020658097415e-02
2.943554478393231241e-02
2.943263224316657392e-02
9.535822768495053614e-01
2.944406145867881422e-02
2.944113952450958666e-02
2.943307865626997727e-02
2.942929563682730731e-02
2.943640058836767548e-02
2.942822013345591445e-02
9.535730472891718046e-01
9.535641255397908633e-01
2.943111353779608377e-02
9.535667111016717934e-01
9.535759577675301246e-01
2.943236981623824702e-02
2.943353053428441821e-02
2.944317329636709016e-02
2.944116130553154492e-02
2.943475674434642766e-02
2.943819729030353397e-02
2.943526058278244512e-02
2.943993664241019437e-02
2.944198332777893043e-02
2.944124080188307430e-02
2.944122852222758394e-02
9.535713622509157661e-01
2.944291143685373591e-02
9.535839266434037453e-01
2.944274116693156376e-02
2.942923245459724488e-02
2.946047487427875741e-02
2.943029454307478227e-02
9.535820169096905774e-01
2.942792923705722652e-02
9.535705619214284168e-01
2.944397898573808056e-02
2.942898178819248339e-02
2.942970419808890389e-02
2.943537193092292739e-02
2.942976992049052207e-02
2.943804813539518603e-02
9.535810988133900379e-01
2.943436861005050906e-02
2.943821310846164718e-02
9.535757687191647181e-01
2.943277265173207743e-02
2.944455174388220520e-02
2.943536476360792548e-02
2.944238679309671425e-02
9.535696025340087978e-01
2.943892831164158022e-02
9.535729161937022136e-01
2.942855997976665319e-02
2.943461303233629173e-02
2.944126669061165880e-02
2.943182421094301532e-02
2.944612643705573490e-02
2.943485982974721610e-02
2.944165549232081319e-02
2.944373564734195994e-02
2.944447975708985518e-02
9.535781865182392236e-01
2.943258419520516922e-02
2.943195696341614070e-02
9.535714149263030404e-01
9.535695426583554735e-01
2.943452741904975523e-02
2.943603443363788236e-02
2.942867269031803137e-02
2.944855333986717491e-02
9.535801676078410338e-01
2.943183964428425572e-02
9.535729302701384524e-01
9.535741952542883260e-01
9.535632299859491123e-01
2.943752947261008696e-02
2.943346505512191291e-02
2.943317305516894231e-02
0.000000000000000000e+00
9.535639691970054788e-01
9.535727066604271496e-01
0.000000000000000000e+00
2.943987621118510090e-02
2.943847935316312725e-02
2.943017799192087364e-02
2.944224973508000054e-02
2.942762362806954773e-02
2.943838963783875634e-02
2.943024623380025018e-02
9.535823378277927809e-01
9.535789628545190411e-01
2.944312484496930393e-02
9.535701753536309777e-01
9.535727483724992792e-01
2.943791459840703131e-02
9.535748497060830831e-01
2.943799041514861062e-02
2.943838333394159512e-02
9.535731657220019031e-01
9.535780004977757462e-01
2.943261597293095333e-02
2.943756284432265738e-02
2.943179275464472347e-02
2.944260348438280939e-02
2.943848393730540830e-02
2.943928601869006192e-02
9.535654381933336143e-01
9.536208786457706088e-01
9.535644976301407283e-01
2.944001666475312348e-02
0.000000000000000000e+00
2.943087174925907573e-02
2.942729334690777007e-02
2.943620115126961354e-02
2.943231325742367080e-02
2.943827577305963353e-02
9.535685011504309028e-01
2.943950862952032788e-02
2.943792733648540466e-02
2.944345394818613862e-02
2.943967225702514429e-02
2.943172114085213995e-02
2.943634556026728313e-02
9.849004716349865074e-01
2.943697660029259699e-02
2.943027500011573955e-02
9.848968416779317891e-01
9.535723918999301496e-01
2.944374514289225392e-02
9.535717302560131614e-01
2.943236613079896688e-02
2.944051655289693994e-02
2.944458165474664671e-02
9.535731270759862932e-01
2.943001848832691586e-02
2.943066149589105424e-02
2.943928549976906894e-02
2.943130547983443743e-02
9.535785647864769565e-01
9.749239102781656063e-01
2.942891070897735856e-02
2.943112660502748487e-02
9.535731912040410485e-01
9.535721041876885629e-01
9.535748012692892850e-01
2.943473673515496422e-02
9.848861921244018713e-01
9.535641851653451351e-01
2.943149312002027104e-02
2.943822866942322550e-02
2.944030411887159013e-02
9.535656090287817355e-01
2.943901634664750772e-02
9.535724796876863252e-01
2.944042107480546872e-02
2.942885192482153425e-02
2.943218275781487800e-02
2.944501248408994826e-02
9.535698866697149834e-01
2.942912715358908526e-02
9.535687548053904949e-01
9.535750670225953129e-01
8.990773921639272359e-01
2.944194254963980809e-02
9.535710218281804318e-01
9.535821059230623620e-01
9.535672618640507192e-01
9.535708815979921926e-01
2.942971675223430422e-02
2.944008525875726687e-02
2.943714212467787514e-02
9.535875638183187730e-01
9.535727406210054991e-01
9.535729039048537192e-01
9.535705786539842022e-01
2.942967855363268909e-02
2.943576738262282042e-02
2.943441707162607404e-02
9.848905350200098940e-01
2.944632461180597682e-02
9.535695470851763833e-01
9.535674793696565787e-01
9.535680097389306331e-01
9.535714043691344566e-01
1.700801878778385613e-03
9.535800524488272645e-01
9.535787559283971371e-01
2.943251335351569978e-02
9.535795667711284285e-01
9.535745247902833732e-01
2.943553802917004206e-02
2.944134870899628095e-02
2.942986367466717684e-02
9.535829337873449330e-01
9.535763428582052503e-01
2.943026830250597761e-02
9.535839929717363495e-01
2.942819208952803661e-02
9.535761652597872784e-01
2.943794825812328514e-02
2.943311620459610617e-02
2.944561250469970859e-02
9.535756235552652615e-01
9.848854443749871512e-01
9.535782339389333728e-01
2.943787416591997150e-02
2.943805358153720950e-02
2.943161363770558855e-02
2.943457649504735429e-02
9.535715565203271016e-01
2.942994233211438868e-02
2.942830364547072836e-02
2.943942974947036384e-02
2.944209328336442125e-02
