9.517465489153854874e-02
8.982012850483341859e-01
8.981943458345835740e-01
9.518710676432473594e-02
8.982023779627844595e-01
8.981992739302989692e-01
9.494024704009627891e-02
9.529415615198971734e-02
9.529753458780340636e-02
8.982039396332601733e-01
9.532939265822279462e-02
8.981966636702251039e-01
9.525677981903361846e-02
8.982025141756181386e-01
8.982011571298079700e-01
8.982003233218237570e-01
8.982020312774986470e-01
8.982006660837597023e-01
8.981923137619118869e-01
9.532259318155171524e-02
9.518549387421942898e-02
9.519859259313141753e-02
8.982013916540920739e-01
9.520492657065410258e-02
9.527309555536198071e-02
9.520324074535241321e-02
9.525457132485573575e-02
9.017505237832863507e-01
9.523475699448605281e-02
9.523486769754989367e-02
8.982002094301528849e-01
8.981895675425823899e-01
8.982003840376040493e-01
9.526242867328656161e-02
9.078473223078620258e-01
9.534987188802362956e-02
8.982020961891551414e-01
9.518746087657009580e-02
0.000000000000000000e+00
8.982009481326095335e-01
9.529756021376914465e-02
8.982369789232120816e-01
9.519890325286951838e-02
9.518413182308689546e-02
8.982036376096066421e-01
9.532731168225526408e-02
0.000000000000000000e+00
8.982065246930643898e-01
8.981745771025623215e-01
8.982019722973182407e-01
9.532949110506473700e-02
8.981869848408732260e-01
9.532271606278788778e-02
8.984379423364660111e-01
9.525822017163186606e-02
8.982001769735121766e-01
8.982011475908032727e-01
8.982012095151399311e-01
9.524813542224397356e-02
9.532858867798388314e-02
9.518755782521531872e-02
9.518657810729330704e-02
8.982036168378095820e-01
9.527197492505595777e-02
8.981998066361529531e-01
9.529180192660588467e-02
8.982004305662909527e-01
9.537859023577173467e-02
9.524226976553926138e-02
8.981986353612889662e-01
8.981971142750783121e-01
8.981991469499281955e-01
8.982023286476448209e-01
9.523691503361397803e-02
8.981998018131477357e-01
9.526863415937809887e-02
8.982281413172424900e-01
8.981858896372960643e-01
8.982004647476182768e-01
9.518418666022414321e-02
9.525589133320731816e-02
8.982045814728203403e-01
9.526561543156565615e-02
8.982004001070185151e-01
8.981963676536824925e-01
9.533016136295065224e-02
9.523632514650949565e-02
9.532980935964731339e-02
8.981928592294701197e-01
9.530356586994065404e-02
8.982044979554262287e-01
9.520520788283259872e-02
9.525708498719849537e-02
8.982005569694911928e-01
8.982027125875684526e-01
7.390173393084424891e-01
8.982024612287964338e-01
8.981994919862263949e-01
9.523514885729365831e-02
9.518701981692594127e-02
9.521045640859640558e-02
9.534918920266685638e-02
9.532830702393928213e-02
9.524320577825519385e-02
8.982020562566653821e-01
9.527126281213120496e-02
9.531321501639421212e-02
9.520525531511846162e-02
9.520201984708713538e-02
9.527432331908340657e-02
8.981990238739978594e-01
9.527917033179487960e-02
9.524019684348010439e-02
8.584744771343168213e-02
9.494886488708725869e-02
9.523954805706325022e-02
9.163744063779584448e-02
9.518710162189530921e-02
9.526204003412927501e-02
8.982028648174380514e-01
8.981996656258685041e-01
8.981989812117989747e-01
8.981873756618001803e-01
9.525825841454864384e-02
9.528989658530999385e-02
8.981852543420181245e-01
9.526133032072947593e-02
9.520634367797554953e-02
9.523631126967814498e-02
0.000000000000000000e+00
0.000000000000000000e+00
9.518595754169631440e-02
9.519096035679910917e-02
8.982002134385953518e-01
9.532829189688016291e-02
8.982008890902205556e-01
8.981986042028480277e-01
8.982017073602360790e-01
8.982009271430665409e-01
9.532957388003220067e-02
9.538374498575573346e-02
8.982021272264441025e-01
9.528953499523827586e-02
9.078473223078620258e-01
8.307548253971295260e-01
8.981935513195423715e-01
8.981983539734090805e-01
9.525689202527817812e-02
8.982004367592422156e-01
9.530325089242588921e-02
8.981989567761466953e-01
8.981998950267925386e-01
8.981980296838215638e-01
2.193285518485727642e-02
8.981994268668195280e-01
8.982106525943688302e-01
9.526498785764020427e-02
9.533356997799755095e-02
8.981976246504806971e-01
9.533111692773817147e-02
8.981994319334373200e-01
8.982029302383168767e-01
9.532876897903255764e-02
8.982009958334424837e-01
8.984709486059495598e-01
8.981988903584851025e-01
9.525418397228749279e-02
9.531774572503626253e-02
9.531415681648532090e-02
9.495531134532514406e-02
9.078473223078620258e-01
8.982120467066543323e-01
9.526052016738595363e-02
9.520228148134055046e-02
8.982021409223608366e-01
9.533064315830197533e-02
8.982025359113632312e-01
9.532077030520511030e-02
9.523823379956894430e-02
9.519203142537448203e-02
8.982028995139477168e-01
9.532889628353502509e-02
9.530152995108005787e-02
8.982018744235423791e-01
9.526084893754159511e-02
8.982028348006947382e-01
9.542670406210272682e-02
9.522730583629371304e-02
8.982000065802432376e-01
9.526548275321546078e-02
8.982013095132926894e-01
9.529873587672896273e-02
8.981994068950654997e-01
9.532829174731062560e-02
8.982183130664268544e-01
9.531161012661089338e-02
9.518540222836098519e-02
9.520322876626068076e-02
9.520599348544961371e-02
8.981984275151146946e-01
8.982002802258399754e-01
9.532843775502050643e-02
8.981939049762260874e-01
8.982098602514442254e-01
8.982023529310270149e-01
8.980158303014770249e-01
8.982009216242720084e-01
8.981996756337047305e-01
8.982035426134745704e-01
9.518449269956959224e-02
9.526959125584616439e-02
9.527771804523738064e-02
8.982016889890562794e-01
9.518593042656312009e-02
8.981972744697717115e-01
8.981985718371323646e-01
8.982002803812422220e-01
8.982002045195643936e-01
9.518718241153399651e-02
9.529860251119809389e-02
9.078473223078620258e-01
8.982085991020973825e-01
9.525475708442970868e-02
8.982027973692692235e-01
9.518455980717424603e-02
8.982026369030239321e-01
8.982279415085938634e-01
9.526037529208873644e-02
8.982039968458562784e-01
9.520487715106140669e-02
9.532958507348596178e-02
9.519476415739114294e-02
9.525907339655245720e-02
9.523840482580263334e-02
8.982003387503543212e-01
8.982036391406444942e-01
8.982027422065321787e-01
9.524688710370007860e-02
8.982399463957513319e-01
9.520722311514348557e-02
9.533044789821010223e-02
9.563569870522463379e-02
8.982021256962274824e-01
8.981941941360092052e-01
8.982036163936768514e-01
8.982047218101498753e-01
9.518598895118246528e-02
8.982003952855035500e-01
9.525637013931581576e-02
9.519633560502339942e-02
0.000000000000000000e+00
9.494854128556991235e-02
9.526334188735208208e-02
8.982004750718171060e-01
9.525644451978686200e-02
8.982035461023303302e-01
9.523617749302454305e-02
8.981995872680749171e-01
9.518439561365356349e-02
9.475264618081866153e-02
9.876808361450623019e-02
9.520148916452320087e-02
8.982005960180354798e-01
8.981959950595912456e-01
8.982022172988509690e-01
9.525998905977836606e-02
8.982003722943461277e-01
8.981985366000514448e-01
8.982060416891358701e-01
9.525430664433273686e-02
8.982032658351563059e-01
8.982019433275222342e-01
9.519328681216633614e-02
8.982019719675847780e-01
8.982044862565706778e-01
8.981975009369698171e-01
9.521117914082340150e-02
9.523701506667955896e-02
8.982041800768575390e-01
9.476552983777605799e-02
8.982033293761940707e-01
9.529858546809934217e-02
8.981987195958681669e-01
8.981842660473352558e-01
9.534769419483841990e-02
8.981927101018110093e-01
8.981910619062424272e-01
8.981983107277931033e-01
0.000000000000000000e+00
8.982000994980624542e-01
8.982026302087313674e-01
9.524052172315365661e-02
8.981969767719737430e-01
9.525919051664573367e-02
9.533307629833358277e-02
9.520036836802245328e-02
0.000000000000000000e+00
8.982037739922272834e-01
8.772011395174041937e-01
9.532949618398986469e-02
9.526081463545624239e-02
9.519161689150150429e-02
9.520981416350218773e-02
9.534952822888051460e-02
9.524327468120070972e-02
9.532856119706245579e-02
9.530329970137207951e-02
8.981903309119310119e-01
9.539486834270879956e-02
9.537871171376624546e-02
9.523773557034971582e-02
9.523419733660805353e-02
8.982005688178240632e-01
9.518405242996171023e-02
9.518947316534591419e-02
9.520226006297734245e-02
9.534974924999474466e-02
9.532851038089816542e-02
9.520088197916372341e-02
9.520569675899384632e-02
9.529942033742848373e-02
9.525287222879572080e-02
9.526912175837862207e-02
8.982307511944390699e-01
9.529912438413874753e-02
9.534956132278969709e-02
8.982003107625174954e-01
8.982005509806318955e-01
9.518470151045639593e-02
8.982040973255023264e-01
9.518971338305429186e-02
8.982004577443072346e-01
9.520617830725901232e-02
8.982051755869471243e-01
8.981924789515300933e-01
9.532839256320435606e-02
8.982006956342419857e-01
9.532610006456379570e-02
9.532901690695112784e-02
8.982060207625072179e-01
9.530251110231217904e-02
9.529210049439851282e-02
8.982006459426324918e-01
8.981908742319082428e-01
8.982011191790699733e-01
8.981927390703480230e-01
8.982041126254738383e-01
8.982032567080954211e-01
9.532862735442015900e-02
8.981953687304286005e-01
8.982007373527457483e-01
8.982030587031897273e-01
8.982041177416349997e-01
8.981992715505157099e-01
8.981961013450161513e-01
9.524720858129061274e-02
8.981960824895922624e-01
9.519231553353477149e-02
8.982001528606294860e-01
9.529855730091184307e-02
9.519481046998244655e-02
9.529475786218370714e-02
8.981969420076773014e-01
9.524501980597008255e-02
8.981998974857438034e-01
9.478510445748239421e-02
9.536115178110342316e-02
9.525926966795371376e-02
8.982007202094739462e-01
9.526089130206706612e-02
9.526907927813227372e-02
8.982120240873707750e-01
9.533020912954631720e-02
9.523526155317782460e-02
9.532952795375944366e-02
8.982186362287896131e-01
9.523685469069576026e-02
9.518245804025884937e-02
9.518656502258297791e-02
8.982047981047899254e-01
8.981994576818045362e-01
8.982016024379316788e-01
8.982028314621236520e-01
9.495128062862129292e-02
8.981982400996033622e-01
8.982037451449655929e-01
9.518603668434738596e-02
9.525658141408387125e-02
8.982008522163615893e-01
8.982048988676114565e-01
9.520286579348556655e-02
9.530053841821489735e-02
8.982211534718586021e-01
9.525587742801293334e-02
9.531585217101694318e-02
8.981989241122697587e-01
9.526434904406194670e-02
9.525670374197348078e-02
9.525774867529422651e-02
8.982266212524744331e-01
9.533441361221520194e-02
8.982055147063791045e-01
9.523864351636293635e-02
8.982032486539153204e-01
8.981983420564632059e-01
8.982004343956131454e-01
9.518462486243133014e-02
8.982005800711893029e-01
9.525321472787599830e-02
8.982023993995196243e-01
8.982028489743522082e-01
0.000000000000000000e+00
8.982006564590049313e-01
9.519210669931814361e-02
8.982001219022860417e-01
9.532982900761294287e-02
9.518426878069721764e-02
9.518426414298804261e-02
9.523974600688496495e-02
8.981955910317194203e-01
9.535373517868173110e-02
8.981919062180223623e-01
9.523938902658174444e-02
8.981920051202334498e-01
9.518635635321123778e-02
8.982044215409020760e-01
9.561074342895835299e-02
8.971821745736908715e-01
9.534881331257787085e-02
9.521000072954072246e-02
8.982011868936020660e-01
8.982079031472993691e-01
9.520229021182714801e-02
1.214011464766723558e-01
0.000000000000000000e+00
8.982008574477272633e-01
8.982001129367671588e-01
8.981996153129091498e-01
8.982017361481228201e-01
9.520131457516543827e-02
