1.476568277953176946e-02
0.000000000000000000e+00
1.476197677449621153e-02
0.000000000000000000e+00
1.475898668949929445e-02
0.000000000000000000e+00
1.476167649634092457e-02
1.475625295312440327e-02
0.000000000000000000e+00
0.000000000000000000e+00
0.000000000000000000e+00
0.000000000000000000e+00
1.476373280702213478e-02
1.476510322170776317e-02
1.476634150762911810e-02
0.000000000000000000e+00
1.476735491660575994e-02
1.477772389509306172e-02
1.476816997293523177e-02
1.477516407218824879e-02
1.476964990007344040e-02
1.476763537516631586e-02
1.476110495934353575e-02
0.000000000000000000e+00
0.000000000000000000e+00
1.476249748106368484e-02
0.000000000000000000e+00
1.477571140107671738e-02
1.476666052866941990e-02
1.476512948928488354e-02
1.476923886968150960e-02
1.476384148324798133e-02
1.477214961622900884e-02
0.000000000000000000e+00
1.476487927457192754e-02
1.477413934691560772e-02
0.000000000000000000e+00
1.476513697320571208e-02
1.477152285447313855e-02
0.000000000000000000e+00
0.000000000000000000e+00
1.476194471531103863e-02
1.477076259811250201e-02
0.000000000000000000e+00
0.000000000000000000e+00
1.477323984178221215e-02
0.000000000000000000e+00
1.476382469491613683e-02
0.000000000000000000e+00
0.000000000000000000e+00
1.477417679026635754e-02
1.477475424547528872e-02
0.000000000000000000e+00
0.000000000000000000e+00
0.000000000000000000e+00
1.476955817688665150e-02
1.477242511175092671e-02
0.000000000000000000e+00
1.476927732447650896e-02
1.477134330822636385e-02
0.000000000000000000e+00
0.000000000000000000e+00
0.000000000000000000e+00
1.477493813443541901e-02
1.477317445386460565e-02
1.476475641872038169e-02
0.000000000000000000e+00
0.000000000000000000e+00
1.476119805065373609e-02
0.000000000000000000e+00
0.000000000000000000e+00
1.476457113136187514e-02
0.000000000000000000e+00
1.475724890748596890e-02
0.000000000000000000e+00
0.000000000000000000e+00
1.476220426194827656e-02
1.477037523641307540e-02
0.000000000000000000e+00
1.476690141863733208e-02
0.000000000000000000e+00
1.476509079183083856e-02
1.476597086282752276e-02
1.477536140387673835e-02
1.476774092032120955e-02
0.000000000000000000e+00
0.000000000000000000e+00
1.476030273343916302e-02
1.476259360145025339e-02
1.475857668402796169e-02
0.000000000000000000e+00
0.000000000000000000e+00
0.000000000000000000e+00
1.477593642923636513e-02
1.477841218072817320e-02
0.000000000000000000e+00
1.476644829576482035e-02
1.476228278557580216e-02
1.476643028330371955e-02
1.476248002608990771e-02
1.477126117569785985e-02
0.000000000000000000e+00
0.000000000000000000e+00
0.000000000000000000e+00
0.000000000000000000e+00
0.000000000000000000e+00
1.476574142032348845e-02
0.000000000000000000e+00
0.000000000000000000e+00
0.000000000000000000e+00
1.477380042309506258e-02
0.000000000000000000e+00
0.000000000000000000e+00
0.000000000000000000e+00
1.476877922970785614e-02
0.000000000000000000e+00
0.000000000000000000e+00
0.000000000000000000e+00
1.477199255162134697e-02
0.000000000000000000e+00
1.477264799236771217e-02
1.476470326749016772e-02
0.000000000000000000e+00
0.000000000000000000e+00
1.476292111029224412e-02
0.000000000000000000e+00
0.000000000000000000e+00
0.000000000000000000e+00
0.000000000000000000e+00
1.476377807813951913e-02
1.477058470655850941e-02
0.000000000000000000e+00
1.476314197474543413e-02
1.477074146240037883e-02
1.476862665837553115e-02
1.476488528433016027e-02
1.476408074716463979e-02
0.000000000000000000e+00
0.000000000000000000e+00
0.000000000000000000e+00
0.000000000000000000e+00
1.477932032987989454e-02
0.000000000000000000e+00
1.477433403465473055e-02
1.476555418788044402e-02
1.477519886279835513e-02
0.000000000000000000e+00
1.476541612918870483e-02
1.476022991913705437e-02
0.000000000000000000e+00
1.477355482639713773e-02
1.476890752946471465e-02
0.000000000000000000e+00
0.000000000000000000e+00
0.000000000000000000e+00
0.000000000000000000e+00
0.000000000000000000e+00
1.477132429695724065e-02
1.476061088888351407e-02
0.000000000000000000e+00
1.476227690577552876e-02
0.000000000000000000e+00
1.477928940228031424e-02
1.475904478580137603e-02
0.000000000000000000e+00
1.477351483040573697e-02
1.476223802364627982e-02
1.476356476586010782e-02
1.477507062384236965e-02
0.000000000000000000e+00
0.000000000000000000e+00
1.477296190500537211e-02
0.000000000000000000e+00
0.000000000000000000e+00
1.476509335760444949e-02
1.476724101354497283e-02
1.476254270453634422e-02
0.000000000000000000e+00
0.000000000000000000e+00
1.476575824824273575e-02
1.476109750327555918e-02
0.000000000000000000e+00
0.000000000000000000e+00
1.477317582656939229e-02
0.000000000000000000e+00
0.000000000000000000e+00
0.000000000000000000e+00
0.000000000000000000e+00
1.477433558060444081e-02
0.000000000000000000e+00
1.477003595550137674e-02
0.000000000000000000e+00
0.000000000000000000e+00
1.477573162527651141e-02
1.475914148687793200e-02
1.477056697874543599e-02
1.475908310516387684e-02
0.000000000000000000e+00
1.476740224687255604e-02
1.476500279232471555e-02
1.477163952189573283e-02
1.478328293837693694e-02
1.477331384752425016e-02
1.477350231627150637e-02
0.000000000000000000e+00
1.480174149718072041e-02
0.000000000000000000e+00
1.475828937236682049e-02
1.476977997504004547e-02
0.000000000000000000e+00
0.000000000000000000e+00
1.477118793997231859e-02
0.000000000000000000e+00
0.000000000000000000e+00
0.000000000000000000e+00
0.000000000000000000e+00
0.000000000000000000e+00
1.475953220862053807e-02
0.000000000000000000e+00
0.000000000000000000e+00
1.477068314670091850e-02
0.000000000000000000e+00
0.000000000000000000e+00
0.000000000000000000e+00
0.000000000000000000e+00
1.476872975162159436e-02
1.476543414872206507e-02
1.477011251307701507e-02
1.477575000706870569e-02
0.000000000000000000e+00
8.959626421715720657e-01
1.475730464994797625e-02
0.000000000000000000e+00
1.476902204813848075e-02
0.000000000000000000e+00
0.000000000000000000e+00
1.476134502353929241e-02
1.476666270445884527e-02
0.000000000000000000e+00
1.476836247478146777e-02
0.000000000000000000e+00
0.000000000000000000e+00
1.477263777284284520e-02
0.000000000000000000e+00
1.476546839177063537e-02
0.000000000000000000e+00
1.476573490422295257e-02
0.000000000000000000e+00
0.000000000000000000e+00
0.000000000000000000e+00
1.477029944423483010e-02
1.476360308405506513e-02
0.000000000000000000e+00
1.476769763462177504e-02
0.000000000000000000e+00
0.000000000000000000e+00
0.000000000000000000e+00
1.476319992177292650e-02
1.476204092488541016e-02
0.000000000000000000e+00
1.475977799481629181e-02
0.000000000000000000e+00
1.476658625348233403e-02
0.000000000000000000e+00
0.000000000000000000e+00
0.000000000000000000e+00
1.476730705124906610e-02
1.477305474438326931e-02
0.000000000000000000e+00
1.476112709648805255e-02
1.477621994698503222e-02
1.476638604481697765e-02
0.000000000000000000e+00
0.000000000000000000e+00
1.476080014441558293e-02
1.477446517241477741e-02
0.000000000000000000e+00
1.476346964695673947e-02
0.000000000000000000e+00
1.476283490948311974e-02
0.000000000000000000e+00
0.000000000000000000e+00
0.000000000000000000e+00
1.477030540758103756e-02
0.000000000000000000e+00
1.475885717387859404e-02
0.000000000000000000e+00
0.000000000000000000e+00
0.000000000000000000e+00
0.000000000000000000e+00
0.000000000000000000e+00
0.000000000000000000e+00
0.000000000000000000e+00
1.476290901144406906e-02
1.476754414938116766e-02
1.477283205563502226e-02
1.477231381581865094e-02
1.477070507405282146e-02
1.476457520264391234e-02
0.000000000000000000e+00
0.000000000000000000e+00
1.476108960377753819e-02
0.000000000000000000e+00
1.477181769424613760e-02
0.000000000000000000e+00
0.000000000000000000e+00
1.477306051087467868e-02
0.000000000000000000e+00
0.000000000000000000e+00
0.000000000000000000e+00
1.477320675975373789e-02
1.476425277670838539e-02
1.476618120656092784e-02
0.000000000000000000e+00
1.477036750552646570e-02
0.000000000000000000e+00
0.000000000000000000e+00
1.477466161654387468e-02
0.000000000000000000e+00
0.000000000000000000e+00
1.475952262001820232e-02
0.000000000000000000e+00
0.000000000000000000e+00
1.476411284658388917e-02
1.476471636485473735e-02
0.000000000000000000e+00
1.476232083219744876e-02
0.000000000000000000e+00
1.477136185521973205e-02
1.477119973661928341e-02
0.000000000000000000e+00
1.476189365567911853e-02
1.476201506115804377e-02
1.476746016063796955e-02
0.000000000000000000e+00
0.000000000000000000e+00
1.476848490212242203e-02
0.000000000000000000e+00
0.000000000000000000e+00
1.476293256992545176e-02
1.477112708204614266e-02
1.477632597912245487e-02
0.000000000000000000e+00
0.000000000000000000e+00
1.476635513814945552e-02
0.000000000000000000e+00
0.000000000000000000e+00
0.000000000000000000e+00
1.476557147202125012e-02
1.477591633884525572e-02
0.000000000000000000e+00
0.000000000000000000e+00
0.000000000000000000e+00
1.476098040409393533e-02
1.476409213553381630e-02
1.477529749573672918e-02
1.476450348412404814e-02
1.476275703406668485e-02
0.000000000000000000e+00
1.477034383279008690e-02
1.477007567050897183e-02
0.000000000000000000e+00
1.476149648731648993e-02
1.476146987737723265e-02
0.000000000000000000e+00
1.476333329394995987e-02
1.477336066897324066e-02
0.000000000000000000e+00
0.000000000000000000e+00
0.000000000000000000e+00
1.477456304937220001e-02
0.000000000000000000e+00
1.476775678997144410e-02
0.000000000000000000e+00
1.476414604353028584e-02
1.476166498773451990e-02
0.000000000000000000e+00
1.480174149718072041e-02
0.000000000000000000e+00
0.000000000000000000e+00
1.476291744677736203e-02
0.000000000000000000e+00
1.476855972579426898e-02
1.475703447658249269e-02
1.475985172439715776e-02
1.476399039640335920e-02
1.476613473425615435e-02
0.000000000000000000e+00
0.000000000000000000e+00
0.000000000000000000e+00
1.475673167512798860e-02
0.000000000000000000e+00
1.476663761264631822e-02
1.477190011938353184e-02
1.477177668063818505e-02
1.476467035478309757e-02
0.000000000000000000e+00
1.477219387636332856e-02
0.000000000000000000e+00
0.000000000000000000e+00
1.477315149119498919e-02
1.476327349807398520e-02
0.000000000000000000e+00
0.000000000000000000e+00
0.000000000000000000e+00
0.000000000000000000e+00
0.000000000000000000e+00
1.477415101952606752e-02
0.000000000000000000e+00
1.477428557878068816e-02
0.000000000000000000e+00
0.000000000000000000e+00
1.475386321995294375e-02
1.476063373142743988e-02
0.000000000000000000e+00
0.000000000000000000e+00
1.475607870638835813e-02
0.000000000000000000e+00
0.000000000000000000e+00
0.000000000000000000e+00
1.477261300362408235e-02
0.000000000000000000e+00
1.475792418779288753e-02
1.474888968623387815e-02
1.476998269938191270e-02
0.000000000000000000e+00
0.000000000000000000e+00
1.476863064945861670e-02
1.477560024475095199e-02
1.476656124410151254e-02
0.000000000000000000e+00
1.476813982999334446e-02
1.476563648885954524e-02
0.000000000000000000e+00
1.477024203396020210e-02
0.000000000000000000e+00
0.000000000000000000e+00
1.476469664321711055e-02
