7.481781938444950208e-01
1.314499913133839251e-02
1.315765772231071613e-02
1.314852158297178004e-02
1.314825307444699408e-02
1.315373321438105363e-02
1.315733353150110724e-02
1.315848458274661292e-02
1.314988197040639628e-02
7.481518604592156674e-01
1.315251838798203211e-02
0.000000000000000000e+00
9.908964073305864817e-01
1.315681294666442951e-02
9.908975320088281302e-01
9.908954496028924419e-01
1.314498265493331541e-02
1.315691060668132926e-02
1.315418698367034830e-02
1.314870196186043727e-02
1.314765921451143543e-02
1.314686949742996033e-02
1.314913254286401503e-02
9.908965728650894755e-01
9.909035494124583954e-01
9.909099835767575248e-01
1.315137204370157506e-02
9.908944011392685214e-01
1.315734105808520800e-02
1.313688884546078753e-02
1.314993178886744891e-02
1.312982287769889206e-02
9.909088122908509266e-01
1.316351765506897954e-02
9.908966019445075712e-01
1.315718731719320474e-02
1.315207561498793302e-02
7.481589223274359712e-01
9.909051915153924694e-01
9.908960890091486062e-01
9.909054992310470933e-01
9.909114236297958955e-01
1.315771076182536622e-02
1.314530056281216185e-02
9.908932055265466943e-01
1.315407169649639510e-02
9.909026209544521402e-01
1.314196053612504134e-02
1.315159604801541607e-02
9.908998992860680310e-01
1.315226783924047446e-02
9.908740789083124723e-01
9.909104917487462361e-01
1.315955146614051184e-02
2.546434505552418459e-01
1.315312255109275796e-02
1.314932871461367905e-02
1.315833415070897031e-02
9.909089461449182012e-01
1.315016577281018749e-02
1.315838664947082716e-02
1.315516517789122770e-02
1.290250812299288674e-02
1.314508569507253852e-02
9.909034150554577591e-01
1.314723611122206766e-02
2.545846804216619352e-01
1.314444435050966462e-02
1.312053831520740635e-02
9.909308404181647045e-01
1.157350570633758520e-02
1.314335014215485195e-02
1.314375532671501097e-02
1.315086236846381776e-02
9.909070622049785948e-01
1.315670415120885270e-02
1.314658229638882188e-02
9.908997408120903128e-01
9.908977315794090801e-01
9.908991774755199211e-01
1.314789474233255678e-02
1.314798051436874213e-02
9.908949513954303789e-01
9.908934809930806109e-01
9.909032403786947052e-01
1.315321623540534508e-02
1.315743394960756235e-02
9.909309853779424415e-01
1.315668973557958601e-02
9.908975367952733704e-01
1.314889093488207268e-02
1.314786496689665171e-02
1.315414042571607170e-02
9.909066008409466164e-01
9.908957622871870097e-01
0.000000000000000000e+00
9.909007394915179123e-01
1.314745959917038368e-02
1.314451216716725455e-02
9.908999115419855341e-01
1.315402105176585387e-02
1.314221827562393578e-02
1.315127400236705719e-02
1.314404472077003623e-02
9.908964450671428059e-01
7.451633876898164921e-01
1.314795768341822484e-02
1.314298335133531892e-02
9.908938475801867263e-01
1.314503031793775624e-02
9.908780748569703256e-01
9.909059164412181708e-01
9.908958660346098846e-01
1.314831953381551122e-02
1.315045678310160573e-02
1.315809075721030390e-02
9.909041570691831113e-01
9.909155089142003270e-01
1.314405476667723956e-02
9.909031088979838309e-01
9.908981289234579659e-01
1.313834665227580495e-02
1.314866180975454539e-02
1.314463413095514482e-02
9.909056120381154464e-01
9.909022909353218944e-01
1.315523712578257204e-02
9.909129212014367027e-01
1.315320534412805185e-02
1.314875245551180676e-02
9.908991006861243012e-01
9.909078139495511861e-01
1.316025702463526938e-02
9.909032659022686262e-01
1.315393339808332805e-02
1.315306496891636805e-02
1.315798460919000157e-02
9.908929602324687558e-01
1.314621468202870416e-02
1.314385080704700420e-02
9.909037370475313189e-01
1.314873577528940726e-02
9.909001427281961538e-01
9.909006942686929831e-01
1.314136607461616549e-02
1.313729913991798677e-02
1.315752736480354373e-02
9.909013064436212881e-01
1.314975860404900970e-02
9.909016079096767404e-01
9.908993705641550021e-01
9.909015419157313209e-01
9.909215365355289462e-01
1.315645603041820481e-02
1.314915200894437204e-02
1.315445863066195750e-02
9.909061817405684369e-01
1.315738197514246428e-02
9.909219366898354142e-01
1.315706188074079394e-02
1.315731660806154953e-02
1.315686648765461257e-02
1.314124479376255726e-02
1.315701746243916163e-02
9.909058041198339772e-01
1.315379938774569393e-02
1.314846157243404132e-02
9.909047303331922629e-01
1.315390318487453560e-02
1.315352969581891004e-02
1.314893040872402476e-02
1.314844019593901410e-02
9.908812968935861720e-01
1.314944514078888148e-02
9.909106444839715921e-01
1.315857677321391646e-02
9.908429166697733104e-01
1.315721965035712530e-02
9.908960028337079340e-01
1.315802808455051980e-02
9.909007581771461792e-01
1.315025772535513386e-02
1.314584685689187786e-02
1.315651833801200279e-02
9.909038780477672503e-01
1.315504635457794350e-02
1.314535348931286998e-02
1.315711017863781598e-02
1.314256031643159725e-02
9.909160443197304602e-01
9.909029491913059484e-01
9.909036922440663808e-01
1.314610981445658508e-02
1.315766523043596439e-02
1.314962055532079531e-02
1.314969386673761793e-02
1.315654685774799576e-02
1.314424333093820382e-02
1.315474817435868631e-02
9.909114785823460725e-01
1.314854171905314832e-02
1.314453405499357332e-02
1.315724891789793981e-02
1.314990937373835059e-02
1.315360050084989074e-02
1.315188888980471302e-02
1.315647330915414685e-02
1.314834764174828592e-02
1.314773541251988524e-02
1.314599182621797001e-02
1.314373476824945777e-02
1.315652553188029553e-02
9.909004966837807737e-01
1.314889430911743949e-02
1.314292909921675745e-02
1.315158446837970223e-02
1.316000019788064572e-02
1.220572561162405235e-02
1.314436680944999943e-02
1.315065088229049571e-02
1.314905595794652396e-02
1.315671642466746324e-02
1.315319247449574409e-02
9.909045843937268616e-01
1.314777186391536713e-02
1.315526093123635908e-02
1.314842557166160698e-02
1.315158335641799028e-02
1.314928364499494406e-02
1.315625687059104529e-02
9.909003638592004393e-01
9.908973725941735422e-01
1.314479423602610796e-02
9.909084748947505350e-01
2.545726908381046316e-01
1.314704124525027835e-02
1.314434721553326205e-02
1.315306743030883810e-02
1.315269514461816017e-02
1.314546460345778628e-02
1.315079160777828278e-02
1.315274614802883733e-02
1.314386227989409323e-02
1.314954660452127833e-02
1.315215274866683194e-02
1.314704672346745859e-02
9.909095307734989699e-01
1.315112984145887752e-02
2.545950362504763032e-01
1.314465928771824284e-02
1.314566736373170251e-02
1.314185873554488994e-02
1.315424990452813796e-02
9.908990485671946846e-01
1.315727697212106667e-02
9.909122739847867622e-01
1.315336391020107028e-02
1.314788145039750243e-02
1.315151974365627065e-02
1.315007411275440422e-02
1.315304782179549728e-02
1.315346089369086140e-02
9.908970541948418642e-01
1.315461576766961509e-02
1.315045828142923090e-02
9.909097301575547911e-01
1.315047018746125750e-02
1.315307999404226671e-02
1.314331618323338544e-02
1.315627288543952389e-02
9.909056990664438791e-01
1.314324034531558737e-02
2.006924467227794162e-02
1.315381827673917613e-02
1.314411837354681131e-02
1.315253471406879066e-02
1.314465392136568954e-02
1.314891557459935655e-02
1.314204816726648704e-02
1.315430899168894968e-02
1.315628926898118958e-02
1.314670235348779255e-02
9.909078942845398474e-01
1.315177241610562299e-02
1.315443523849015722e-02
9.909042270758385840e-01
9.908987267789819420e-01
1.315636021654868933e-02
1.315636964023319741e-02
1.315097017912963441e-02
1.315357851906961105e-02
9.908921893721245322e-01
1.314797309111265418e-02
9.908962777143008882e-01
7.451589334429906675e-01
9.909010569822062076e-01
1.314810073837257773e-02
1.314466634226459790e-02
1.315692962484498081e-02
0.000000000000000000e+00
9.908935220187207182e-01
9.909094222461498624e-01
0.000000000000000000e+00
1.315416563089609296e-02
1.314704326367718834e-02
1.315481607996108956e-02
1.314052854744314144e-02
1.314534674267896913e-02
1.314597466935666856e-02
1.315389068626098522e-02
9.909017873082938133e-01
9.908961667586708710e-01
1.315702094500673450e-02
9.908949773667982130e-01
9.908913820759389646e-01
1.315683545587096291e-02
9.909047475402229521e-01
1.315704275038053275e-02
1.315723765501972294e-02
9.909048380661563682e-01
9.908986033148950989e-01
1.315234760331871790e-02
1.314324916177272290e-02
1.314548379120205127e-02
1.314555758053749177e-02
1.315608023423215506e-02
1.315280704531206560e-02
9.909106066779058697e-01
9.909333444345850284e-01
9.909044548514192030e-01
1.314454009711862534e-02
0.000000000000000000e+00
1.314202123038284153e-02
1.314348440781362010e-02
1.314450961312574329e-02
1.314425013583587348e-02
1.316005857496175928e-02
9.908924257765238108e-01
1.314708913923837673e-02
1.314897207179559040e-02
1.315375522643815083e-02
1.314800277303845681e-02
1.314837895806318484e-02
1.314741489670605973e-02
1.314088839422375248e-02
1.315368075553770277e-02
1.315741584878960674e-02
1.312326907273308856e-02
9.909056578698511863e-01
1.315363419189567902e-02
9.909062778089510193e-01
1.314434385364536724e-02
1.315228626935570355e-02
1.314322746117695812e-02
9.908879174159014314e-01
1.314585295325287374e-02
1.315175202573380490e-02
1.315656040187846397e-02
1.314220075386979616e-02
9.909031702171057221e-01
1.604882472617534268e-03
1.314983896589861853e-02
1.314376775093223024e-02
9.908914742162431288e-01
9.909067295552632659e-01
9.909055199450951257e-01
1.314523017566834873e-02
1.312626400946938915e-02
9.909044603066169410e-01
1.314529404323758199e-02
1.314749360981563517e-02
1.315308770187281415e-02
9.909043117553169022e-01
1.315807812980815568e-02
7.487763365854609443e-01
1.314697841231241525e-02
1.314809684518070294e-02
1.315032148789180115e-02
1.314838956208932985e-02
9.909043299299288288e-01
1.315223887096469459e-02
9.908962192976151773e-01
9.908948505303872833e-01
9.908246692127193889e-01
1.315040815597165631e-02
9.746650731369802534e-01
2.705103681156057274e-02
8.074501531626170348e-01
9.909123859188110339e-01
1.314597195518969405e-02
1.315689324856397432e-02
1.314614231145844886e-02
9.909029851509557618e-01
9.909056024424043319e-01
7.481423826621516060e-01
9.909072382309820348e-01
1.315482885433189378e-02
1.314717636851533283e-02
1.314928068591098703e-02
1.158492557415754382e-02
1.315996826836920812e-02
9.909052949128496213e-01
9.909028285224882326e-01
9.909049545381328761e-01
9.908917045394336487e-01
6.338600408782353313e-01
9.909076487772583430e-01
9.909025771051830356e-01
1.315857808011534034e-02
2.702503312520443401e-02
9.747733448929136735e-01
1.315146924299996287e-02
1.315126151979300467e-02
1.315098278396394267e-02
9.909017222846694395e-01
9.909014032075268430e-01
1.315648541713479620e-02
9.908980295542667571e-01
1.315736957503586650e-02
9.908956739083585319e-01
1.316004540333334978e-02
1.315231015816444374e-02
1.315469956539207230e-02
9.908988592550574959e-01
1.311405589638481133e-02
9.909031889857252695e-01
1.314182812571569776e-02
1.315776407630726667e-02
1.314674557639285493e-02
1.315667220988127849e-02
9.909159963755971301e-01
1.314817711489662914e-02
1.315616846695592465e-02
1.315695297515132207e-02
1.315181153139783655e-02
