3.722545949133491267e-02
9.605148952651499927e-01
9.605005123570438119e-01
3.721916317649929390e-02
9.605027661652842941e-01
9.605122266997041525e-01
3.721976876574857596e-02
3.722538908404426222e-02
3.723478581016781419e-02
9.605011033428343392e-01
3.723857636985763303e-02
9.605097904683762566e-01
3.723105569906168255e-02
9.605118479595533554e-01
9.605019503681324622e-01
9.605099361752157394e-01
9.605143302151362139e-01
9.605051110728375363e-01
9.605052922435808327e-01
3.723708097943570494e-02
3.722101074472930482e-02
3.723979821784006994e-02
9.605037273436650702e-01
3.722678204459322487e-02
3.721937057768880813e-02
3.723798463127971775e-02
3.722293669775320751e-02
9.605136739017675618e-01
3.722128659808783546e-02
3.722558168937005474e-02
9.605016649102781079e-01
9.605049154494705865e-01
9.605058213085820862e-01
3.722253498387555898e-02
9.605245630878996854e-01
3.721982597112701019e-02
9.605180939086624958e-01
3.722404894349784499e-02
0.000000000000000000e+00
9.605039971787113773e-01
3.722201017883080415e-02
9.605070161826796404e-01
3.722752381539028155e-02
3.722729570837966795e-02
9.605091329618162810e-01
3.723217435381462326e-02
0.000000000000000000e+00
9.605266003244129491e-01
9.605098702095538066e-01
9.605109988624588313e-01
3.723536817801807730e-02
9.605058430429547212e-01
3.723198872471935456e-02
9.605053312594588055e-01
3.722856191604258236e-02
9.605026519704011889e-01
9.605077393300546218e-01
9.605096914047452916e-01
3.724522325818551555e-02
3.723308235008042366e-02
3.723491821399649987e-02
3.723170189590609136e-02
9.605129658220095124e-01
3.722444794329127227e-02
9.605064912159975155e-01
3.723666724123762817e-02
9.605164358562117144e-01
3.723176909900293569e-02
3.722020895210338687e-02
9.605128627240099304e-01
9.605202886355928005e-01
9.605002357735232810e-01
9.605078225564427363e-01
3.722364487136957389e-02
9.605041377456349228e-01
3.723512695959663166e-02
9.605098468946617896e-01
9.605120967107415586e-01
9.605050339977011520e-01
3.722793560320927092e-02
3.722071707581421640e-02
9.605135305382956901e-01
3.723722927781530218e-02
9.605168640547216974e-01
9.604986998921364316e-01
3.721988948060239721e-02
3.723680999177895329e-02
3.723103232357178466e-02
9.605133009747419681e-01
3.723061394167775928e-02
9.605015567658119480e-01
3.723138852515030239e-02
3.722048662557769089e-02
9.605091740147340129e-01
9.605102943553656125e-01
9.160796305568539299e-01
9.605138455917043849e-01
9.605133527631586343e-01
3.724835494278344594e-02
3.723408813025352870e-02
3.723673596775609745e-02
3.722135753324630481e-02
3.722893750735085938e-02
3.722484607371942533e-02
9.605044703718275123e-01
3.722847729882488438e-02
3.723616194157187281e-02
3.723554600856837649e-02
3.722825171862993721e-02
3.723627716261253967e-02
9.605013396149548743e-01
3.722315796838043117e-02
3.722011384215136859e-02
3.722486779803196866e-02
3.723341111613751031e-02
3.723329552950480070e-02
3.723862900885601540e-02
3.722745011583146468e-02
3.723595426375431866e-02
9.605166750741757076e-01
9.605162502600210761e-01
9.605085835021878182e-01
9.605109416930471822e-01
3.723260434358283827e-02
3.722626851430747841e-02
9.605102381952521640e-01
3.723662532807755360e-02
3.723324834582832782e-02
3.723568235042012259e-02
0.000000000000000000e+00
0.000000000000000000e+00
3.722109273453796940e-02
3.722744885770514628e-02
9.605141901400915394e-01
3.722575544818419041e-02
9.605006892883476421e-01
9.605126182915056932e-01
9.605077436657051271e-01
9.605047426946203837e-01
3.722428548093068001e-02
3.722959057658886683e-02
9.605097213196507333e-01
3.723152862229812260e-02
9.605245630878996854e-01
9.605249823771204731e-01
9.605091362463197280e-01
9.604999326761629597e-01
3.724733489169704953e-02
9.605078066638959022e-01
3.722491637319910035e-02
9.605054044266588820e-01
9.605138254143769094e-01
9.604767548947447109e-01
3.722933333403466438e-02
9.605165581459158552e-01
9.605069950929912004e-01
3.723302667375572722e-02
3.722712857048383894e-02
9.605070710324941086e-01
3.722836436876057753e-02
9.605163933984278701e-01
9.605140103408662533e-01
3.722490135561103142e-02
9.604972996440621635e-01
9.604984320294098765e-01
9.605171112479420348e-01
3.722144580442569156e-02
3.722934172757247362e-02
3.723357551355294809e-02
3.723558323319678398e-02
9.605198595575822340e-01
9.605057828705276801e-01
3.722029839971621040e-02
3.722153488393606380e-02
9.605056452602180883e-01
3.722854076733186912e-02
9.605078047881041581e-01
3.722831225205289890e-02
3.722318205471963209e-02
3.722627313410620947e-02
9.605002481432187711e-01
3.722949307451096923e-02
3.723005146564720841e-02
9.605015318685676817e-01
3.722199354958530271e-02
9.605183335590143923e-01
3.722273624599087283e-02
3.723222641672825628e-02
9.604994934795124673e-01
3.722000066234954635e-02
9.605021935384574494e-01
3.721593673737788599e-02
9.605152787123689695e-01
3.723507298962283607e-02
9.605048759959204929e-01
3.722372902514065746e-02
3.722717631890399420e-02
3.722524156396238987e-02
3.722932658224437780e-02
9.605033850525747097e-01
9.605016374446456728e-01
3.723483463009794048e-02
9.605032094382156549e-01
9.605062746813615160e-01
9.605013018695980342e-01
9.605163877271455375e-01
9.605044009195291554e-01
9.604999479457732026e-01
9.605030478906021463e-01
3.722748341851216808e-02
3.723101470408936298e-02
3.723004466122221967e-02
9.605023965140137010e-01
3.723267522327046442e-02
9.604997813188670408e-01
9.604991848829723677e-01
9.605120405595510835e-01
9.605156563544577919e-01
3.723338711598595668e-02
3.723060451081554312e-02
9.605323964695526850e-01
9.605175341115212984e-01
3.722424062923909704e-02
9.605160214901659055e-01
3.722506853243188335e-02
9.605005005725877343e-01
9.605042870354747464e-01
3.723384821922535309e-02
9.605102296837457754e-01
3.722810725676683336e-02
3.721962895040714647e-02
3.723509889982070525e-02
3.722112928071323601e-02
3.721891090395572366e-02
9.605064083175967049e-01
9.605032430606125216e-01
9.605005605376581990e-01
3.723155709339072417e-02
9.605013522828633743e-01
3.722893606236753195e-02
3.722756005118974670e-02
3.723765616505005788e-02
9.605038291126314354e-01
9.605125218480965454e-01
9.605067849133133162e-01
9.605043794048264694e-01
3.722188997279375633e-02
9.605158255217498553e-01
3.723389059247176475e-02
3.723403083887108500e-02
0.000000000000000000e+00
3.722366615648175364e-02
3.722293956692401817e-02
9.605179977307768402e-01
3.722147171410065958e-02
9.605147933077977651e-01
3.723180689822822714e-02
9.605007242418519553e-01
3.723390779394902123e-02
3.722201153342426239e-02
3.722185089004310249e-02
3.722488445167543986e-02
9.605100385892065828e-01
9.605142818696104090e-01
9.605125579822916260e-01
3.723534834218927836e-02
9.605114787273653087e-01
9.604958819015022575e-01
9.605045812782029291e-01
3.722862923706241750e-02
9.605120936813055232e-01
9.605005123299648062e-01
3.722433463049829028e-02
9.604972070177971721e-01
9.605043039774964209e-01
9.604964245478834206e-01
3.723646757086183229e-02
3.722554656677339729e-02
9.604971643054245334e-01
3.722564533998035802e-02
9.605137014860252176e-01
3.722093026946365207e-02
9.605026442597583980e-01
9.605160025535096624e-01
3.722444213182381223e-02
9.605123106631480168e-01
9.605036495853613854e-01
9.604993726636604778e-01
9.605224220025097015e-01
9.605017000887777767e-01
9.605124714954741405e-01
3.722204424204285378e-02
9.605063652312345601e-01
3.723528077619711607e-02
3.723016673682136291e-02
3.722397622575981252e-02
0.000000000000000000e+00
9.605167593408158178e-01
9.605244298670845282e-01
3.723345980750260992e-02
3.722564797742556469e-02
3.723123728648273373e-02
3.722471296572833072e-02
3.722263359300477525e-02
3.723468390569381614e-02
3.723029951184761432e-02
3.722243096642977034e-02
9.605113713207088511e-01
3.722899860017261225e-02
3.722248140326042676e-02
3.723376373136951661e-02
3.724048327427079835e-02
9.605033545958269192e-01
3.722571603683858671e-02
3.722842098598777572e-02
3.721968875744521149e-02
3.722165954084309669e-02
3.723108738422603592e-02
3.723501561277228755e-02
3.723339279006022962e-02
3.722982452774985240e-02
3.722863937426507119e-02
3.723065408571350765e-02
9.605085416850709379e-01
3.722397945291611165e-02
3.722911358639695301e-02
9.605128371751056049e-01
9.605026785044736837e-01
3.722678202387314644e-02
9.605121279060921946e-01
3.722730350514767000e-02
9.605139815674662573e-01
3.722323399999902249e-02
9.605011989716917276e-01
9.605018675414349616e-01
3.722620083373223698e-02
9.605035636260348397e-01
3.722724591660986349e-02
3.723446158719924404e-02
9.605082190300701095e-01
3.723577129095659993e-02
3.722586223665347305e-02
9.605022566113878835e-01
9.605172486290006750e-01
9.605131813733882584e-01
9.605060833374602369e-01
9.605035957584131534e-01
9.605158266284424817e-01
3.723142215923840037e-02
9.605088080942298934e-01
9.605064337103109695e-01
9.605059517709791939e-01
9.605115193203139778e-01
9.605076672583470199e-01
9.605002572450995757e-01
3.721240345015439793e-02
9.604980721728620940e-01
3.722724613108822911e-02
9.605041318175419063e-01
3.723100778260786392e-02
3.722237400883348507e-02
3.723245562431767158e-02
9.605065224388110723e-01
3.723577638450404487e-02
9.604980075352971269e-01
3.722647121561245553e-02
3.722348840668999320e-02
3.723482064159549382e-02
9.605082019874591204e-01
3.722810782159349102e-02
3.722778141393098816e-02
9.605054022459530438e-01
3.722075081368611538e-02
3.723660720580142247e-02
3.722046575925905959e-02
9.605110578587348069e-01
3.722787966931014741e-02
3.723385113522201251e-02
3.722269322877282127e-02
9.605152957651240664e-01
9.605045847910351764e-01
9.605138474356713640e-01
9.605062164514176493e-01
3.723469541608585842e-02
9.605104775299010411e-01
9.605146407834804778e-01
3.722646267657355595e-02
3.723228298923711432e-02
9.605078354424374520e-01
9.605063445173512848e-01
3.723163309062901827e-02
3.723194407255627641e-02
9.605142908507706689e-01
3.722457448446159223e-02
3.724404973510576228e-02
9.605104693468065058e-01
3.723087875060279023e-02
3.722703782669382205e-02
3.722999688324552664e-02
9.605033273382287407e-01
3.722687342053020154e-02
9.605165084054919644e-01
3.721941464285029311e-02
9.605057990783978372e-01
9.604966042916939228e-01
9.605011452244159864e-01
3.723399792943801051e-02
9.605176156165381451e-01
3.722396243220168349e-02
9.605153941721160660e-01
9.605049201430229111e-01
0.000000000000000000e+00
9.605067835825196187e-01
3.723486034308405579e-02
9.605093692443450459e-01
3.723447603019874180e-02
3.723578110305679478e-02
3.722719754811453646e-02
3.722941356469828406e-02
9.605070302367950674e-01
3.722646050203654716e-02
9.604970990891735783e-01
3.723004294505607992e-02
9.605064385413780714e-01
3.722170364922535585e-02
9.605076853930412106e-01
3.723760962668264118e-02
9.605139284401456035e-01
3.722519719016144368e-02
3.723884514298404780e-02
9.605167224614692412e-01
9.605069717476939495e-01
3.722988284786333396e-02
3.722949944905918490e-02
0.000000000000000000e+00
9.605128830815256036e-01
9.605118389578435334e-01
9.605134546990525823e-01
9.605197679457927462e-01
3.722229483157426383e-02
