9.713881383751281628e-01
4.179992433894766900e-03
4.186977930098589873e-03
4.170575761158125394e-03
4.183903869527682597e-03
4.181119675748633767e-03
4.177140196069129875e-03
4.174053356794493741e-03
4.183845978826965066e-03
9.713969297887198318e-01
4.181256707783451154e-03
0.000000000000000000e+00
9.713910506201680617e-01
4.180000835551482725e-03
9.713848737495919261e-01
9.713886707036611945e-01
4.175849540342623650e-03
4.189460871940086859e-03
4.176534166335212940e-03
9.714405628863884701e-01
4.187790294899808828e-03
9.713713536855750341e-01
4.183164302388654547e-03
9.713907828660705013e-01
9.713967874048102802e-01
9.713744359480790402e-01
4.189507469541228248e-03
9.713769062247152863e-01
4.184834637700660630e-03
9.713935800747138805e-01
4.190660565881975524e-03
7.774950086109494451e-01
9.713837509546442428e-01
4.190966751346020085e-03
9.713852867744680042e-01
4.184652202243552277e-03
4.178734806587395753e-03
9.713783179002315471e-01
9.713812800389033386e-01
9.713872646719231563e-01
9.713766010537848716e-01
9.713825767206548667e-01
4.181859440570558778e-03
4.182469905532709004e-03
9.713818683610766502e-01
4.175441140822883090e-03
9.713717962521665195e-01
4.184542328441648307e-03
4.187851262470912439e-03
9.713843794337687632e-01
4.188956002850201601e-03
9.713819691101348575e-01
9.713842097570482004e-01
4.180908307319326778e-03
0.000000000000000000e+00
4.186511099258268670e-03
4.192097277278416904e-03
4.183772686811446789e-03
9.713851050924620090e-01
4.185194707316874062e-03
4.188137072086181405e-03
9.714125036118848033e-01
9.713929011659282464e-01
4.189637799877785930e-03
9.713611699945322586e-01
4.186925510008635345e-03
9.713838546287874021e-01
4.177411426908633242e-03
9.713980296407129789e-01
9.713811418318831770e-01
1.520963436576708572e-01
4.183399634833958811e-03
4.186814913024044897e-03
4.182312113521559002e-03
9.713869762992116685e-01
4.187831988455534803e-03
4.185233520186227435e-03
9.713786274751675665e-01
9.713903947381382631e-01
9.713724750771524086e-01
4.184768186858717036e-03
4.181417775648825323e-03
9.713837061852708121e-01
9.713765245032361939e-01
9.713771270143810588e-01
4.189410461944766476e-03
4.180984877114836927e-03
0.000000000000000000e+00
4.180395174729244039e-03
9.713900528181823590e-01
4.182587700934214080e-03
4.189341347215731932e-03
4.185072408201093337e-03
9.713769434997412411e-01
9.713876339147735628e-01
0.000000000000000000e+00
9.713844740166122094e-01
4.184897792045596567e-03
4.187286175313127863e-03
9.713825628191233852e-01
4.175936051504167135e-03
9.714972049053023362e-01
4.189244478980612939e-03
4.184307522704259173e-03
9.713882512893379229e-01
9.714172686159425751e-01
4.186268653553388425e-03
4.184142809854122201e-03
9.713793082084777319e-01
4.176964457570465916e-03
9.713902110279606372e-01
9.713845843520290124e-01
9.713823662358579414e-01
4.177181140999799806e-03
4.178316666108296620e-03
4.189193270133530905e-03
9.713859737418814033e-01
9.713930456637490662e-01
4.180525168503533215e-03
9.713791731946462837e-01
9.713777375655386903e-01
4.180353820410126486e-03
4.180869083813404385e-03
4.186887118426869253e-03
9.713856346491052118e-01
9.713878842018289772e-01
4.180599618057966038e-03
9.713725532336215940e-01
4.189796538693555013e-03
4.190342911384400786e-03
9.714132535259472068e-01
9.714080650121607041e-01
4.182996933204442130e-03
9.713830863754250311e-01
4.183637361336344125e-03
4.185445353113919492e-03
4.184975179631874979e-03
9.713800326198493984e-01
4.181986809140778201e-03
4.178558258187166710e-03
9.713865063209162765e-01
4.190462778924175860e-03
9.713849304564385889e-01
9.713863766490488105e-01
4.183490886384639944e-03
4.170366631336233296e-03
4.173870599017473308e-03
9.713776734842163307e-01
4.175937670171088120e-03
9.713833058793563957e-01
9.713932998713397104e-01
9.713810141152772193e-01
9.713667668181915626e-01
4.183600948566061628e-03
4.187001961122474233e-03
4.189500813990942006e-03
9.713834246692318874e-01
4.186182649192120298e-03
9.713832689779380303e-01
4.184698638849573653e-03
4.181236028376974882e-03
4.190026305466128427e-03
9.714944771192719486e-01
4.176917906841738463e-03
9.713895864693586901e-01
4.185848109896834514e-03
4.178729654918689543e-03
9.713811011572365262e-01
4.170920076336285219e-03
4.178678005936525483e-03
4.178507093885269058e-03
4.186610112061505372e-03
9.713917979937891634e-01
4.186733890955378692e-03
9.713797008116222820e-01
9.714216063343665830e-01
9.714022872434879829e-01
4.176714260818924392e-03
9.713890611178955803e-01
4.178735368909301806e-03
9.713714222673354159e-01
4.176487384189761162e-03
4.177423701821608194e-03
4.179569047874655795e-03
9.713892372931411945e-01
4.185938633364299534e-03
4.186934308155328306e-03
4.183052920375191462e-03
4.184279784208377005e-03
9.714036647321896423e-01
9.713815069542606206e-01
9.713896138972505367e-01
4.180758266119594807e-03
4.180214804880693150e-03
4.190259596200633999e-03
4.190133206342458276e-03
4.189721676395793092e-03
4.172956722598756239e-03
4.175806349105340778e-03
9.713780695320693992e-01
4.189990810343338645e-03
4.182412312885823956e-03
4.184411307227714483e-03
4.179018864033583885e-03
4.184292226146251077e-03
4.184819665969150698e-03
4.189786916450276809e-03
4.182569170644467003e-03
4.183871808921305405e-03
4.184571832224240687e-03
4.189292878742848295e-03
4.175295081823847052e-03
9.713890820659291103e-01
4.181244224053065790e-03
4.183689239415982683e-03
4.179391966766012045e-03
4.183999995447553258e-03
7.708757258303410298e-01
4.188066198615031377e-03
4.186235534458143497e-03
4.176037105802225119e-03
4.189436435257268970e-03
4.184744970138419042e-03
9.713923375493228596e-01
4.176982027147917685e-03
4.185470496554246668e-03
4.183388754642962393e-03
4.180961420868136748e-03
4.186066344464817353e-03
4.188056524714840918e-03
9.713837420998350236e-01
9.713783358634382470e-01
4.191754085087880111e-03
9.713757964998046557e-01
9.713974649853073240e-01
4.181541623053049682e-03
4.188489933160877664e-03
0.000000000000000000e+00
4.182589931011220820e-03
4.184311241073708325e-03
4.186756953486079832e-03
4.183931623081549138e-03
4.184611443145353285e-03
4.186813303273914828e-03
4.185069844494491292e-03
4.183001075814237260e-03
9.713827196947441012e-01
4.189327456760438134e-03
9.713784621322614221e-01
4.189508861161319979e-03
4.185387224619334899e-03
4.175580252053390229e-03
4.183150313440060428e-03
9.713829583556105041e-01
4.183981834418585254e-03
9.713840091860778125e-01
4.180001651881644180e-03
4.182507940023593926e-03
4.188294338811134922e-03
4.182442831260368456e-03
4.185897022049268716e-03
4.189405355029487792e-03
9.713753126627193701e-01
4.186464259895101951e-03
4.183771547499869417e-03
9.713867972137788520e-01
4.184830279960432067e-03
4.182999531737295433e-03
4.185414623500496173e-03
4.175994049505260715e-03
9.713859140698877237e-01
4.177176872370003818e-03
9.713901962581760197e-01
4.183904525925746104e-03
4.183317852922674093e-03
4.187443851414978345e-03
4.178813923535633357e-03
4.190325639240198921e-03
4.175973228599909326e-03
4.179679167357333233e-03
4.183341115425851311e-03
4.178186891206078953e-03
9.713806090184106123e-01
4.184700135682878526e-03
4.188480753372287799e-03
9.713772420929309703e-01
9.713917283273854064e-01
4.175994467966156858e-03
4.185949592347436299e-03
4.180150258174445028e-03
4.186364005363461989e-03
9.713841654881920640e-01
4.186089777694991347e-03
9.713915524044769434e-01
9.713784473512090401e-01
9.713699898607905947e-01
4.177777425261285961e-03
4.181561198780222623e-03
4.201196081601503256e-03
0.000000000000000000e+00
9.713888036218637501e-01
9.713894366917361634e-01
0.000000000000000000e+00
4.178433778771147022e-03
4.182855696634697057e-03
4.188152357633407805e-03
4.172580274592344908e-03
4.187880346756042878e-03
4.183233841662941342e-03
4.187870792717926678e-03
9.713851443544024855e-01
9.713757682906417612e-01
4.179699916949903421e-03
9.713825375706421905e-01
9.713805809138296166e-01
4.185977861774059679e-03
9.713831608444555288e-01
4.177078079672305946e-03
4.185996938205808170e-03
9.713847051868841342e-01
9.713893435660170272e-01
4.185569533383948215e-03
4.171537467386814482e-03
4.177666903584039207e-03
4.187273557409089408e-03
4.190145779811390962e-03
4.189015851203957939e-03
9.713918003505074283e-01
1.587202315960058478e-03
9.713820362411431653e-01
4.180644484134570828e-03
0.000000000000000000e+00
4.186414344058891034e-03
4.182483813174140731e-03
4.178900254288850542e-03
4.192896496412021508e-03
4.180737089621296837e-03
9.713858990940210658e-01
4.183506341381136931e-03
4.187341515766776316e-03
4.176973931842839494e-03
4.186240065115497122e-03
4.183095667671762885e-03
4.178247795138376533e-03
9.521887223311820136e-01
4.182196569110668317e-03
4.175525195199846981e-03
9.714151071701609963e-01
9.713826310732974756e-01
4.179714339647065853e-03
9.713891804316517886e-01
4.189949362732258396e-03
4.178912336402152566e-03
4.187740099821129353e-03
9.713877572380208436e-01
4.180062771549212554e-03
4.178505606737810928e-03
4.180141701646277602e-03
4.190960734292752989e-03
9.713784027263655529e-01
9.887435543614178091e-01
4.183409913103390554e-03
4.183130134750859090e-03
9.713907220440481938e-01
9.713857735915493175e-01
9.713800407734720643e-01
4.176169104238045687e-03
9.521525080436501476e-01
9.713798114312346410e-01
4.181651700218995404e-03
4.183431314562380959e-03
4.177116815377204806e-03
9.713800789023084858e-01
4.183654855674189682e-03
9.713876890876642634e-01
4.178200756231047371e-03
4.184272071498505198e-03
4.175483859405165754e-03
4.181612675146190172e-03
9.713855121946333160e-01
4.187132555244671081e-03
9.713859404513973672e-01
9.713765192764799439e-01
9.713723376212529681e-01
4.190181434867064521e-03
9.713252834523506962e-01
0.000000000000000000e+00
9.713794802330188993e-01
9.713820540106845591e-01
4.186792763151447362e-03
4.180983131457481281e-03
4.190164253068926620e-03
9.713732675832440489e-01
9.713795029465410735e-01
9.713966014820412109e-01
9.713818853609521575e-01
4.183357487395568744e-03
4.186897693832962626e-03
4.187296726953893856e-03
1.520047852743553751e-01
4.178736398058451387e-03
9.713929551151825326e-01
9.713875634488234878e-01
9.713878321040589903e-01
9.713895497025087922e-01
9.877976636034697666e-01
9.713883449751041788e-01
9.713858460735096401e-01
4.189944281325496019e-03
9.713869779217817468e-01
9.713980911308719435e-01
4.176652115325848146e-03
4.188044798003729211e-03
4.178841353279611273e-03
9.713714435687376136e-01
9.713906054566835424e-01
4.191284673163501485e-03
9.713825175172190463e-01
4.182735603284078001e-03
9.713836544748406521e-01
4.180206000627456966e-03
4.183676925082157466e-03
0.000000000000000000e+00
9.713899647308495977e-01
9.713954128317806580e-01
9.713763899770773147e-01
4.187605530004148702e-03
4.182324741937927179e-03
4.193199966677486207e-03
4.186089963302091349e-03
9.713780172549753011e-01
4.181774350159613192e-03
4.186334603849078267e-03
4.185427721347882712e-03
4.185712368119908974e-03
