7.489063398270361382e-01
1.315359516865011701e-02
1.315659244246769610e-02
1.314952193744672176e-02
1.314833191008927225e-02
1.314435078963108704e-02
1.314944352001927441e-02
1.314730631586317339e-02
1.314572316943964612e-02
7.488764114236199365e-01
1.315340535260738249e-02
0.000000000000000000e+00
9.909096830826453761e-01
1.314684614388222580e-02
9.909048442840474591e-01
9.909056189832737838e-01
1.314472830969392290e-02
1.315491529973170093e-02
1.314519912507105918e-02
1.315420243016152992e-02
1.315348050600778293e-02
1.312588967552967903e-02
1.315102923139633076e-02
9.909033502650511638e-01
9.909100327632384131e-01
9.909081936582643246e-01
1.314360266964303275e-02
9.909094640063756954e-01
1.314533153442128642e-02
1.314358637721785468e-02
1.315827131063664751e-02
1.312363525764616116e-02
9.909108812925052634e-01
1.315853457339207812e-02
9.909097891843283712e-01
1.315945575335969106e-02
1.315213321248284717e-02
7.489088647413986166e-01
9.909061341409920454e-01
9.909191618823319780e-01
9.909092656695963619e-01
9.908978659487588381e-01
1.315504663458074742e-02
1.315403488963651051e-02
9.909199598215538973e-01
1.314455162844541461e-02
9.908969346209344220e-01
1.316190442786908249e-02
1.315227016284500720e-02
9.909142865694827718e-01
1.315906843141300200e-02
9.908972197783365576e-01
9.909189296382411305e-01
1.316035974334535223e-02
2.522576575163352763e-01
1.314640363268012972e-02
1.315501043494285080e-02
1.315969605502482348e-02
9.909106252395106784e-01
1.315190000383049951e-02
1.316208016089831165e-02
1.313535193235817675e-02
1.217315962065157985e-02
1.315517850033151581e-02
9.909125728140548706e-01
1.314595196811351938e-02
2.522308548551147611e-01
1.314497475927796540e-02
1.314161446095374330e-02
9.909230904512236204e-01
1.257229029773636146e-02
1.315225343369974195e-02
1.315506354694796244e-02
1.315065143359128025e-02
9.909143320330938698e-01
1.315713100461203024e-02
1.314889314107103857e-02
9.909090491211507423e-01
9.909131393507523144e-01
9.908980159778802976e-01
1.315506489878527120e-02
1.316368458720127213e-02
9.909138759255268214e-01
9.909025480400422969e-01
9.909165638300861945e-01
1.315710856609934865e-02
1.315416180083392797e-02
9.908782513697020899e-01
1.315801807955266356e-02
9.909060684920416584e-01
1.314638435427305588e-02
1.315425911676417967e-02
1.315169416530351763e-02
9.909155973680393581e-01
9.908962280203079676e-01
0.000000000000000000e+00
9.909079242413542099e-01
1.315381375540115513e-02
1.315765153607807193e-02
9.909038382739610018e-01
1.314578850348771880e-02
1.313666507782495184e-02
1.315795713412423046e-02
1.314696432252392133e-02
9.909184166480270450e-01
7.462070823045480195e-01
1.315492958566705749e-02
1.315736533452923317e-02
9.908964971550764389e-01
1.315645320443664668e-02
9.909243523838030532e-01
9.909112467295887461e-01
9.909011906075553267e-01
1.315652708633801432e-02
1.314178172519563786e-02
1.315592724369381121e-02
9.909073046421802422e-01
9.908978996867927602e-01
1.315632813610415064e-02
9.909128624652983053e-01
9.909139076032502658e-01
1.315856186175322004e-02
1.315252202551615152e-02
1.314950221808354990e-02
9.909089583442777238e-01
9.909095543995206645e-01
1.314904498594414266e-02
9.909093889783033848e-01
1.315521609503058319e-02
1.314793500416186998e-02
9.908998339836162517e-01
9.909114912311918211e-01
1.316054386978527529e-02
9.909061983748607139e-01
1.314512371332392238e-02
1.315102615421213407e-02
1.316049128026248495e-02
9.909034300445211940e-01
1.314636364097752398e-02
1.314443634839122972e-02
9.909124561343585214e-01
1.315316056631686895e-02
9.909046045934082336e-01
9.909059676316642751e-01
1.315759614593087906e-02
1.315589937150176900e-02
1.314181384530396964e-02
9.909160386329908254e-01
1.315502904861691642e-02
9.909033551573023235e-01
9.909047912822022131e-01
9.908991576677896873e-01
9.909129810831887042e-01
1.315814414653398122e-02
1.315407400076872534e-02
1.315714405672736495e-02
9.909111129390273387e-01
1.315213361399224061e-02
9.909274101563981807e-01
1.315497687688015928e-02
1.315842908227773771e-02
1.315729087079277500e-02
1.312553271845685529e-02
1.314464109981537329e-02
9.909324472409155593e-01
1.315944216200251767e-02
1.315532629250104786e-02
9.908990831726044446e-01
1.315193021222760966e-02
1.315742897528770182e-02
1.314965662668476747e-02
1.314729518748652959e-02
9.909143232142042512e-01
1.314604828267051419e-02
9.909017686321506257e-01
1.314879659158123618e-02
9.909308414309169200e-01
1.315961594876046033e-02
9.909166457382546644e-01
1.315975291128812334e-02
9.909235331295677129e-01
1.314605094501995232e-02
1.315271603058529130e-02
1.315864801950973779e-02
9.909067775976003745e-01
1.315416601435320972e-02
1.314399351565814951e-02
1.314373197460891145e-02
1.315903543071866855e-02
9.909102150280243437e-01
9.909116932494269614e-01
9.909095686113160717e-01
1.315914472422382610e-02
1.315872599128945636e-02
1.314623710957025550e-02
1.314956107329087395e-02
1.315546810819917013e-02
1.314928286439570951e-02
1.315468895297606730e-02
9.909024819072119739e-01
1.314857375583289995e-02
1.315458086670693270e-02
1.314393723824066294e-02
1.315728698327911159e-02
1.314595158606235957e-02
1.315033050212917158e-02
1.315415036000916818e-02
1.315510861263334899e-02
1.314733613098015286e-02
1.314702261948633849e-02
1.314851192292534367e-02
1.314687140527633774e-02
9.909139038081350437e-01
1.315443417686745602e-02
1.315456115937393804e-02
1.315879033425126736e-02
1.316443246156181676e-02
1.282109406212400375e-02
1.315007971720872498e-02
1.315137949567051975e-02
1.314438257176154916e-02
1.314471925618305309e-02
1.315488905890357073e-02
9.909141382334452075e-01
1.314549309370976679e-02
1.314447230885703102e-02
1.316377114661227386e-02
1.314301352682819765e-02
1.315306246730811417e-02
1.314581581765548839e-02
9.909158447211672271e-01
9.909078109774629439e-01
1.315538211527754811e-02
9.909111777582350067e-01
2.522279360741565002e-01
1.315096786484218523e-02
1.315225340040445876e-02
1.316192878008180453e-02
1.316136273207597560e-02
1.315824574260229286e-02
1.315540540434805353e-02
1.314959561221173447e-02
1.315646403514168089e-02
1.315739710412072196e-02
1.315325451869000378e-02
1.315241465529016010e-02
9.909024345496382224e-01
1.314788346675927616e-02
2.522262905103954123e-01
1.314337983950434642e-02
1.314585103782285776e-02
1.316102377769189785e-02
1.316019349816268010e-02
9.908998625506710844e-01
1.315792209767095537e-02
9.909117663284863209e-01
1.315336945049349823e-02
1.315912006439544542e-02
1.315314171438056699e-02
1.315737381019051536e-02
1.315013307524263986e-02
1.314640246034532584e-02
9.909269715083958152e-01
1.315823482248999234e-02
1.315339996741497763e-02
9.909065118605560052e-01
1.314534046681832720e-02
1.315675338271252853e-02
1.315464373777194482e-02
1.315273852489603525e-02
9.909069260185993100e-01
1.314849564411512371e-02
1.874473269453210897e-02
1.314946934698823372e-02
1.315460912305678985e-02
1.315568228815302762e-02
1.314433020763436377e-02
1.315793926901015487e-02
1.316005627537012931e-02
1.315901387480744415e-02
1.314489183276571459e-02
1.314944260374698720e-02
9.909089368415233690e-01
1.316249130766299590e-02
1.315919174990721856e-02
9.908999276217683727e-01
9.908989077488908892e-01
1.315239136788092129e-02
1.315403990150259932e-02
1.315822186345925841e-02
1.316024715264214537e-02
9.909044033847448363e-01
1.315878638174901305e-02
9.909032603864333932e-01
7.462104088720733497e-01
9.909039821832875683e-01
1.314869819479630095e-02
1.315313771073066060e-02
1.316030057862849212e-02
0.000000000000000000e+00
9.909062720483088338e-01
9.909213725601302425e-01
0.000000000000000000e+00
1.314987210990774258e-02
1.316293005388956792e-02
1.315521144597422108e-02
1.315163939613550603e-02
1.314666082067561179e-02
1.315296204710461082e-02
1.314629463789601660e-02
9.909092241319076289e-01
9.909075696403851774e-01
1.316205040335877673e-02
9.909097456478680455e-01
9.909019103070699774e-01
1.315058581339524461e-02
9.908975708023876061e-01
1.314452284419333900e-02
1.315203772627236700e-02
9.909129811364225660e-01
9.909143624917577942e-01
1.315633753135283905e-02
1.315835495375478927e-02
1.315254321721378260e-02
1.316429509601607477e-02
1.314725179720813500e-02
1.315841387890191207e-02
9.909251011725671576e-01
9.909566487438752347e-01
9.909057246097296989e-01
1.316007032661026949e-02
0.000000000000000000e+00
1.314485103740581015e-02
1.315584514081086752e-02
1.315835873582314047e-02
1.315358724402160111e-02
1.315385112286040353e-02
9.909054533769900974e-01
1.314971845085539069e-02
1.316074102613422683e-02
1.315188966618846718e-02
1.314687884078386340e-02
1.315898235745723358e-02
1.315426540335564928e-02
1.312417532844154487e-02
1.315570826242151367e-02
1.315793445001968084e-02
1.313687367831666356e-02
9.909134424648791128e-01
1.316098380255779909e-02
9.908984785191535805e-01
1.314484424344525629e-02
1.315960645770646378e-02
1.315182686735136795e-02
9.908962639237113290e-01
1.314489410100904733e-02
1.314908195279961521e-02
1.315366311225633564e-02
1.314637748923467089e-02
9.909242262572054427e-01
1.191369243750996579e-02
1.315886519964675275e-02
1.315248340708095182e-02
9.909155180047940492e-01
9.909077600617494097e-01
9.909091542931327545e-01
1.315968240207722635e-02
1.312844571681759734e-02
9.909069057841095596e-01
1.314989472975387069e-02
1.314825286622219036e-02
1.315979038482576607e-02
9.909094424574340643e-01
1.315507378515933488e-02
7.496736548223091878e-01
1.314380277457349519e-02
1.315512409921325114e-02
1.314906269640186628e-02
1.314352937488811289e-02
9.909026299334543486e-01
1.314410417997263596e-02
9.909095553158610015e-01
9.909026201355559671e-01
9.908694092131525855e-01
1.316145737884224544e-02
9.772380072150071983e-01
2.664615153315758392e-02
7.723403420624108673e-01
9.909004222913971871e-01
1.314870615710304370e-02
1.315000541825350235e-02
1.314630542989624930e-02
9.909143085705627296e-01
9.909062445988896517e-01
7.488815079750312798e-01
9.909095491383644871e-01
1.315190016547820341e-02
1.314614085129138174e-02
1.315883050273119505e-02
1.257614101384423380e-02
1.316438151832482681e-02
9.909196023970610057e-01
9.908998752628488393e-01
9.909177023216381164e-01
9.909118950701514272e-01
6.689643386879416953e-01
9.909158577155370295e-01
9.909071331963332785e-01
1.315521803356725812e-02
2.611813036303840124e-02
9.774704436043452072e-01
1.314947164016795796e-02
1.315597867230624586e-02
1.314877568409413000e-02
9.909063677607784504e-01
9.909115202186852267e-01
1.314217917239463712e-02
9.909128974962969627e-01
1.314755608111487124e-02
9.909004390512485827e-01
1.315145813775365179e-02
1.314752233796179920e-02
1.313094004408567675e-02
9.909015501261585479e-01
1.312365499330802807e-02
9.909134528849457002e-01
1.315124873186760031e-02
1.315704131849120169e-02
1.314574012514627306e-02
1.314981832623054320e-02
9.909209284728309752e-01
1.315420767405813159e-02
1.315967733491176482e-02
1.315175534951843611e-02
1.315222236029319272e-02
