2.200205538118093218e-01
7.610484491275931740e-01
2.200232867595552921e-01
7.610571776725476578e-01
2.200291343368500074e-01
7.610487362992313098e-01
2.200219484398931169e-01
2.200302471446026475e-01
7.610596694619811142e-01
7.610600683936277200e-01
7.610541430485978642e-01
7.610544480380994070e-01
2.200356095765453324e-01
2.200309153316683253e-01
2.200269569462459107e-01
7.610498990121890017e-01
2.200293905565891550e-01
2.200352699963973591e-01
2.200357377875345744e-01
2.200242787103313669e-01
2.200365501988660877e-01
2.200294396952654497e-01
2.200323671401469561e-01
7.610491198315018080e-01
2.200234397192341040e-01
2.200349797001326102e-01
7.610494823079777538e-01
2.200311716649598348e-01
2.200323587499488087e-01
2.200258793047031869e-01
2.200239928340470552e-01
2.200214630475621491e-01
2.200264790216318045e-01
7.610617586450210137e-01
2.200268938864675117e-01
2.200307047982164033e-01
7.610494235992133483e-01
2.200276958933086446e-01
2.200266769610711159e-01
7.610563348782605209e-01
7.610465455750928809e-01
2.200290717099961657e-01
2.200278849405377379e-01
7.610571776725476578e-01
7.610581160021653302e-01
2.200288839351512982e-01
7.610273996584349110e-01
2.200365330176329015e-01
7.610595000761732898e-01
7.610463404557246125e-01
2.200238465679407174e-01
2.200201193131791910e-01
7.610549036564321357e-01
7.610502212006314826e-01
7.610588494275858373e-01
2.200327507817588790e-01
2.200366032383593851e-01
7.610519498466582489e-01
2.200295181334197270e-01
2.200318243665837503e-01
2.200295792251608096e-01
7.610481956892749533e-01
7.610522225895136605e-01
2.200241263025966010e-01
2.200336771112260947e-01
2.200251049198430064e-01
0.000000000000000000e+00
7.610487504078025101e-01
2.200190980487368997e-01
7.610494837128725099e-01
7.610541425089928369e-01
2.200259025775860855e-01
7.610542346729010088e-01
2.200350987521151880e-01
7.610542346729010088e-01
7.610520550635593295e-01
2.200223782109990700e-01
2.200213753586093557e-01
7.610528974145956971e-01
2.200342733043726962e-01
7.610477421485559724e-01
2.200380305986559260e-01
2.200231490646507859e-01
2.200274038519145492e-01
2.200254495270885235e-01
7.610561293089308510e-01
7.610480055836348345e-01
2.200308202263264734e-01
2.200296653333143615e-01
2.200245315739225993e-01
7.610527186156833546e-01
7.610640600650367960e-01
7.610697065249398818e-01
2.200209729216635601e-01
2.200298809087037899e-01
7.610408979362692783e-01
2.200268229677631582e-01
2.200254111574373450e-01
2.200321468506691303e-01
2.200269435009853392e-01
2.200314375074022000e-01
7.610459299559040325e-01
7.610540079956843451e-01
7.610442974278719408e-01
7.610512686271782012e-01
7.610620451679802612e-01
2.200340273981176431e-01
7.610445223917685631e-01
7.610548503634254613e-01
7.610470227568733037e-01
2.200277316630163127e-01
7.610565470535883836e-01
7.610476071448264435e-01
7.610548947134001541e-01
2.200302131569219499e-01
7.610588272511324970e-01
7.610610679402599610e-01
7.610579057293690441e-01
2.200324366524256670e-01
7.610607708375406455e-01
2.200222182992990494e-01
2.200203165212572254e-01
7.610603977294840838e-01
7.610597536012724262e-01
2.200298636767961669e-01
7.610595000761732898e-01
2.200106712082317284e-01
7.610504929674599683e-01
7.610607758512497600e-01
2.200318170120988681e-01
2.200272091126683205e-01
7.610455777652018750e-01
2.200279831097155803e-01
2.200283740949029176e-01
2.200355317077968831e-01
2.200234529742590983e-01
2.200283675968329744e-01
7.610448986440646602e-01
7.610607374479286813e-01
7.610540741839177947e-01
7.610451946537686307e-01
2.200284215764261586e-01
7.610595504248077736e-01
2.200332560811736893e-01
2.200289842247584171e-01
2.200304263934584614e-01
7.610537576023341799e-01
2.200378947490406190e-01
2.200298433144888544e-01
7.610449208635937657e-01
2.200324032234783067e-01
2.200223297917935916e-01
2.200298000358783812e-01
7.610581174937816051e-01
7.610557206828888477e-01
7.610565772469042312e-01
7.610425882781549634e-01
2.200287374751309366e-01
2.200284210362267456e-01
7.610606789680025575e-01
2.200194457158257955e-01
7.610487742586331539e-01
2.200224166327691688e-01
2.200218067605076711e-01
7.610507939746318229e-01
2.200324275971249355e-01
2.200291085693507342e-01
2.200269459634776881e-01
2.200303461762994350e-01
7.610528709963969574e-01
7.610620315363028077e-01
2.200189774360353234e-01
7.610573884728970562e-01
7.610543503092623840e-01
2.200228010119418265e-01
2.200334570262770517e-01
2.200253631858318515e-01
7.610478614796177821e-01
7.610479261804238282e-01
2.200336021234060579e-01
2.200333144006123842e-01
7.610471756796577392e-01
7.610596694619811142e-01
2.200231246852340228e-01
7.610558711149243427e-01
7.610443271041048563e-01
7.610480103674708285e-01
7.610581295909666366e-01
2.200322210337173068e-01
7.610540079956843451e-01
2.200237696594073145e-01
7.610490079918951212e-01
7.610754795610462642e-01
2.200197470935355559e-01
2.200284425266898491e-01
2.200304577401453465e-01
2.200455451436212906e-01
7.610451329125522690e-01
2.200306797595485142e-01
2.200231014222079062e-01
2.200310541452120405e-01
2.200239406900142414e-01
2.200282225943878123e-01
2.200186021726766861e-01
7.610457400690000540e-01
2.200308279860730964e-01
7.610619596508114704e-01
2.200336890191202377e-01
2.200281799836309171e-01
7.610509141061043703e-01
7.610467657320499901e-01
2.200355992759454593e-01
7.610584348188118575e-01
7.610507095961369650e-01
7.610510109630226339e-01
7.610581619512777340e-01
7.610515709429717113e-01
2.200277627615634946e-01
7.610608380258447880e-01
7.610504400952227133e-01
2.200373400830318016e-01
7.610459230604695868e-01
7.610531057158566037e-01
7.610589510726010198e-01
7.610616191689398846e-01
2.200270505975117918e-01
2.200319258793910770e-01
2.200270349776795864e-01
2.200303693139848416e-01
7.610450410042473024e-01
2.200225985724523770e-01
2.200226133971434628e-01
7.610617022525437703e-01
2.200356464491197706e-01
7.610617498360451316e-01
7.610494235992133483e-01
2.200301446978930875e-01
2.200258600866271674e-01
7.610467657320499901e-01
2.200366156642178384e-01
7.610609227425306766e-01
7.610572049555661689e-01
2.200223098920230103e-01
7.610605444085001281e-01
2.200342700123129325e-01
7.610568618069368796e-01
2.200293110666844409e-01
2.200553305079826771e-01
7.610554540413648761e-01
7.610654846258896322e-01
2.200277224116333197e-01
2.200218983473415657e-01
7.610601827704883693e-01
2.200416038544059094e-01
7.610543133086778989e-01
7.610465344261143628e-01
7.610578308970807893e-01
2.200376126362031393e-01
2.200255298117579084e-01
7.610564141690310258e-01
2.200286204135670776e-01
7.610611610182036468e-01
2.200330768220886690e-01
7.610464653993762596e-01
7.610436444202670625e-01
7.610529108371396623e-01
2.200295478195229415e-01
2.200218457658797422e-01
7.610486579066902957e-01
2.200286802899354410e-01
2.200225199989439828e-01
2.200282199231484992e-01
7.610563348782605209e-01
7.610610705117585306e-01
2.200325103374457802e-01
2.200224241953603332e-01
7.610467206844477861e-01
2.200221580380186948e-01
7.610593122060304028e-01
2.200337782951054810e-01
7.610571776725476578e-01
7.610478521498291737e-01
7.610528709963969574e-01
2.200279240479845466e-01
7.610540262872214079e-01
2.200216452635968267e-01
7.610604513623457912e-01
7.610596694619811142e-01
7.610609617869414922e-01
7.610508629869729980e-01
7.610470938554232401e-01
7.610476123990161934e-01
7.610612420399716083e-01
2.200207873815965276e-01
2.200236470333009342e-01
2.200240097624578117e-01
2.200240931878299222e-01
2.200293931170534678e-01
2.200273303461701135e-01
2.200327265367532925e-01
7.610605163976634779e-01
2.200375465000323771e-01
7.610623196519724631e-01
2.200294290072472014e-01
7.610599878522190664e-01
7.610509141061043703e-01
2.200376446703304067e-01
7.610508866488976398e-01
7.610467657320499901e-01
7.610670758222785048e-01
2.200264599590531500e-01
2.200432774283346549e-01
2.200319178617875793e-01
7.610556013305672662e-01
2.200374071511754515e-01
7.610464658256361759e-01
7.610540079956843451e-01
2.200304555507762994e-01
7.610537638183795250e-01
7.610512686271782012e-01
2.200347241000527310e-01
7.610583738023399825e-01
7.610551420490219154e-01
2.200351670483073618e-01
2.200209137713252938e-01
7.610527594292788578e-01
2.200295473604418073e-01
7.610620604641019638e-01
2.200347083512796675e-01
2.200325253351977650e-01
7.610561673179414566e-01
2.200304193103352068e-01
2.200241457760146457e-01
2.200340635185091820e-01
7.610507939746318229e-01
7.610591901109329260e-01
2.200143922346515790e-01
7.610465864975463068e-01
7.610535644342216743e-01
2.200340050740017817e-01
2.200376302700231546e-01
2.200344569542239115e-01
7.610596694619811142e-01
0.000000000000000000e+00
2.200292726371741447e-01
7.610591447620966843e-01
7.610567945602944029e-01
7.610531783324455679e-01
2.200282882240708338e-01
2.200407595607066225e-01
7.610588977160130941e-01
7.610466614566231414e-01
7.610474371675111094e-01
2.200307170957056246e-01
2.200279175289153177e-01
2.200196099216529255e-01
2.200383621381581667e-01
2.200303464549964172e-01
7.610467657320499901e-01
2.200205078506926037e-01
2.200297072486268879e-01
7.610490953418340698e-01
2.200315627227584503e-01
2.200287998921129362e-01
7.610467657320499901e-01
2.200292571821866328e-01
2.200226961001786052e-01
7.610553869216626355e-01
7.610478880157477422e-01
7.610555467997310863e-01
2.200298187582268306e-01
7.610590811953994450e-01
2.200372398413903141e-01
7.610606919784204116e-01
2.200316299014546950e-01
2.200328012334941130e-01
7.610618759336607031e-01
2.200276946562786939e-01
7.610584724148619085e-01
7.610564217294049083e-01
2.200269943481811263e-01
7.610456234411888676e-01
2.200312273692974219e-01
2.200200327086699048e-01
2.200300433997653682e-01
2.200220138718657348e-01
2.200219537916954515e-01
7.610467657320499901e-01
7.610531320971909430e-01
7.610467657320499901e-01
2.200343486402535631e-01
7.610600253954646899e-01
2.200269605821521812e-01
2.200349018621123587e-01
2.200245079459533792e-01
2.200218908419912522e-01
7.610629158897801450e-01
2.200371157199272065e-01
7.610507939746318229e-01
7.610570761366181047e-01
2.200326439333581685e-01
2.200234879212193406e-01
7.610433408039014580e-01
7.610490712973543292e-01
7.610651116144181438e-01
7.610596694619811142e-01
7.610565236925148636e-01
2.200224546468027564e-01
7.610468539763330931e-01
2.200385271116894748e-01
7.610600419082602652e-01
7.610445262242294673e-01
2.200237072448073539e-01
2.200319105960842347e-01
7.610507939746318229e-01
7.610563348782605209e-01
2.200225893583230008e-01
7.610531619541693882e-01
2.200304794991684298e-01
7.610620604641019638e-01
2.200198955394401246e-01
7.610507939746318229e-01
2.200311358709928222e-01
2.200279263400939378e-01
2.200284672240300221e-01
7.610476461364719114e-01
7.610591146155673004e-01
2.200391654477031611e-01
2.200208193842619619e-01
2.200376621513821795e-01
7.610485376643365552e-01
2.200285684811953135e-01
2.200309265393596281e-01
7.610487504078025101e-01
2.200322636248662755e-01
7.610558775547470178e-01
7.610502143323747415e-01
2.200234813112302845e-01
