9.533274990699653895e-01
2.953075882432742646e-02
2.955469398967464772e-02
2.952229353647152846e-02
2.951710881813333562e-02
2.950939073684953617e-02
2.955679198234393082e-02
2.955503571324738163e-02
2.946144816252048784e-02
9.530458353658396442e-01
2.950772862280089462e-02
0.000000000000000000e+00
9.523262453465882738e-01
2.950007810502216360e-02
9.526020888510534634e-01
9.526646886813217030e-01
2.951227439184462079e-02
2.952957188845424172e-02
2.953032037331070406e-02
9.898442244422052116e-01
2.950267839226413530e-02
9.835375216021461364e-01
2.951485116049153840e-02
9.535564063802198786e-01
9.524464941520536243e-01
9.516228613083014265e-01
2.952886116079413148e-02
9.524745140010519862e-01
2.951641107613922621e-02
9.968501855170447401e-01
2.945024759453396604e-02
1.438215903601926205e-03
9.538529022447552741e-01
2.949728276747048614e-02
9.522948736761077670e-01
2.953196746980718199e-02
2.956495365052551685e-02
9.523912759471830913e-01
9.528424916443762882e-01
9.504393162050183141e-01
9.459477856280338326e-01
9.528380463176614468e-01
2.951005043960541752e-02
2.951692632762319829e-02
9.526565632868381206e-01
2.956348056623428824e-02
9.528742174270070642e-01
2.949811476450637029e-02
2.951255519901822832e-02
9.542657251141781760e-01
2.953628835269473188e-02
9.525622975527457958e-01
9.508044335655302381e-01
2.951255018271998001e-02
9.542351708266899601e-01
2.958610163160834208e-02
2.956990819122003178e-02
2.953416023855000988e-02
9.525957721501836506e-01
2.953727463939957373e-02
2.952031756398172321e-02
9.943669128364581722e-01
9.623518025765287476e-01
2.951300641218500276e-02
9.623551813865851567e-01
2.952723653295280526e-02
9.780516268507886135e-01
2.952740654136774834e-02
9.695115985953329796e-01
9.603584972482974713e-01
9.875158289659486943e-01
2.958808583842213041e-02
2.950040528724370489e-02
2.955385985878715427e-02
9.528905879031572823e-01
2.951462481566810223e-02
2.950092931534412793e-02
9.529039700735491003e-01
9.477058717180553149e-01
9.524028655923784115e-01
2.950947920678162473e-02
2.953527298978051926e-02
9.527616799329258201e-01
9.530501035187765035e-01
9.524105343102782228e-01
2.951758852957650850e-02
2.951267650210820728e-02
9.549764340704909316e-01
2.949718293876818151e-02
9.538562700562880359e-01
2.956950741252676457e-02
2.953853304569293431e-02
2.950116566696246029e-02
9.522273453220198025e-01
9.533668814573548200e-01
9.571205384476435540e-01
9.530215416938339068e-01
2.950095114955157000e-02
2.971879102079377083e-02
9.521372324962849021e-01
2.952812918782501614e-02
5.960576984398903953e-03
2.955852409402040526e-02
2.955533073361603022e-02
9.535015636814008211e-01
9.819539200356161013e-01
2.957509857564491820e-02
2.946459456552281628e-02
9.519606269061586801e-01
2.953020499678473201e-02
9.623016481817261436e-01
9.529770436243154563e-01
9.521237942893642225e-01
2.951138572415472686e-02
2.961133866137362000e-02
2.951492285861510856e-02
9.519819526154119638e-01
9.542638300989733091e-01
2.953036472590699069e-02
9.521105289841658159e-01
9.528338395617087508e-01
2.955865417614627483e-02
2.950224427741980626e-02
2.977905751035564777e-02
9.526484487448695360e-01
9.522546401188115572e-01
2.952986347907024176e-02
9.661720577968041512e-01
2.953602621311074428e-02
2.534902155144917388e-02
9.504982030554230965e-01
9.626236936507720499e-01
2.952135257811329752e-02
9.526713706947230742e-01
2.953420044651202531e-02
2.954907302572010522e-02
2.956714684309596705e-02
9.534541458996168561e-01
2.953387937923269632e-02
2.951839416424430901e-02
9.522200659164253844e-01
2.952579306971779560e-02
9.532698260192258299e-01
9.526367477956956265e-01
2.958805708259589981e-02
1.892574209180386546e-02
2.953833797573798825e-02
9.364597940782897201e-01
2.953083530258817160e-02
9.523206106424095818e-01
9.501195792092934633e-01
9.547843902984085585e-01
9.548342287242947979e-01
2.954735440331365814e-02
2.952897833422179347e-02
2.953100725290282169e-02
9.521117926328699355e-01
2.957676632022588833e-02
9.522127635705904813e-01
2.950852580425398705e-02
2.949817354069320802e-02
2.956479098151323232e-02
9.913979850295110419e-01
2.953035580452288353e-02
9.555761620088222275e-01
2.952947202950363323e-02
2.949339116418898260e-02
9.526673191553335363e-01
2.962902539450012335e-02
2.945185107717886164e-02
2.951841745190589977e-02
2.951447842263562812e-02
9.530785005844694124e-01
2.954286256226287474e-02
9.527424617983820676e-01
5.529432347019173737e-03
5.489007849069562628e-01
2.956021924546153867e-02
9.521603875401513095e-01
2.952569190589147963e-02
9.545314967040438026e-01
2.955357715276363956e-02
2.952558221670708791e-02
2.947623636801906949e-02
9.513509586050357125e-01
2.954190498464870016e-02
2.953397975238875386e-02
2.959341554515174111e-02
2.953593361298336578e-02
9.620579061521047359e-01
9.533080177879991179e-01
9.522632934573049823e-01
2.952772696501312910e-02
2.959003662936329077e-02
2.949372626655934887e-02
2.953109569854848321e-02
2.951166880618830840e-02
2.999332302142707768e-02
2.949712614430993057e-02
9.522243041888936999e-01
2.952176418060968935e-02
2.953599131896616353e-02
2.949505430894820007e-02
2.952630553953902726e-02
2.953164550022468332e-02
2.951564633823607411e-02
2.953107968396132682e-02
2.946428675117172477e-02
2.951016436368820647e-02
2.956950050397774699e-02
2.951264090916652302e-02
2.956224592529175729e-02
9.539421539812743545e-01
2.951381146893226892e-02
2.959234294274555935e-02
2.951494431704003787e-02
3.081069449466972837e-02
9.897489876455485280e-01
2.952900666845605093e-02
2.957912162268693315e-02
2.953104239687960250e-02
2.951321469461941002e-02
2.955958190829304291e-02
9.528059174649805563e-01
2.952859324193786439e-02
2.977675163525101212e-02
2.952630523153674386e-02
2.959678094035654572e-02
2.953288643138501229e-02
2.612585902945733715e-02
9.530108936517267537e-01
9.524376554891298419e-01
2.958880073186021323e-02
9.521641772215084787e-01
9.548447738568262011e-01
2.951646848557181943e-02
2.953021175116172375e-02
2.943787335156358015e-02
2.953717346511817998e-02
5.870940367626335810e-02
2.956224378204403910e-02
2.950039295374401807e-02
2.970112714236350718e-02
2.949596776028504813e-02
2.949768532854780967e-02
2.951065101777348293e-02
9.525851076071260026e-01
2.953327217908265426e-02
9.555211864217493245e-01
2.978808593121202650e-02
2.951183797985014456e-02
2.951427873678914501e-02
2.952908160674912880e-02
9.526380273862172787e-01
2.951137876487621228e-02
9.526540522877339212e-01
2.953103851288549006e-02
2.949567848226125957e-02
2.946263952958450005e-02
2.952142834666975774e-02
2.959082977992324656e-02
2.956960163275005118e-02
9.535792767196357156e-01
2.954710132465655434e-02
2.951236589838142008e-02
9.529556452764285090e-01
2.951223739461244361e-02
2.992263594232904070e-02
2.953173788367496194e-02
2.952944697007939615e-02
9.522270689630299989e-01
2.949789714005706179e-02
9.584872555282312190e-01
2.953174713134999740e-02
2.951294433631391351e-02
2.959077228268550130e-02
2.953877051232962556e-02
2.951119176372631048e-02
2.958267785349618165e-02
2.953529032134682639e-02
2.949722864602062275e-02
2.953249943390313589e-02
9.524012380980592107e-01
2.951829517198173089e-02
2.951256012013054111e-02
9.524231415047116345e-01
9.534931542158920914e-01
2.950675554627789354e-02
2.958348266352557945e-02
4.077219628624114550e-02
2.953414879564526113e-02
9.527286010746105482e-01
2.950142864140500171e-02
9.524165031271311088e-01
9.561819917885815423e-01
9.520092446574741629e-01
2.953857958899914690e-02
2.956815830367626532e-02
2.952844165268811438e-02
0.000000000000000000e+00
9.528644989216374928e-01
9.490266887722641487e-01
0.000000000000000000e+00
2.954941531123765619e-02
2.949582190911231860e-02
2.951254093727142397e-02
3.162877782462217291e-02
2.954288497078818437e-02
2.952084159837316951e-02
2.953689486281070239e-02
9.487209085372867445e-01
9.524366282172022080e-01
2.953070009105663446e-02
9.526646664506737139e-01
9.496323952304913663e-01
2.953404521444883898e-02
9.539399599766072990e-01
2.953673561123220867e-02
2.951030814845980593e-02
9.525155569669545574e-01
9.528578459069190210e-01
2.945653078284296914e-02
2.952618590964921352e-02
3.026722566443267037e-02
2.951335797776793654e-02
2.956890568181128054e-02
2.953112145952259751e-02
9.487632727087047524e-01
9.693328091920927481e-01
9.526120317662266634e-01
2.949470363809382836e-02
0.000000000000000000e+00
2.976601564498072491e-02
2.952809007175717301e-02
2.952391516114323197e-02
2.953474498485766930e-02
2.952272254068000895e-02
9.529231439547892757e-01
2.951304196105130132e-02
2.949412537252689079e-02
2.944602548102526890e-02
2.953646143263385926e-02
2.952382751720878870e-02
2.952372571666686193e-02
6.429495560589182845e-04
2.953340226084000264e-02
2.951201067900471528e-02
9.916192430686020520e-01
9.520004597582335526e-01
2.952161565397632553e-02
9.523056112259843387e-01
2.959267529476975953e-02
2.951145135973864617e-02
2.952986199566878453e-02
9.531757025378690962e-01
2.952889400301595899e-02
2.949664324503391624e-02
2.953560118522588485e-02
2.951589856799446271e-02
9.553632815491034380e-01
9.749232554465265821e-01
2.951844658097717636e-02
2.951769761525561281e-02
9.494328809420838899e-01
9.524127778993118909e-01
9.525164320405332674e-01
2.953849288610718368e-02
9.962985576944852761e-01
9.580601149155766327e-01
2.950980048138565279e-02
2.952940800164717897e-02
2.952989766326064372e-02
9.525360366839487058e-01
2.951750497400013051e-02
9.533076456316231795e-01
2.959021478464933172e-02
2.951419591501122305e-02
2.953089666216929601e-02
2.934100458195550848e-02
9.517263218640742428e-01
2.951328636178837325e-02
9.524912845033282061e-01
9.520491131547847985e-01
7.990719671291754977e-01
2.949931688850078795e-02
9.492571612401116132e-01
9.544911621227318843e-01
9.388625070527418792e-01
9.525339884093335652e-01
2.951209983495031025e-02
2.953093797822458830e-02
2.951164998336512288e-02
9.579448355672259829e-01
9.524492349795314894e-01
9.528305502065373966e-01
9.528141479477191256e-01
2.959437223817538987e-02
2.940632135290911081e-02
2.951298743775413250e-02
9.836347145519088730e-01
2.951798652628858863e-02
9.523267960754789874e-01
9.532422574283406780e-01
9.094739523442914031e-01
9.519731747625532758e-01
1.698974918140366049e-03
9.523347398669552710e-01
9.526657709765903315e-01
2.952071622732551151e-02
9.547193520905157271e-01
9.534786883673047608e-01
2.953451058343930027e-02
2.953008850498775942e-02
2.949731091608157052e-02
9.555800716709756948e-01
9.522975170623703134e-01
2.954148593190543404e-02
9.528054036291730977e-01
2.951158448788744615e-02
9.543366822679553163e-01
2.951765333556214191e-02
2.950053533732040906e-02
2.952411147745315906e-02
9.528201107025735528e-01
9.930775086470742252e-01
9.525415680592601575e-01
3.002891785961391349e-02
2.952754710904674507e-02
2.955001655114434383e-02
2.952583816031562405e-02
9.518806075101341468e-01
2.960068051147887735e-02
2.953146995535918529e-02
2.958916204402101471e-02
2.951269954967275858e-02
