1.919476256140533604e-02
9.861889301682049691e-01
9.861958870499920593e-01
9.862032636765013516e-01
9.861965159355057242e-01
9.861950874029248304e-01
9.861994244917312580e-01
9.861865021024821543e-01
9.861957734500104156e-01
1.918406186876493030e-02
9.861971979535381072e-01
0.000000000000000000e+00
1.919961941422659163e-02
9.861935639609352711e-01
1.918553272375502980e-02
1.918325957166138601e-02
9.861908622491875054e-01
9.861985934078058014e-01
9.861843704147639222e-01
9.862001545391861912e-01
9.861866179099162411e-01
9.861863459226751782e-01
9.861868448468058546e-01
1.919927661311804368e-02
1.918374689106164613e-02
1.918032788197112856e-02
9.861978022678191680e-01
1.917872167878990203e-02
9.861811371476817412e-01
9.861810406631336123e-01
9.861870444005833569e-01
1.916619523262399691e-02
1.920097900441855576e-02
9.861928077471157073e-01
1.919966279708990031e-02
9.861971253107116864e-01
9.861990186154923066e-01
1.919040321896054238e-02
1.917876019086057690e-02
1.918607983762216432e-02
1.918638146461646224e-02
1.918972739264450389e-02
9.861942653431485795e-01
9.862005599735704786e-01
1.918691076597078132e-02
9.861921743536837814e-01
1.918400672472467955e-02
9.861907863528275309e-01
9.861918277063818072e-01
1.918121102931475211e-02
9.861951805328781351e-01
1.921090637833235831e-02
1.918064649399405658e-02
9.861952838561585111e-01
0.000000000000000000e+00
9.861943341165118060e-01
9.861862493942620267e-01
9.861939488002877674e-01
1.919187905559256724e-02
9.861839774236146328e-01
9.861913669348867373e-01
9.861987803457687995e-01
1.919678154801073011e-02
9.861880264786651029e-01
1.917535207278258172e-02
9.861841690453185816e-01
1.917329950810570463e-02
9.861983669399726482e-01
1.918554383514541745e-02
1.914749061032391259e-02
0.000000000000000000e+00
9.861923899353557399e-01
9.862025897487831649e-01
9.861830302006778792e-01
1.918838505471171657e-02
9.861911672684620100e-01
9.861937481927419702e-01
1.917796313377821693e-02
1.918908987586995588e-02
1.919245186735122830e-02
9.861915580264877246e-01
9.861933164493074111e-01
1.918441996302145541e-02
1.918773773711831068e-02
1.919109892003551324e-02
9.861958359831574095e-01
9.861906251177170457e-01
0.000000000000000000e+00
9.861918836192111737e-01
1.919093528132576054e-02
9.861983489688928017e-01
9.861972724151472081e-01
9.861924714469203490e-01
1.918243116707267493e-02
1.917783910640886991e-02
0.000000000000000000e+00
1.919545074580908048e-02
9.861869809459098413e-01
9.861925558684582205e-01
1.918699546878967210e-02
9.861945150511223224e-01
9.862053635926987250e-01
9.861982214646050071e-01
9.861947514294148176e-01
1.918365611636587906e-02
1.918063882581877780e-02
9.861814239355468636e-01
9.862009562067586277e-01
1.918524506371947422e-02
9.861963500975591268e-01
1.918591556589626865e-02
1.918845411430742179e-02
1.918249330764788818e-02
9.861985776908053225e-01
9.861917224572527285e-01
9.861894689471041309e-01
1.917985971688154767e-02
1.919465401236290780e-02
9.861881839322371723e-01
1.919450199095738482e-02
1.918752753846472356e-02
9.861937811760483896e-01
9.861893848211515934e-01
9.861846443722007693e-01
1.918921462070545189e-02
1.918439961853707701e-02
9.861857354790658503e-01
1.917421227700743386e-02
9.861934408013335318e-01
9.861836389578521045e-01
0.000000000000000000e+00
1.917376262299406997e-02
9.861848172559186665e-01
1.919577777061208870e-02
9.861941617666362125e-01
9.861970446105183807e-01
9.861840602307914150e-01
1.918554940234143413e-02
9.861965097660997381e-01
9.861946540586001841e-01
1.919689076153740029e-02
9.861868991582194433e-01
1.918618781666745973e-02
1.917970653456967101e-02
9.861921805869516833e-01
9.861918889690950429e-01
0.000000000000000000e+00
1.920023371546232885e-02
9.861961910492036409e-01
1.918236307211640054e-02
1.918378653499235378e-02
1.919482328081636990e-02
1.918210534341873233e-02
9.861935343476269100e-01
9.861921592162781192e-01
9.861845712824163224e-01
1.918366822017054940e-02
9.861918383842159797e-01
0.000000000000000000e+00
9.861933625364527334e-01
9.861922217322687256e-01
9.861917479184507673e-01
9.862087318469731079e-01
9.861866325802671751e-01
1.921219365978734175e-02
9.861814685745455833e-01
9.861985838048280550e-01
1.919205811055468835e-02
9.861957528839825349e-01
9.861910991582338859e-01
9.861875530569315096e-01
9.861853442426506966e-01
1.920016278171872426e-02
9.861910292959380486e-01
1.918902979729225286e-02
9.862002013106585530e-01
0.000000000000000000e+00
9.861923549995607052e-01
1.919823418915733715e-02
9.861874075754160085e-01
1.919296419302431861e-02
9.861912542958816141e-01
9.861932869380681810e-01
9.861916337757525852e-01
1.918384504511633573e-02
9.861859049846682934e-01
9.861984589865506745e-01
9.861968833429762826e-01
9.861967844735243238e-01
9.861863442859453155e-01
1.917680178096209387e-02
1.918450713468114466e-02
9.861913205107717406e-01
9.861936932340464868e-01
9.861885486062506034e-01
9.861932559477347704e-01
9.861933138666216792e-01
9.861871524943831568e-01
9.861963428876435733e-01
1.919336195715876797e-02
9.861883395389913209e-01
9.862007192370013664e-01
9.861918886887313107e-01
9.861862180318816673e-01
9.861969555803091758e-01
9.861957822778961713e-01
9.861821443251650443e-01
9.861926458706730125e-01
9.861835583728910670e-01
9.861847376980297231e-01
9.861891605982918696e-01
9.861854112276755568e-01
1.917198482076571189e-02
9.861893707888215177e-01
9.861996701635625806e-01
9.861848993249043849e-01
5.692005230140539246e-02
1.851238051338986376e-02
9.861936899284997615e-01
9.861984510551178307e-01
9.861929745579223194e-01
9.861850598502330811e-01
9.861864370248897282e-01
1.918967521389542200e-02
9.861941080091440881e-01
9.861847102958603006e-01
9.861852827049510939e-01
9.861856855179681469e-01
9.861982291661620659e-01
9.861858742839750835e-01
1.918324266593302019e-02
1.918409432690922414e-02
9.861865825942485175e-01
1.917966338708496782e-02
1.919256963190547199e-02
9.861917517009655132e-01
9.861993419722718812e-01
0.000000000000000000e+00
9.861907634178238569e-01
1.670247454988393609e-01
9.861920224561069315e-01
9.862025115936700059e-01
9.861858927866331559e-01
9.861982533804760642e-01
9.861958210180894469e-01
9.861914218494138851e-01
1.919379881564767243e-02
9.861930366541097337e-01
1.918659613573830275e-02
9.861846788397009567e-01
9.861939781782996794e-01
9.861874883085742782e-01
9.861861270337288765e-01
1.918194105145675649e-02
9.861832130575423072e-01
1.918810121257473120e-02
9.861973079619418270e-01
9.861998932821922637e-01
9.861892430732792647e-01
9.861881542954812341e-01
9.861950654353874857e-01
9.862004859094806175e-01
1.918377302933352638e-02
9.861899180272585275e-01
9.861862427137879639e-01
1.919943619057838669e-02
9.861964624530236145e-01
9.861955818585599332e-01
9.861850630722360789e-01
9.861834594398605214e-01
1.918170145798539852e-02
9.862014201735376240e-01
1.919434193928411247e-02
9.861943326189041015e-01
9.861936283997975172e-01
9.861860940564570743e-01
9.861893844257078046e-01
9.861954574151596820e-01
9.861871510068141999e-01
9.861832123017291174e-01
9.861836743322771603e-01
9.861958151853419396e-01
1.919491210747427054e-02
9.861918083428814485e-01
9.861910087239013079e-01
1.919375024617592587e-02
1.918679464507571861e-02
9.861918970343174218e-01
9.861996892931770287e-01
9.469681996833642645e-02
9.861841455260654810e-01
1.918730552742804740e-02
9.861826909433714095e-01
1.919127113755197608e-02
1.919013292705970888e-02
1.918100768699940173e-02
9.861846058162099249e-01
9.861860465623835115e-01
9.861929508200634187e-01
0.000000000000000000e+00
1.918901768757434040e-02
1.920230036600231033e-02
0.000000000000000000e+00
9.861937840496245444e-01
9.861860907244766050e-01
9.861880990054918694e-01
1.192402295043035465e-01
9.861929089534329229e-01
9.861904380510588819e-01
9.861940520356471396e-01
1.919416146537279363e-02
1.918171014372777386e-02
9.861869278680170936e-01
1.918448698247569167e-02
1.918866140353128052e-02
9.861988129434946515e-01
1.919944353302605392e-02
9.861960147437793811e-01
9.861815131595000894e-01
1.918384483638078952e-02
1.917884549040406450e-02
9.861809622787327534e-01
9.861931198354146888e-01
9.861845809904256077e-01
9.861962405136631693e-01
9.861869955694402279e-01
9.861975277009993324e-01
1.918549802801073484e-02
9.861666450659648531e-01
1.918389952549760802e-02
9.861922304887990043e-01
0.000000000000000000e+00
9.861856659585932494e-01
9.861920691744616718e-01
9.861884766510834455e-01
9.861933995487337512e-01
9.861846854925470085e-01
1.920067310445906783e-02
9.861939400641418496e-01
9.861942430115142599e-01
9.861822836154153782e-01
9.861963758799479063e-01
9.861841171830080244e-01
9.861860653478980998e-01
9.861862220782005028e-01
9.861840278737686871e-01
9.861985713449170632e-01
9.861722543628888005e-01
1.919469337538417045e-02
9.861951358681421143e-01
1.918934998055036451e-02
9.861832675292883099e-01
9.861870664432362821e-01
9.861841572100895625e-01
1.919340522837582538e-02
9.861964579599162839e-01
9.861981281344747163e-01
9.861921026220440423e-01
9.861926415702791937e-01
1.919735266801187584e-02
9.862216720465228903e-01
9.861854578677040628e-01
9.861831719890941095e-01
1.919387406212056876e-02
1.918738108956464378e-02
1.919580994772876123e-02
9.861892118978655697e-01
9.861693293100408653e-01
1.920038207676582828e-02
9.861900390495451640e-01
9.861848491713273157e-01
9.861956980668603601e-01
1.919623939944248986e-02
9.861963478026820606e-01
1.917506660796404125e-02
9.861942514393188253e-01
9.861937280108590276e-01
9.861926791981111551e-01
9.861833920334316383e-01
1.917684396947525252e-02
9.861949241170480107e-01
1.918866596049897261e-02
1.918000311093906105e-02
0.000000000000000000e+00
9.861879642216416775e-01
0.000000000000000000e+00
0.000000000000000000e+00
1.917932757810657599e-02
1.918381750701418989e-02
9.861979033487338064e-01
9.861982420485545520e-01
9.861908721807995937e-01
1.920536041919517281e-02
1.918337268517473701e-02
1.920091112226098365e-02
1.918567930058756241e-02
9.861967792291710388e-01
9.861849038345825713e-01
9.861989999023773601e-01
9.862147645214957015e-01
9.862041617470205246e-01
1.917836388480802928e-02
1.918646160737156811e-02
1.919125758064327628e-02
1.919109432105293653e-02
9.862047810769382084e-01
1.919402239524150428e-02
1.918907517782323172e-02
9.861866535593261096e-01
1.918957873609571790e-02
1.918319711245647027e-02
9.861909249199264371e-01
9.861855536652013310e-01
9.861921216415635572e-01
1.917035287839126065e-02
1.918579680429157580e-02
9.861924353722647529e-01
1.919278628286313904e-02
9.861874604369241792e-01
1.917713810836798802e-02
9.861831565169421054e-01
9.861919655527068285e-01
0.000000000000000000e+00
1.917854000063407005e-02
9.861950634389808901e-01
1.918969680679912665e-02
9.861881897324312751e-01
9.861848566286447459e-01
9.861845573376614160e-01
9.861931772583421019e-01
1.918245665554084781e-02
9.861934047666076619e-01
9.861934350589376397e-01
9.861921738040383412e-01
9.861855313821444868e-01
