2.628584756724050564e-02
9.711557968601285395e-01
9.711590525298753329e-01
2.628170387428993907e-02
9.711501586437770728e-01
9.711635551901397490e-01
2.627929360683219084e-02
2.627954541037674438e-02
2.627430160654600430e-02
9.711577762714684869e-01
2.627945903562686064e-02
9.711550234034779239e-01
2.627934438890781876e-02
9.711624100160148876e-01
9.711575143634018081e-01
9.711493502912411646e-01
9.711473092931963702e-01
9.711554359534064762e-01
9.711497647324183191e-01
2.628233312764472959e-02
2.627443344010306492e-02
2.628055920188844888e-02
9.711584828136746728e-01
2.628208028412185038e-02
2.627321390534505599e-02
2.627952837875100270e-02
2.628656968717826836e-02
9.711558111341437316e-01
2.627431674717070620e-02
2.627451223990909246e-02
9.711645325099537152e-01
9.711476134177420283e-01
9.711651386112605255e-01
2.628629488184544213e-02
9.711755458314533795e-01
2.628225339208109870e-02
9.711559887417345882e-01
2.627432217596092565e-02
2.627348439867507532e-02
9.711573547541670903e-01
2.628346739960323031e-02
9.711611017480052954e-01
2.628232940202765433e-02
2.628603486705027512e-02
9.711575330105494119e-01
2.628132948534449634e-02
2.629559599036242548e-02
9.711546235046804032e-01
9.711608588735076708e-01
9.711467834482735428e-01
2.628522005799007605e-02
9.711507465511686199e-01
2.628540120030406144e-02
9.711601388332429252e-01
2.628300223431493873e-02
9.711466868156525267e-01
9.711544781084550104e-01
9.711553708427728138e-01
2.627896239270531911e-02
2.627455759084378409e-02
2.627391042227920220e-02
2.628066927678759240e-02
9.711555854936745336e-01
2.627599508969468908e-02
9.711465902043535658e-01
2.628412428149460786e-02
9.711532803373797984e-01
2.628218889204698289e-02
2.628900342883786281e-02
9.711581560155543302e-01
9.711559322160642216e-01
9.711601455162839347e-01
9.711612298217433548e-01
2.628780384573938325e-02
9.711548811054464547e-01
2.627974644474289148e-02
9.711499885356239536e-01
9.711509488402241264e-01
9.711527425019038651e-01
2.627390577385436618e-02
2.628082369299311605e-02
9.711604305136238846e-01
2.628553861135091846e-02
9.711582033828078941e-01
9.711516454225503914e-01
2.628161624337003663e-02
2.628672156551032160e-02
2.628476194342614300e-02
9.711574151838219260e-01
2.627727183224049662e-02
9.711563598612668047e-01
2.627279230994539194e-02
2.627705420651052504e-02
9.711504150004197644e-01
9.711515221029971556e-01
2.628653669031737888e-02
9.711537663269084186e-01
9.711569494575312822e-01
2.627786975834482328e-02
2.628861727655932776e-02
2.628074758272294989e-02
2.627847063708580941e-02
2.627952162704120034e-02
2.627628199443613269e-02
9.711588399669390803e-01
2.627782666026454508e-02
2.628527471055116388e-02
2.627740781638244344e-02
2.628059691623038652e-02
2.628661698218017276e-02
9.711493401657886881e-01
2.628041072801074254e-02
2.628164682087763201e-02
2.628821231648311579e-02
2.627314975060108734e-02
2.628460897929431328e-02
2.627501332600223199e-02
2.628570209193711871e-02
2.627453197284694911e-02
9.711607056898762247e-01
9.711495594295260769e-01
9.711528406077404307e-01
9.711564237805937472e-01
2.628865755242732263e-02
2.628808875409241463e-02
9.711486417166097507e-01
2.628552479877343390e-02
2.628323310541827787e-02
2.628898097300048919e-02
0.000000000000000000e+00
2.628346053276349112e-02
2.627506639221531895e-02
2.627720759834407949e-02
9.711509499355378550e-01
2.627211688140913132e-02
9.711555682552135416e-01
9.711613459422607786e-01
9.711579868503409374e-01
9.711583797193215073e-01
2.628542276031588590e-02
2.627647565481415134e-02
9.711622230573159209e-01
2.628544491150409251e-02
9.711912829562977523e-01
2.626636342013189546e-02
9.711596672268247854e-01
9.711512211364136116e-01
2.627378587999934512e-02
9.711605140962872307e-01
2.627196645476536849e-02
9.711599413954644655e-01
9.711500339694699724e-01
9.711547949602636898e-01
2.628528482022208373e-02
9.711516445663012087e-01
9.711603426415607032e-01
2.627708557524580102e-02
2.627474939877585264e-02
9.606506505316176892e-01
2.627888386068725005e-02
9.711518633741111906e-01
9.711499173947452102e-01
2.627759224935848417e-02
9.711545983860392361e-01
9.711502726280972775e-01
9.711490180281938667e-01
2.628827172930466374e-02
2.628260133954488792e-02
2.628480213173716579e-02
2.627124717130315673e-02
9.711692258596700267e-01
9.711603972321199985e-01
2.628303013617909120e-02
2.627267616515161983e-02
9.711512130419697186e-01
2.628333710262517608e-02
9.711610506264637399e-01
2.628687543770909588e-02
2.628786491163892167e-02
2.628780923560682797e-02
9.711464974257928429e-01
2.628810139279651875e-02
2.627251415750528341e-02
9.711597950167450977e-01
2.627846404743338499e-02
9.711572610092323865e-01
2.627494395637665348e-02
2.627876397438203351e-02
9.711520160895452669e-01
2.627979736160915292e-02
9.711582082301495333e-01
2.627823060664833191e-02
9.711609884939917947e-01
2.627721329392155095e-02
9.711471357037801955e-01
2.628338396399677521e-02
2.628796683631601933e-02
2.627782024681408340e-02
2.628762494545464762e-02
9.711599794924862250e-01
9.711525786564584317e-01
2.628161134354369682e-02
9.711497859350103345e-01
9.711510006353427649e-01
9.711505934706848864e-01
9.711501266919670972e-01
9.711482897433396655e-01
9.711603084582485224e-01
9.711544383208181586e-01
2.628534220299334062e-02
2.628032243521774211e-02
2.628208643098844943e-02
9.711629257822317340e-01
2.628030641805424727e-02
9.711496479559759143e-01
9.711519250870989106e-01
9.711533186859797606e-01
9.711500703604188933e-01
2.627281385545490039e-02
2.628115489494450494e-02
9.711736906945120928e-01
9.711524800488510190e-01
2.628001249805443640e-02
9.711604656660817181e-01
2.628736315380777316e-02
9.711497632098521349e-01
9.711554538601036013e-01
2.628407531890910795e-02
9.711490341109999536e-01
2.627381823594534399e-02
2.628334437358921874e-02
2.628838155308346053e-02
2.627265797951704521e-02
2.628229334051714050e-02
9.711501082209861302e-01
9.711605736251189835e-01
9.711584973684774802e-01
2.627636515761544792e-02
9.711563751452443327e-01
2.627267959219253823e-02
2.628877444459488955e-02
2.627331312785836231e-02
9.711502364062655213e-01
9.711594948925060811e-01
9.711488891352910713e-01
9.711617941020338485e-01
2.628759467175810147e-02
9.711565940646447181e-01
2.628240206013632979e-02
2.627665559588058392e-02
0.000000000000000000e+00
2.628949390959206198e-02
2.628909159351348890e-02
9.711537515829478107e-01
2.628483679297270031e-02
9.711609010829967970e-01
2.628211907013394341e-02
9.711598981045065360e-01
2.627762779652619007e-02
2.628533472469105764e-02
2.627634360557053878e-02
2.628078083480405586e-02
9.711551526684510938e-01
9.711589096886285022e-01
9.711504856313222245e-01
2.627669559853740636e-02
9.711501674830242958e-01
9.711626413164414773e-01
9.711482136165817680e-01
2.628431817865221204e-02
9.711539226131500335e-01
9.711503004467366695e-01
2.628150362204975318e-02
9.711528788877370477e-01
9.711501595084982563e-01
9.711541511824628437e-01
2.627587664179930477e-02
2.628722029039404912e-02
9.711662800253803018e-01
2.627379200848432503e-02
9.711602895383653067e-01
2.628497684878551913e-02
9.711599982083198856e-01
9.711479157495013226e-01
2.627229992469049674e-02
9.711570548287560278e-01
9.711552456991160431e-01
9.711575923601623028e-01
9.711642493953251964e-01
9.711583211309269270e-01
9.711493062733644877e-01
2.628197707625590934e-02
9.711517937669786882e-01
2.627402005775495222e-02
2.627439509683949723e-02
2.627987574212902952e-02
0.000000000000000000e+00
9.711477816917672978e-01
9.711819377790531505e-01
2.627934044014322221e-02
2.628493438849224123e-02
2.627950321138870435e-02
2.628784295070980478e-02
2.628098082848333295e-02
2.628232421715339870e-02
2.628562172092271249e-02
2.628963923246498136e-02
9.711521648337360091e-01
2.627786332817275833e-02
2.627163104986176764e-02
2.628109456610575392e-02
2.628836824831146807e-02
9.711541368130220953e-01
2.628572430333571755e-02
2.627790035882169445e-02
2.628854252445426976e-02
2.627524683884123469e-02
2.628007339486044050e-02
2.628166221144800224e-02
2.627503663573052539e-02
2.627717489642431362e-02
2.628458471160953491e-02
2.628213599581066470e-02
9.711453364569699875e-01
2.627692837624492558e-02
2.628013958017539481e-02
9.711499981593973985e-01
9.711640658375558788e-01
2.627394112631985940e-02
9.711628696762985014e-01
2.627253931444015894e-02
9.711481431043172963e-01
2.627730091366141732e-02
9.711506581757565204e-01
9.711554725027015111e-01
2.627323524746998790e-02
9.711544760852200975e-01
2.628285802968641921e-02
2.627647020943115613e-02
9.711612139269474309e-01
2.628390017509099619e-02
2.627970945456791288e-02
9.711466741632323041e-01
9.711513627331699317e-01
9.711578092559853825e-01
9.711582785856649469e-01
9.711576554660698024e-01
9.711495546621456976e-01
2.627179199236618148e-02
9.711513305640749882e-01
9.711599718390460101e-01
9.711455463869299587e-01
9.711556459701619071e-01
9.711642338434687272e-01
9.711626617743304157e-01
2.628535088803196640e-02
9.711567900048467816e-01
2.628723633212967301e-02
9.711551591640693593e-01
2.628557065974495080e-02
2.627607979537504093e-02
2.627446768212546302e-02
9.711667735906119869e-01
2.628215436077876305e-02
9.711580776655377445e-01
2.628531263099706528e-02
2.627314950524330811e-02
2.628924173031051137e-02
9.711580694586956497e-01
2.627573146371863302e-02
2.627711048332955282e-02
9.711560175924863758e-01
2.627950142978742118e-02
2.628715827823795148e-02
2.627816507596961171e-02
9.711573078634873069e-01
2.627936170223299159e-02
2.628598505397917659e-02
2.628420218890205329e-02
9.711470530273407231e-01
9.711484633744934536e-01
9.711438143255912703e-01
9.711533996688369585e-01
2.628809455144795124e-02
9.711510630237545350e-01
9.711588364352055081e-01
2.628356111793993949e-02
2.628658777809591771e-02
9.711593635628898991e-01
9.711604128794004698e-01
2.627563844135093890e-02
2.628568834603115315e-02
9.711513379223243314e-01
2.628217492637725458e-02
2.628434128664863118e-02
9.711602674081321052e-01
2.628719825678566685e-02
2.628450673869956941e-02
2.627418479979072227e-02
9.711528344562085913e-01
2.627278637984934578e-02
9.711604007951705197e-01
2.627531784948274052e-02
9.711477278408249258e-01
9.711577159546599392e-01
9.711497294578578243e-01
2.628399412120786122e-02
9.711605707774865204e-01
2.628358808108319580e-02
9.711524544900942413e-01
9.711590600797147532e-01
2.628701572791210944e-02
9.711584743242943629e-01
2.628692408039660228e-02
9.711538644025222711e-01
2.628313795372336573e-02
2.627932057308234731e-02
2.627703059716170880e-02
2.627317783207255147e-02
9.711500704129283346e-01
2.628148081359522534e-02
9.711562981519522575e-01
2.627476824449871337e-02
9.711499828588958660e-01
2.628709609842154460e-02
9.711573613032431496e-01
2.627744022507248409e-02
9.711623601095694669e-01
2.628790309371279929e-02
2.627968105580133842e-02
9.711620882372533625e-01
9.711536385548814598e-01
2.628570612081160274e-02
2.628044424378847554e-02
9.711550130280187654e-01
9.711587395756274832e-01
9.711562481661317747e-01
9.711519377555024590e-01
9.711476836194081752e-01
2.628945957707828213e-02
