1.098931165286365710e-02
1.109514157092190458e-02
1.110696943405103769e-02
1.098878519039930488e-02
1.111146859288052874e-02
1.110243147948908674e-02
1.098497905468757280e-02
8.412107094326324308e-01
8.412021184105394900e-01
1.110107528177072672e-02
0.000000000000000000e+00
0.000000000000000000e+00
1.098801286533412913e-02
1.109315464723610242e-02
1.109453914335461686e-02
1.110772796877092239e-02
1.110067472026994920e-02
1.109402023684439610e-02
1.111119394251380670e-02
1.098578090455889535e-02
1.098932826426200250e-02
1.098464006554345646e-02
1.110072808190651003e-02
1.098621075616802722e-02
0.000000000000000000e+00
1.099196984631217039e-02
1.097899151610080490e-02
1.110337647641943155e-02
1.099288072412744899e-02
1.099295959507213746e-02
1.109453006446822591e-02
1.110248433585092273e-02
1.110158670643807306e-02
1.098235768245893126e-02
1.098555663257312458e-02
1.098937323300404334e-02
1.109910774855998178e-02
1.097807933315470344e-02
0.000000000000000000e+00
1.110420124846073740e-02
8.412032891583943739e-01
1.110385624609305268e-02
1.097817443699950976e-02
1.098435997368729829e-02
1.110453360363205036e-02
1.098717606334735815e-02
0.000000000000000000e+00
0.000000000000000000e+00
1.109114594961974412e-02
0.000000000000000000e+00
1.098805340767040374e-02
1.109678682145637078e-02
8.412125982440572525e-01
1.110465812445802364e-02
1.098543777734836344e-02
1.110687451644273502e-02
1.109502203999556368e-02
1.111154596056918194e-02
1.098360834587216658e-02
1.098453367704469580e-02
1.098400586066621866e-02
1.097688250789780919e-02
1.110831578779466165e-02
1.098894565350897953e-02
1.110462869648949288e-02
8.412067857051779285e-01
1.110924544008136741e-02
1.099372958737591770e-02
1.101026223854216675e-02
1.109788115665920859e-02
0.000000000000000000e+00
1.109632031366485951e-02
1.110201690108311885e-02
1.098656587372114427e-02
1.109894292861316606e-02
1.098073620445471146e-02
1.109198267448465412e-02
1.110157706292532603e-02
1.110052384994352805e-02
1.098005120657780456e-02
1.098829885087281022e-02
1.110711376112981201e-02
1.097647452088646933e-02
1.110100416975564296e-02
1.109228846719153769e-02
1.097899339409220097e-02
1.098811165345090109e-02
1.098704872530905166e-02
1.109227326221816877e-02
8.412290618003603893e-01
1.109694338887655049e-02
1.099854455805989936e-02
1.097922302954069083e-02
1.109829380292939004e-02
1.110775648847421235e-02
1.102554551694334695e-02
1.110584622697725204e-02
1.110176376168445916e-02
1.099902877804975233e-02
1.098486826820252969e-02
1.098218016605141852e-02
1.098193498998871302e-02
1.098331444213686975e-02
1.098261809051470292e-02
1.110882718143091537e-02
8.412280354562698959e-01
1.097954790169729938e-02
1.098828276384587917e-02
1.098747005964029883e-02
1.098089175942126329e-02
1.110135518547897444e-02
1.098475534074083888e-02
1.099264558260914723e-02
1.098690525242158877e-02
1.099397300421716371e-02
1.097954722241888462e-02
1.096926690494987554e-02
1.098149880428170473e-02
1.098443309175337924e-02
1.110619561173855317e-02
1.109424180078567163e-02
1.110805207639109504e-02
1.110289476052779903e-02
1.097946994028838053e-02
8.412138874436999592e-01
1.110742753034952950e-02
1.099263752700335717e-02
1.098922710551311459e-02
1.098149157271950671e-02
0.000000000000000000e+00
0.000000000000000000e+00
1.097910791433006489e-02
1.098924655318955605e-02
1.109760909287442303e-02
1.099203713779580219e-02
1.110477364986715669e-02
0.000000000000000000e+00
1.109448711987216611e-02
1.109939279179854993e-02
1.098573676896548966e-02
1.098874099149443548e-02
1.110418971554464132e-02
1.097783124669184443e-02
1.098555663257312458e-02
1.098555663257312458e-02
1.110001527978551721e-02
1.110200419151787660e-02
1.099302512704320757e-02
1.110885843165422895e-02
8.412313459860429887e-01
1.110553827591198063e-02
1.110436091122492773e-02
0.000000000000000000e+00
1.098607336553187458e-02
1.110114184240597324e-02
1.110462425482585357e-02
1.098008814837047459e-02
1.098643873378155576e-02
0.000000000000000000e+00
1.097988307826276884e-02
1.110112656182162677e-02
1.109897937301625517e-02
1.097972399674696474e-02
1.109722477359124937e-02
1.113415569949812063e-02
1.109972313803028569e-02
1.099197535114914206e-02
9.014012052469638769e-01
8.412443737686473577e-01
1.099414261948598523e-02
1.098555663257312458e-02
1.106748748968686136e-02
1.097887919623820666e-02
1.098193427850019041e-02
1.110481802036398027e-02
1.097833586340317413e-02
1.110521860988194186e-02
8.412081778412184851e-01
1.100065271857884885e-02
1.097999963085127470e-02
1.111223675156797035e-02
1.099396533871506085e-02
8.411927052027394769e-01
1.110610502648494598e-02
1.098472647942901753e-02
1.109881555553027081e-02
1.099197679804266026e-02
1.097944324849512397e-02
1.110030858502875431e-02
1.100322081256711708e-02
1.109735483680075047e-02
8.411929710068430932e-01
1.110262172335992059e-02
1.098948977019002619e-02
1.109609257207467073e-02
7.774311540870101345e-01
1.098864611587303287e-02
1.098181269562651698e-02
1.098606574042572219e-02
1.111457254901109144e-02
1.110427480333552215e-02
1.098341943317799815e-02
1.110942205297965786e-02
0.000000000000000000e+00
1.109322892402873732e-02
1.110059156425520326e-02
1.109717590909924632e-02
1.109138179519035539e-02
1.110182078876209219e-02
1.097742543665004497e-02
1.099079556404766213e-02
1.097243005367043792e-02
1.110137376680846687e-02
1.098668594972741601e-02
1.108280052085667752e-02
0.000000000000000000e+00
1.110633130312773699e-02
1.110804218541154229e-02
1.099245034932373050e-02
9.132735190750913556e-01
1.098555663257312458e-02
1.110462425482585357e-02
1.099427494148878456e-02
1.109155276677052659e-02
1.098552162357966516e-02
1.110420785467220069e-02
1.109718443254893369e-02
1.098036899317450348e-02
1.110702236962994409e-02
1.098051259804778794e-02
1.098321748319639954e-02
1.098990224573163747e-02
1.099599916757288895e-02
1.098950758318055325e-02
1.110214623204049122e-02
1.110171072120078734e-02
1.111577838835635552e-02
0.000000000000000000e+00
1.108777377518197112e-02
1.099214217305117050e-02
1.098683268751958660e-02
1.097276407465814889e-02
1.109270852254495669e-02
1.111234857889361119e-02
1.110883238912257175e-02
1.111078168963070684e-02
1.098469445012668563e-02
1.108960492031364937e-02
1.098407207945549698e-02
1.099740574967396356e-02
0.000000000000000000e+00
1.098168029483947809e-02
1.098197801917723260e-02
1.110209721565268322e-02
1.098074954469414541e-02
1.111317969150703300e-02
1.098922107855730516e-02
1.109293881185089911e-02
1.098590020435975291e-02
1.099395070594978013e-02
1.098523547559457011e-02
1.098834201967680523e-02
1.110525548519663078e-02
1.110932985497801312e-02
1.110223846098813694e-02
1.098798133139194423e-02
1.109702423361166174e-02
1.110363783227568540e-02
1.109399643002655089e-02
1.098740939295261322e-02
1.110306546661914487e-02
1.111083332632331784e-02
1.098709478459851223e-02
1.110763816471076366e-02
1.109925334847215034e-02
0.000000000000000000e+00
1.099279690758459341e-02
1.098748608700301707e-02
1.110416952286040829e-02
1.098833135356335443e-02
1.110136111065412878e-02
8.412248742197123708e-01
1.110433412755583958e-02
1.109893808722142369e-02
1.098856980107494954e-02
1.111787573888109101e-02
1.109758922966489793e-02
1.110629826979274079e-02
0.000000000000000000e+00
1.109739525970403380e-02
1.109784783380260778e-02
0.000000000000000000e+00
1.110354791128663650e-02
1.097779461199349486e-02
1.098050801699000829e-02
1.099374582215894604e-02
0.000000000000000000e+00
1.110439348883330776e-02
1.100039481420388154e-02
1.099104294585401265e-02
1.098940458031165412e-02
1.099045289258005799e-02
1.099447661877362217e-02
1.098042838493267642e-02
1.098964753614381160e-02
1.099187085421742156e-02
8.412106054141881284e-01
0.000000000000000000e+00
1.099129348049872508e-02
1.099233302221261539e-02
1.099235522391582565e-02
1.098231406888473295e-02
1.109378632188650834e-02
1.098515935925457702e-02
1.099302090795845066e-02
1.099062039432021319e-02
1.098914970710990029e-02
1.098729549609457970e-02
1.099248537819033818e-02
1.098056991659965807e-02
8.412089513088376602e-01
1.099173026651150201e-02
1.098743432927868843e-02
1.109928482014074617e-02
7.774485901037506697e-01
1.097993025201954298e-02
1.110166211514235050e-02
1.110255947477362809e-02
1.098714771274770553e-02
1.109873003636963409e-02
1.099482118558565633e-02
1.109651634385320357e-02
1.097643612804627411e-02
1.111014201193929671e-02
1.110189198783155008e-02
1.098000828588727509e-02
1.111089339603431141e-02
1.098525776478388380e-02
1.099373954527975948e-02
1.110713179791532855e-02
0.000000000000000000e+00
8.412142104049572522e-01
1.109707740456773901e-02
1.110288924660751686e-02
1.110428282453392208e-02
1.109527813921450980e-02
1.110564144625477215e-02
1.109801583382978747e-02
1.099106281620131770e-02
1.109592813908246052e-02
1.111021886495942856e-02
1.109534328544399366e-02
1.109849481200475725e-02
0.000000000000000000e+00
0.000000000000000000e+00
1.098197098106185911e-02
0.000000000000000000e+00
1.098345677726576645e-02
1.109983499014027993e-02
1.097975555156532543e-02
1.097785068623055929e-02
9.132932918581100346e-01
0.000000000000000000e+00
1.098451170082002416e-02
0.000000000000000000e+00
1.099330545159246143e-02
1.098815312213723312e-02
1.099210354088955323e-02
1.109896220060929348e-02
1.098660371450774220e-02
1.098587428665572137e-02
1.111317969150703300e-02
1.098425052859038596e-02
1.098145578070846250e-02
1.098670825312620704e-02
1.108250895815368446e-02
1.099174595172478820e-02
1.098833258752523676e-02
1.098097079041650791e-02
1.109207134402123533e-02
1.107192783033084105e-02
1.109927280863509842e-02
1.110060682545675227e-02
1.099387875734518343e-02
1.109642634478627543e-02
1.108816807919967701e-02
1.098203983221952840e-02
1.099251267693800160e-02
1.109948360686439234e-02
1.111362202449918402e-02
1.097875798339275483e-02
8.412117206412923487e-01
1.109370621569595247e-02
1.098535103424714936e-02
8.412106054141881284e-01
1.109410142028049474e-02
1.098037712911383718e-02
1.097821042294347578e-02
1.098679163998356537e-02
1.109363579167972104e-02
1.099529524408763247e-02
1.109445294841989935e-02
1.098261190521719610e-02
1.110680843346020449e-02
1.110663650315155820e-02
1.110233636763522519e-02
1.098399936958477721e-02
1.110392898275351301e-02
1.099342599786910617e-02
1.111185869756377807e-02
1.110993250284458313e-02
0.000000000000000000e+00
1.110128104902805002e-02
1.097948088858020227e-02
1.109267083183882591e-02
1.098561419853405496e-02
1.098811827143061914e-02
1.098122975501730249e-02
1.098240590251026161e-02
0.000000000000000000e+00
1.098155154010836687e-02
1.110536990250075504e-02
1.098912166673461990e-02
1.109772022130377928e-02
1.098709522076445587e-02
1.109098496182987087e-02
1.097052265525396038e-02
0.000000000000000000e+00
1.098619428631471447e-02
1.098225027448649326e-02
1.110032382308448300e-02
1.109179765865740165e-02
1.098292053938207218e-02
0.000000000000000000e+00
0.000000000000000000e+00
1.111207233079054488e-02
1.110972501740510078e-02
1.109785935200831297e-02
1.109467160013441998e-02
1.100522532704908442e-02
