2.348960792480579186e-03
2.125489341458922272e-03
2.129601994994284077e-03
2.127465195015122365e-03
2.122900973634527649e-03
2.124502387998682563e-03
2.128695168327655093e-03
2.129140327430914699e-03
2.127339648646525173e-03
2.241425579398988871e-03
2.122936045315037493e-03
2.496127476830350272e-03
1.427343800464429520e-03
2.121388641153664108e-03
1.677416579928754691e-03
1.859595842049895651e-03
2.127370769390664849e-03
2.127467066754351686e-03
2.124990782474159897e-03
2.221082166011971188e-03
2.125886407484038707e-03
2.147707833317730360e-03
2.124068357516265080e-03
1.987877305586646572e-03
1.590658376127004761e-03
1.572367458823489481e-03
2.123125757308201404e-03
1.803868422862593820e-03
2.124728403674487707e-03
2.197519331962354949e-03
2.125924370021146058e-03
2.171987646218554585e-03
1.982292948587783491e-03
2.130388723113293189e-03
1.744361050344372596e-03
2.126046202015994136e-03
2.126299780517118716e-03
2.270683119480566836e-03
1.801408491766219111e-03
2.105802866908062631e-03
2.520445645870530299e-03
1.863665410947426505e-03
2.124648268778950733e-03
2.121810431547354724e-03
1.840646964436875015e-03
2.121342761092419142e-03
1.869930329931833706e-03
2.122813931558836451e-03
2.128024523870143941e-03
1.986738765129587338e-03
2.122064072577162491e-03
9.999377465152622380e-01
5.985126836336427530e-03
2.122542198973156359e-03
2.365690792531220926e-03
2.129683739895568261e-03
2.128716402688970392e-03
2.125126871671261398e-03
1.488423453430369860e-03
2.126797447606287254e-03
2.129789872425029342e-03
2.177226742644710038e-03
2.321661165058345067e-03
2.125849662715796271e-03
1.959236773584338998e-03
2.126295310398014851e-03
2.213884083158390494e-03
2.125632754058455129e-03
2.397193698156367941e-03
2.073729375216840521e-03
2.015624249092575274e-03
2.127944845292059975e-03
2.123061641149211719e-03
2.126391926784490776e-03
1.944047592960811274e-03
2.124548086196403722e-03
2.125220644175879452e-03
1.835759128212432383e-03
2.341452305069993516e-03
1.783584019965283284e-03
2.123999633220057665e-03
2.122629246432633423e-03
1.871516543966022118e-03
1.927065967634716435e-03
2.139579551391530485e-03
2.123650793683709397e-03
2.127464970942076223e-03
2.517058716826228552e-03
2.125428560424368757e-03
1.939012873465905231e-03
2.123500868892330869e-03
2.126718392518803583e-03
2.125063917606227933e-03
2.096995878505489210e-03
1.945417415800695807e-03
1.912865000748991936e-03
1.922097008918450612e-03
2.125018708966706742e-03
2.125841088465262735e-03
1.376245909502324264e-03
2.121661816363874884e-03
2.141608282658223356e-03
2.125788599992998410e-03
2.125511129987955362e-03
1.929497345977470701e-03
2.228935398288701963e-03
2.128245091556106843e-03
2.123980908391553957e-03
1.358812247919190426e-03
2.125773430034834204e-03
1.927227413636320831e-03
1.538818262833244492e-03
1.449156429429662675e-03
2.126288324017260988e-03
2.122392572815037012e-03
2.126885017252240669e-03
1.948271311871443501e-03
1.994988685472411094e-03
2.128528292993734933e-03
1.223558237144759366e-03
1.536070879338250709e-03
2.128021708487331642e-03
2.126673617589916639e-03
2.125313387015268559e-03
1.867671803414300150e-03
2.029517267361185488e-03
2.126454529233097728e-03
2.137481844602312671e-03
2.125377319744103932e-03
2.131233032679067090e-03
1.133527736016615162e-01
2.069337205875227976e-03
2.126037587005829687e-03
1.734556862365649972e-03
2.125585082450326228e-03
2.124145324823202650e-03
2.122116252952743667e-03
2.126572090492039394e-03
2.122069207054222591e-03
2.123046476670774427e-03
1.682241594619938259e-03
2.124425264528543699e-03
1.932021152378533314e-03
1.648820354801358709e-03
2.124582004475544794e-03
2.126322014126581349e-03
2.128301679554418357e-03
3.923152189082246451e-03
2.128708798210854607e-03
1.624603840340020080e-03
3.714204650203168246e-03
1.947870685497860499e-03
1.907534432744302857e-03
2.130454412080753143e-03
2.124998172976667616e-03
2.126795319101304742e-03
2.016425194436384603e-03
2.128606280040723584e-03
5.104847949676831996e-03
2.121368394542766291e-03
2.122153917980233815e-03
2.123519584819951074e-03
2.097905579333158872e-03
2.130159762135355218e-03
1.330940414326405507e-03
2.129244163940441706e-03
2.129220163146551634e-03
1.848400991625810371e-03
2.122577897544771202e-03
2.129931801581460768e-03
2.129812858358216560e-03
2.122732972035470348e-03
1.857966863340259917e-03
2.128704460180758876e-03
1.663484290135563591e-03
2.145394464999876398e-03
2.440127442246775059e-03
2.129534816077355633e-03
1.508909084386813627e-03
2.122732431051532580e-03
1.735933659408789775e-03
2.125820350574192559e-03
2.125642127051286662e-03
2.127603271511391541e-03
2.317879557188575346e-03
2.129177373513402825e-03
2.123867543139715697e-03
2.126466121303498963e-03
2.126613710957506696e-03
1.809422043855091634e-03
1.919008144416500285e-03
9.812112625878415262e-01
2.128114209974497819e-03
2.126303134301403726e-03
2.125895410118452695e-03
2.127517005434949576e-03
2.125935791734886657e-03
2.127874278111601975e-03
2.122295440683724058e-03
1.566530506439253170e-03
2.125411104869104947e-03
2.122454597420966177e-03
2.126673617589911434e-03
2.125740447835342255e-03
2.123603847492886582e-03
2.122241332432497733e-03
2.128851334495691309e-03
2.127699906448203646e-03
2.123143822742721686e-03
2.121815218670883903e-03
2.121101379882160687e-03
2.125248149475692395e-03
2.219405633160524260e-03
2.127740775328612003e-03
2.128903363334744368e-03
2.126077406345229254e-03
2.124188794488072497e-03
2.250071665862503779e-03
2.128283104399419576e-03
2.128605290864009954e-03
2.127618945636289716e-03
2.127740775289497892e-03
2.125081095002494171e-03
1.874089952464067909e-03
2.124467533631965981e-03
2.128728452030885683e-03
2.125808616769068408e-03
2.127377770447609097e-03
2.125298000587529448e-03
2.127149998973832962e-03
1.948753070493590249e-03
1.482156929316914970e-03
2.126391317686480032e-03
1.613482663497058578e-03
2.324399144589358278e-03
2.128729522136263257e-03
2.125463083587917149e-03
2.127906816679246086e-03
2.127442310443877858e-03
2.045685923749018895e-03
2.126711355991967554e-03
2.123140615070048202e-03
2.132148731555120243e-03
2.130170706858849038e-03
2.124278006821566592e-03
2.123819263521009148e-03
1.836380291992497325e-03
2.124529174076892225e-03
2.331267266321811974e-03
2.127722449300935726e-03
2.130316691924687405e-03
2.125886407418197711e-03
2.128997730491847661e-03
1.623475445976702925e-03
2.124834836660728470e-03
1.893843481099238444e-03
2.127507334472634754e-03
2.125837404506854874e-03
2.129926614263081674e-03
2.125295001795526103e-03
2.123163866910340349e-03
2.124823324757345658e-03
2.018914584937352152e-03
2.125645148504529645e-03
2.125830779022824541e-03
1.934669698441971982e-03
2.121209526964635324e-03
2.123423022178504843e-03
2.127777247989238053e-03
2.127584824287338545e-03
1.627985266626031562e-03
2.123804674826604288e-03
2.323522737294194188e-03
2.128143946442760410e-03
2.125563159452895784e-03
2.127429896462769594e-03
2.126239099222052269e-03
2.124902478852895831e-03
2.126206436306968262e-03
2.125536955526698048e-03
2.125953185493269053e-03
2.125055101072735944e-03
1.563401883759967838e-03
2.129789872425028041e-03
2.128549424425797004e-03
1.768428197897367604e-03
1.897388367944228974e-03
2.121899035903039230e-03
2.127587546730422881e-03
2.125337593633942930e-03
2.122924448486549105e-03
1.980004319922690822e-03
2.123398887189426390e-03
1.250763499200302845e-03
2.176626813893072377e-03
8.587029140470427320e-04
2.123027185944167169e-03
2.123628261389475837e-03
2.126435666231767541e-03
9.972285378139802425e-01
1.902740076223826717e-03
3.156446819503927644e-03
2.737281958334172264e-03
2.122097846458468728e-03
2.124360345620155809e-03
2.125848877801836054e-03
2.127459821816330213e-03
2.129351772556273975e-03
2.125642169649345856e-03
2.127086231440559680e-03
4.965085795466046489e-03
1.551508734307397710e-03
2.129547756125362273e-03
1.829628772206968968e-03
2.195352655884697055e-03
2.125979064285059544e-03
1.965370855306055285e-03
2.126897018009193518e-03
2.125299362986419766e-03
1.839927672819983420e-03
1.853235521345580374e-03
2.127442706046999733e-03
2.125680105314793795e-03
2.128609173067013034e-03
2.124964398399694764e-03
2.125951112358117658e-03
2.123558140216067272e-03
2.938660648187726206e-03
1.985361619026606173e-03
1.895995712149206071e-03
2.125199425321000132e-03
1.596943021597331753e-03
2.126599140677522433e-03
2.125892389129928253e-03
2.122667447159564107e-03
2.126119877568225219e-03
2.125900733750423280e-03
1.861452002581293888e-03
2.128109812754700771e-03
2.125123401103859791e-03
2.126068051400727913e-03
2.129340531151376319e-03
2.128449375612127045e-03
2.122418174807175727e-03
2.181138877668766223e-03
2.123898200036280874e-03
2.125619824493969658e-03
2.176597995199438217e-03
6.981520668405340364e-04
2.129234107220644504e-03
2.373913993461121592e-03
2.126441549983842938e-03
2.125830782425720128e-03
2.127642472127464629e-03
1.954979127277177865e-03
2.124926514127669329e-03
2.125502148258000962e-03
2.126128970992252013e-03
2.127242806346743391e-03
2.011874294205559088e-03
2.057760253434786236e-03
2.122493165533838409e-03
2.124263351241703623e-03
6.271237393596250029e-03
1.758375790560172186e-03
1.625166707986012635e-03
2.122061776928914172e-03
2.148865913368536423e-03
1.944057012964058332e-03
2.127583448561229558e-03
2.123155593151450100e-03
2.126265588560338066e-03
1.563450999496551145e-03
2.122594655092800101e-03
2.178439236118207348e-03
2.121211098895211915e-03
2.124032118527546375e-03
2.122694433314878826e-03
2.123001061157772217e-03
1.985973270137688946e-03
2.122693686986386330e-03
1.954667289495834199e-03
1.966088121201336678e-03
2.486584727231634304e-03
2.124681546170391691e-03
2.467027250468967290e-03
2.128074221980531377e-03
2.361089578220505140e-03
1.618418599696651219e-03
2.129926614263081674e-03
2.128260130509633356e-03
2.126934948927014252e-03
1.956289030703366010e-03
1.729639217160762509e-03
2.241840075295020371e-03
1.641068680377733404e-03
2.129518486136201556e-03
2.124928081376078071e-03
2.127620013970278699e-03
2.071314784951864239e-03
2.129381977903280557e-03
1.620244921609294590e-03
1.860122145844121146e-03
4.941042674973610514e-03
1.519761091835644456e-03
2.185862915683737390e-03
1.507150616319886472e-03
1.609370225036613417e-03
2.125555276888991228e-03
2.487048832138615776e-03
2.420648910591485532e-03
2.125063773126798644e-03
2.127936871904925406e-03
2.125744455700038626e-03
1.911721943179334020e-03
1.643317839209641491e-03
2.127784293290472389e-03
1.893864351734025030e-03
2.125464077538515625e-03
1.960341709006765618e-03
2.123024707476618353e-03
2.122232981494956428e-03
2.125037098268306012e-03
1.739743929196547589e-03
2.149561437090049838e-03
1.847435517837611252e-03
2.129026098900962515e-03
2.125230394306371496e-03
2.129408878358517599e-03
2.125569956994591541e-03
4.069082106208503705e-03
2.123037357816644731e-03
2.125193982726428926e-03
2.122464220107002624e-03
2.125061531596570286e-03
