9.506345912297572420e-01
2.293437187919941667e-02
2.294021571012281810e-02
2.293691216892173798e-02
2.293933940240713149e-02
2.293279898435509820e-02
2.293463074486409847e-02
2.293782793285804519e-02
2.293438094192101762e-02
9.506485560049475758e-01
2.293361324898514700e-02
0.000000000000000000e+00
9.506471847319645230e-01
2.293435716920680725e-02
9.506420746462559412e-01
9.506426319427564442e-01
2.293879939528171638e-02
2.293121469250023262e-02
2.293812310364895871e-02
2.294157090318725209e-02
2.293655462568453332e-02
2.293352355344679960e-02
2.293505043898112425e-02
9.506524503393873893e-01
9.506525740377044231e-01
9.506535889207456957e-01
2.293052831745543557e-02
9.506452669703056024e-01
2.293405866286880521e-02
2.292659542812694462e-02
2.293456270115221823e-02
2.289184049910842136e-02
9.506451041842188809e-01
2.292890065704233579e-02
9.506561999506129013e-01
2.293668381217183957e-02
2.293134218720282655e-02
9.506592002037329570e-01
9.506481359821551402e-01
9.506412021201179341e-01
9.506458943229881831e-01
9.506502683695600142e-01
2.293159380233957337e-02
2.293760602233645834e-02
9.506595613048774984e-01
2.293615953704005936e-02
9.506430931160620990e-01
2.292880262935644703e-02
2.293148413527085205e-02
9.506512263363111614e-01
2.293660750909817456e-02
9.506617592752575341e-01
9.506435164654245540e-01
2.293507986339675397e-02
0.000000000000000000e+00
2.293797059490312873e-02
2.292876031412859755e-02
2.293623515249777409e-02
9.506486820184283371e-01
2.293577316376183353e-02
2.293484609890018497e-02
2.290255709489540450e-02
9.506546699847281401e-01
2.293333614631034439e-02
9.506999867258206782e-01
2.293063055927091129e-02
9.506429700736140909e-01
2.293394463992450005e-02
9.506751890685174455e-01
9.506386317123945995e-01
0.000000000000000000e+00
2.293762491645375337e-02
2.293886536721661748e-02
2.293973248350058419e-02
9.506584427563972151e-01
2.293766434128432022e-02
2.293239725810587368e-02
9.506397403844915051e-01
9.506439939436055475e-01
9.506451766376620149e-01
2.292907764163411299e-02
2.292965550969089383e-02
9.506424453434106914e-01
9.506483505869229855e-01
9.506510347467627131e-01
2.293744056864031183e-02
2.293601480078855809e-02
0.000000000000000000e+00
2.293441014085909405e-02
9.506411762616794325e-01
2.294171971217932177e-02
2.293667387197054555e-02
2.293553849454656179e-02
9.506515561146227089e-01
9.506434142532956821e-01
0.000000000000000000e+00
9.506405989481364616e-01
2.292933085217878364e-02
2.293950912956889410e-02
9.506602285421990040e-01
2.293501768153090314e-02
2.293946004477574740e-02
2.292958212573346574e-02
2.293725283709957541e-02
9.506473388857723528e-01
9.506477226210132692e-01
2.293515281509697634e-02
2.293604660487676486e-02
9.506526422532732834e-01
2.293831072075036559e-02
9.506635277239916526e-01
9.506528390706845411e-01
9.506443013596171943e-01
2.293369199562946686e-02
2.293648274260220651e-02
2.293831324632973970e-02
9.506479353286865219e-01
9.506603047277225604e-01
2.293794998177716218e-02
9.506536604766263610e-01
9.506492420026363410e-01
2.293549334741211074e-02
2.293689601442090720e-02
2.293276681606437953e-02
9.506534750877245754e-01
9.506412638123101777e-01
2.293537779894044837e-02
9.506529406166558394e-01
2.293305218373391241e-02
2.293064413901129209e-02
0.000000000000000000e+00
9.506508527108433748e-01
2.293052516869162685e-02
9.506418870552548750e-01
2.293481368987611291e-02
2.292997922160140006e-02
2.293923029564864241e-02
9.506571337562749191e-01
2.293800714954077891e-02
2.293427542150120249e-02
9.506409285722169367e-01
2.292995126375858145e-02
9.506554442312985520e-01
9.506461900854358271e-01
2.293319051809827869e-02
2.293961239597719012e-02
2.292676218318369374e-02
9.506487162934346147e-01
2.292901717574256579e-02
9.506462275226141845e-01
9.506423992724883920e-01
9.506541893930932074e-01
9.506631404335954549e-01
2.292858303928745067e-02
2.293312538304025441e-02
2.292377884663177393e-02
9.506442381162978350e-01
2.293198859670774609e-02
9.506281951845371170e-01
2.293417856849474384e-02
2.293592780390644667e-02
2.293151398378817304e-02
2.293198636565525403e-02
2.293094404666573896e-02
8.685161210431645573e-01
2.293286851301408122e-02
2.293284345467142341e-02
9.506499322665638019e-01
2.293062792463167535e-02
2.293450084346216819e-02
2.292998556919055228e-02
2.293088051296309285e-02
9.506562189517507866e-01
2.293941364369316005e-02
9.506520366843311809e-01
2.292269001257559585e-02
9.506813315653734886e-01
2.293251916324531847e-02
9.506385844937160767e-01
2.294031182129336807e-02
8.681245263818113678e-01
2.294218592584264249e-02
2.293584447265964790e-02
2.293577144277595542e-02
9.506451637957804568e-01
2.293184452173744128e-02
2.292677136756782891e-02
2.294801983801710368e-02
2.293680378908451861e-02
5.395871640662597279e-01
9.506578765760701488e-01
9.506539355774566991e-01
2.291946289940678325e-02
2.292907574528821671e-02
2.293945256349750467e-02
2.293369947840098386e-02
2.294075461333451929e-02
2.293454316571698348e-02
2.293456629058346699e-02
9.506458571465867813e-01
2.293659116708637868e-02
2.293906564642681292e-02
2.294010634488555245e-02
2.293718622055026732e-02
2.294171729685445110e-02
2.293183836647814944e-02
2.293031735311491445e-02
2.293061225676595871e-02
2.293944631703844980e-02
2.292903304511409099e-02
2.292597884979955675e-02
2.293514794758124559e-02
9.506470096270667192e-01
2.293239229341509713e-02
2.293047876605939020e-02
2.294073264964494735e-02
2.292533479362912976e-02
2.291905071096785734e-02
2.293792554889701601e-02
2.294014228356512641e-02
2.293161610134282144e-02
2.292854051271746990e-02
2.293346314790811746e-02
9.506544830479886077e-01
2.293892246677144836e-02
2.293378945038589134e-02
2.293097562904005890e-02
2.292509378618731025e-02
2.292856649017099499e-02
2.293871337820924464e-02
9.506526884043138281e-01
9.506451795121407811e-01
2.294312991674168911e-02
9.506416904266967727e-01
9.506671417661328727e-01
2.293308439527091958e-02
2.293106050344439692e-02
0.000000000000000000e+00
2.292978684332469888e-02
2.294308006740453099e-02
2.292607040692165934e-02
2.293420417422282337e-02
2.294887304276214263e-02
2.293846229866136274e-02
2.292843490213632845e-02
2.293447282172004012e-02
9.506496356486595634e-01
2.293080070282596181e-02
9.506497287543514974e-01
2.292827100866607834e-02
2.294141611387408297e-02
2.293138859459989409e-02
2.293244518022494183e-02
9.506545908855382754e-01
2.292927845189930702e-02
9.506482810539887973e-01
2.295883893401561363e-02
2.293698060906711883e-02
2.293002287361665947e-02
2.292791562702783253e-02
2.293530846034419826e-02
2.294370280468459658e-02
9.506567060865245278e-01
2.293614593536982826e-02
2.293370146988363278e-02
9.506402501329452859e-01
2.293448526537687077e-02
2.293049392576969325e-02
2.293216992650862554e-02
2.294216898431584301e-02
9.506451741858381599e-01
2.293159514761582835e-02
9.506298670066820611e-01
2.293953809540332303e-02
2.292608159788698738e-02
2.293521162338946207e-02
2.293959701696095255e-02
2.293144561305597573e-02
2.294145510233672539e-02
2.293351832092345791e-02
2.294172276648500167e-02
2.293661509071228885e-02
9.506488603895919542e-01
2.293869719698815590e-02
2.293585553203278393e-02
9.506557145899318106e-01
9.506410954564619153e-01
2.293640246425736676e-02
2.293768495275937125e-02
2.293172753106309872e-02
2.293562493576327757e-02
9.506454164596389589e-01
2.293092118082121905e-02
9.506523020383572664e-01
9.506528558737027401e-01
9.506398166201019961e-01
2.293537455369962924e-02
2.294104666053006086e-02
2.293722225547130053e-02
0.000000000000000000e+00
9.506456078238607610e-01
9.506526370882315558e-01
0.000000000000000000e+00
2.293282337788814240e-02
2.293829496273346730e-02
2.293064826952263130e-02
2.293921654159716828e-02
2.292860682576322931e-02
2.293382570497362258e-02
2.293019964184911733e-02
9.506500879602316489e-01
9.506411608852406436e-01
2.294113069377639452e-02
9.506555174063602287e-01
9.506431607241152548e-01
2.294102312537759855e-02
9.506533859489441074e-01
2.293162781353526303e-02
2.293789376813911221e-02
9.506602839057045617e-01
9.506444395343662812e-01
2.292882210750204347e-02
2.293208022452913539e-02
2.293453152442685369e-02
2.293848077761871315e-02
2.293015702826339819e-02
2.294028052009083191e-02
9.506575072524280356e-01
3.082800531089848750e-01
9.506529558869336594e-01
2.293868530449356263e-02
0.000000000000000000e+00
2.293095994480315661e-02
2.294205390871089864e-02
2.292792991746190820e-02
2.293570776286972188e-02
2.293766930612229499e-02
9.506539387617439774e-01
2.293002755738419648e-02
2.293285019115386819e-02
2.293595571959279253e-02
2.293094856116273048e-02
2.293253515661389935e-02
2.293722242564501593e-02
2.294010430699928646e-02
2.294105203967787207e-02
2.293679970624744671e-02
2.291070262491458689e-02
9.506448110021378239e-01
2.293315468396354626e-02
9.506520278189785067e-01
2.293180483070836329e-02
2.293934557479672051e-02
2.292765803940351177e-02
9.506542087504056271e-01
2.294488772373408716e-02
2.292679753599413325e-02
2.293793670939179782e-02
2.293586952641341742e-02
9.506431647824349351e-01
2.294026906489402343e-02
2.293587651850059403e-02
2.293254811848290803e-02
9.506384420181831496e-01
9.506588841362251241e-01
9.506432591071186655e-01
2.292691487321660629e-02
2.294566688421345244e-02
9.506438876812021155e-01
2.293389688781963254e-02
2.294105624343197036e-02
2.293356076461180657e-02
9.506511109385540337e-01
2.293026386801096800e-02
9.506496271908707607e-01
2.292892877278977781e-02
2.293550553006704421e-02
2.294027365446208930e-02
2.293336883842097759e-02
9.506520366882631468e-01
2.293260948604159202e-02
9.506493320314514106e-01
9.506420730888547332e-01
9.506574345161993289e-01
2.292776349446602399e-02
0.000000000000000000e+00
0.000000000000000000e+00
9.506478759801129108e-01
9.506567941339939543e-01
2.293897140701967388e-02
2.293924861477662433e-02
2.292881958740201551e-02
9.506454824934883474e-01
9.506495680801886339e-01
9.506324572371217529e-01
9.506499526636826847e-01
2.293796076689854149e-02
2.293570446985543007e-02
2.293902798824110426e-02
2.293104295982587720e-02
2.292797139538462273e-02
9.506553885393099756e-01
9.506543951756797339e-01
9.506413312940288352e-01
9.506513144939197080e-01
2.295837162101346113e-02
9.506398456551351517e-01
9.506394772919376512e-01
2.293660999435299941e-02
9.506429418161304046e-01
9.506590045134016842e-01
2.293469483226016209e-02
2.293067849791620080e-02
2.293796731620451057e-02
9.506543812412621142e-01
9.506575157523096120e-01
2.293755045645799739e-02
9.506567265947021284e-01
2.293795958022575715e-02
9.506380993933142287e-01
2.293828304618720712e-02
2.293691808604748222e-02
0.000000000000000000e+00
9.506517933942482124e-01
2.293037535452719863e-02
9.506534460872637649e-01
2.292763073811376548e-02
2.293086735366664519e-02
2.293573671897588401e-02
2.293815471074801479e-02
9.506574044287112724e-01
2.293585575612954244e-02
2.293897430447517510e-02
2.293660274724978673e-02
2.292964185827365761e-02
