1.005707413640161974e-01
8.834973271382177140e-01
8.835029273996775068e-01
1.005623662151628461e-01
8.835011641092418433e-01
8.835093890680768558e-01
1.005610502861793709e-01
1.005551594855749742e-01
1.005595953379440355e-01
8.835006870401199697e-01
1.005587126354762773e-01
8.835010187550366156e-01
1.005554460410647832e-01
8.835037231368652044e-01
8.834996710755496085e-01
8.835107580208023670e-01
8.834990203865340508e-01
8.835027547912814860e-01
8.835107888205285809e-01
1.005629881455803037e-01
1.005660348841346668e-01
1.005545316294991914e-01
8.835067411230600465e-01
1.005612634356628093e-01
1.005584303961791354e-01
1.005541773743330314e-01
1.005674565167671008e-01
8.835064384643234181e-01
1.005579335006686337e-01
1.005703360555356973e-01
8.835139751632606897e-01
8.835090978485126145e-01
8.835051355292958819e-01
1.005694205405226194e-01
1.005293614633422788e-01
1.005541200511015504e-01
8.835048389629553967e-01
1.005604022197137404e-01
1.005715190471038328e-01
8.835091643466409517e-01
1.005705280658702183e-01
8.835006900627262461e-01
1.005557463206587093e-01
1.005636437756564361e-01
8.835043042069418151e-01
1.005548615853355393e-01
1.005320710742898527e-01
8.835024933996470375e-01
8.835106617436500054e-01
8.835032773765533198e-01
1.005553205387358789e-01
8.835082095161379545e-01
1.005735569507132526e-01
8.835030317279454204e-01
1.005696173637598834e-01
8.834966408818291095e-01
8.835137795075616030e-01
8.834998908282644114e-01
1.005636100123922100e-01
1.005549080721940547e-01
1.005682277531371321e-01
1.005533794740540859e-01
8.835054026134884220e-01
1.005666223825823352e-01
8.835101997839295285e-01
1.005561043506974644e-01
8.834988685243385653e-01
1.005642015959844482e-01
1.005608423697778586e-01
8.835160707373137523e-01
8.835123312845842847e-01
8.835125785558505251e-01
8.835089691999384875e-01
1.005606902091426280e-01
8.835091613140441114e-01
1.005586956187302372e-01
8.835025528421575070e-01
8.835129078099770439e-01
8.835138004105538290e-01
1.005697196205147942e-01
1.005555162741249425e-01
8.835089421504527252e-01
1.005631663700576467e-01
8.835018945550008329e-01
8.835075373117009523e-01
1.005630770834704535e-01
1.005682844670190285e-01
1.005587438374613701e-01
8.834986972425900031e-01
1.005714529609717800e-01
8.835020666363566644e-01
1.005630841568813799e-01
1.005537290678867046e-01
8.835032562611115914e-01
8.834991390017220558e-01
1.005511587366165471e-01
8.835004721723496157e-01
8.835014238537826081e-01
1.005717099838242951e-01
1.005565446192131090e-01
1.005695819194138280e-01
1.005646990425630716e-01
1.005613097064401162e-01
1.005619078540063854e-01
8.835063341561204542e-01
1.005688209650546366e-01
1.005638967123461958e-01
1.005613056610672462e-01
1.005553221539139813e-01
1.005594128303919504e-01
8.835069396701203948e-01
1.005641333532388271e-01
1.005615216496835024e-01
1.005918398077258330e-01
1.005661633586531767e-01
1.005659412636385752e-01
1.005659864507816165e-01
1.005584597699101246e-01
1.005604195739559642e-01
8.835110639141842137e-01
8.834982744607301486e-01
8.835101182711765366e-01
8.835033803516362250e-01
1.005646776978538354e-01
1.005729281331466385e-01
8.835010681393549170e-01
1.005599848615848779e-01
1.005688857462126579e-01
1.005635242936131490e-01
0.000000000000000000e+00
1.005707810177622480e-01
1.005563447835605279e-01
1.005649793052815905e-01
8.835006362663553325e-01
1.005639764233484945e-01
8.835111809220448364e-01
8.835008360211662470e-01
8.835101530391459290e-01
8.835065812730196200e-01
1.005649908952506166e-01
1.005646084086059683e-01
8.835140742533744707e-01
1.005581462264038967e-01
1.005293614633422788e-01
1.005628390954877993e-01
8.834984725531755956e-01
8.835123468504477717e-01
1.005614619212954614e-01
8.835064449403178255e-01
1.005684580245524429e-01
8.834976672192020875e-01
8.834996049845227351e-01
8.835022183513904226e-01
1.005555063094414198e-01
8.835041067419905358e-01
8.835032206644316544e-01
1.005685564548000066e-01
1.005718129356606150e-01
8.835112215827348736e-01
1.005635619141883041e-01
8.835066536968405604e-01
8.835103444467117262e-01
1.005581113049363456e-01
8.835069168262297268e-01
8.835076707622827596e-01
8.835058191950403428e-01
1.005642296741425940e-01
1.005561224829953915e-01
1.005694099820638870e-01
1.005605343437773885e-01
1.005393812417978011e-01
8.835054686602878959e-01
1.005641919559236847e-01
1.005627256595488100e-01
8.835039946388694165e-01
1.005696634022837099e-01
8.835011265120772395e-01
1.005632026060997025e-01
1.005651889626699297e-01
1.005581158805569225e-01
8.835079840970704312e-01
1.005695901045070423e-01
1.005566424049321311e-01
8.835050139920264112e-01
1.005663002863792510e-01
8.835104075956181635e-01
1.005635506712941329e-01
1.005642279354783675e-01
8.835093433744463098e-01
1.005643433849152946e-01
8.835100516660904235e-01
1.005703439997970988e-01
8.835137610683797549e-01
1.005613685404044555e-01
8.835111430037086988e-01
1.005563325648014816e-01
1.005607535924655238e-01
1.005614570680135461e-01
1.005698852247981917e-01
8.835060988879005484e-01
8.835041122801854385e-01
1.005682714236812436e-01
8.835017130623126214e-01
8.835106617416357278e-01
8.834993546512867058e-01
8.835059998803511672e-01
8.835039028310220921e-01
8.835023997474117374e-01
8.835079936657106447e-01
1.005649166185835913e-01
1.005671674103534030e-01
1.005593785643949939e-01
8.835028979064899479e-01
1.005642129906733628e-01
8.835019313701261146e-01
8.835177970494639821e-01
8.835131791203988394e-01
8.835066637531120426e-01
1.005647107701195669e-01
1.005546828539439358e-01
1.005675497363969773e-01
8.835049460609136762e-01
1.005710147186623937e-01
8.835053105561965214e-01
1.005678026536019065e-01
8.835036427551024030e-01
8.835054396148539491e-01
1.005665892656323335e-01
8.835053429067735165e-01
1.005684254208693007e-01
1.005650325191878580e-01
1.005609152902159215e-01
1.005565038536613831e-01
1.005614121996886851e-01
8.834971423094513110e-01
8.835123062787606507e-01
8.835136366622882154e-01
1.005671531083353054e-01
8.835045401794707765e-01
1.005661296732749538e-01
1.005591844366043736e-01
1.005954154890058572e-01
8.834963803858770781e-01
8.835028117025476302e-01
8.835062434579028512e-01
8.835085441811373341e-01
1.005620668325088451e-01
8.835044408951491235e-01
1.005692486572597466e-01
1.005610757947107553e-01
0.000000000000000000e+00
1.005617312934412172e-01
1.005637428279875928e-01
8.835106446969639427e-01
1.005689799287143582e-01
8.835024476019569528e-01
1.005645879514059787e-01
8.835107441652512161e-01
1.005618186779462658e-01
1.005549095813873806e-01
1.005688142161163118e-01
1.005619000941674890e-01
8.835114889659988480e-01
8.835076900996208238e-01
8.835084411828167950e-01
1.005609643105228324e-01
8.835049432648538481e-01
8.835034293046338805e-01
8.834993030780187162e-01
1.005643326173325525e-01
8.835155704163151213e-01
8.835048417429676171e-01
1.005632962648325135e-01
8.835120406746136412e-01
8.835117223292245914e-01
8.835022899814884978e-01
1.005622943894257659e-01
1.005603261167520579e-01
8.835016064596175056e-01
1.005650556644483995e-01
8.835021604543815688e-01
1.005679239509200545e-01
8.835013486168010743e-01
8.835023041130423138e-01
1.005595576443561040e-01
8.835013208968480747e-01
8.835119441397492057e-01
8.835120562992085924e-01
8.835116739499810912e-01
8.834979668719310508e-01
8.835081454904727405e-01
1.005533502623939812e-01
8.835019875570666592e-01
1.005528642639383768e-01
1.005652214997867222e-01
1.005597016628218404e-01
0.000000000000000000e+00
8.835068515080654050e-01
9.224230183794398519e-01
1.005605511434992383e-01
1.005545676465688931e-01
1.005676522914349669e-01
1.005662871486062704e-01
1.005609588067021137e-01
1.005625097291549530e-01
1.005666647028245486e-01
1.005597549844348265e-01
8.835137225557456730e-01
1.005666786861595247e-01
1.005652654704422139e-01
1.005707092076632558e-01
1.005724493847240802e-01
8.835045745349188184e-01
1.005686174486627310e-01
1.005570743777698950e-01
1.005657885198800866e-01
1.005723643772062359e-01
1.005614994961387815e-01
1.005646230667099905e-01
1.005694346170003250e-01
1.005646440178880330e-01
1.005679410256864886e-01
1.005675261908853257e-01
8.835046459923268092e-01
1.005720223520837342e-01
1.005687471392718996e-01
8.835031612831497627e-01
8.835027218213604705e-01
1.005543558939493154e-01
8.835145723829306297e-01
1.005690503584389939e-01
8.834983877012337894e-01
1.005621253926203273e-01
8.835092496376198978e-01
8.835044526049241620e-01
1.005732523554271757e-01
8.835115452183694984e-01
1.005691683756735760e-01
1.005676522914349669e-01
8.835116051045830421e-01
1.005537647285551783e-01
1.005626589812449873e-01
8.835111983577390582e-01
8.835129467128418623e-01
8.835106364804301560e-01
8.835016847851371313e-01
8.835047711909207457e-01
8.834981580852590000e-01
1.005661310853978169e-01
8.835106606834988163e-01
8.835027765117595688e-01
8.835098558761177445e-01
8.835113233507820851e-01
8.835072803743710956e-01
8.835181581298929832e-01
1.005606184375051199e-01
8.835091920981512637e-01
1.005614971472588576e-01
8.835032870192321974e-01
1.005602020677169445e-01
1.005626925704452973e-01
1.005560191113307467e-01
8.835087232847393945e-01
1.005547459979371089e-01
8.835045314387368620e-01
1.005550723101080873e-01
1.005619446836710923e-01
1.005602713345025850e-01
8.835046400224945140e-01
1.005620367750325594e-01
1.005659448376161197e-01
8.834900097986855272e-01
1.005682302060694894e-01
1.005612281487144599e-01
1.005614585455687493e-01
8.835062993624150929e-01
1.005718391116887933e-01
1.005589069920182627e-01
1.005598901452836730e-01
8.835074182035063117e-01
8.835015207284244720e-01
8.835123669151302428e-01
8.834996609300262982e-01
1.005733311223761528e-01
8.835005604313805883e-01
8.835119879184281100e-01
1.005534790305796372e-01
1.005695000104039755e-01
8.835100158856469266e-01
8.835083657955098424e-01
1.005569907027496213e-01
1.005629614430900570e-01
8.835183097678541708e-01
1.005671419494956337e-01
1.005588532756550996e-01
8.834943206315830633e-01
1.005630946705467210e-01
1.005567305751497165e-01
1.005653528585097184e-01
8.835122663634872309e-01
1.005702657662979338e-01
8.835027608943200050e-01
1.005555065629761130e-01
8.835023019265479949e-01
8.835056779149023098e-01
8.835067157775748914e-01
1.005635749246446276e-01
8.835033246368124704e-01
1.005610437241496735e-01
8.835107174903467087e-01
8.835014588959824167e-01
1.005492689963193437e-01
8.835010015614170875e-01
1.005613685404044555e-01
8.835133914231749763e-01
1.005583211331186333e-01
1.005655885572637048e-01
1.005524548195273621e-01
1.005665931933347745e-01
8.835099678138669255e-01
1.005699862719076215e-01
8.835039981780021812e-01
1.005537274806684173e-01
8.835112929031916362e-01
1.005562336599696155e-01
8.835033182221928572e-01
1.005689559652311188e-01
8.835063580787609894e-01
1.005667862541969326e-01
1.005568160503549496e-01
8.835051100832361781e-01
8.835083300693271635e-01
1.005660847678520320e-01
1.005686503000289694e-01
8.835169512588206819e-01
8.835062117497043399e-01
8.835057898698542855e-01
8.835104143332104254e-01
8.835042408547599813e-01
1.005686773564411496e-01
