2.097154273528311925e-03
2.101851395645210670e-03
2.102717242582176176e-03
2.095944608994401541e-03
2.105970574201325787e-03
2.097774978830230144e-03
2.101700624627674853e-03
2.102909404493586657e-03
2.098039402703723126e-03
2.117322008958148066e-03
2.108262602767953242e-03
2.094869581703403833e-03
2.110733557672459480e-03
2.097278292247423473e-03
2.111687725558156637e-03
2.107489050352453260e-03
2.100359002300298834e-03
2.102809867322700827e-03
2.096514654640987529e-03
2.104316912884589275e-03
2.103067640367592851e-03
2.110711386954433697e-03
2.108354197995758027e-03
2.109441987626994603e-03
2.102627220454874549e-03
2.106719452199730738e-03
2.107484040964765614e-03
2.105071901422112327e-03
2.098378445718335639e-03
2.102608172172555460e-03
2.101413405538769125e-03
2.109671027608335352e-03
2.113747047097716374e-03
2.107366491636859102e-03
2.102001710024677117e-03
2.098124663279969399e-03
2.097287089718994149e-03
2.103536678045110110e-03
2.109890102881416176e-03
2.104257720689967776e-03
2.113679390665347112e-03
2.099800864854064857e-03
2.105311500273071134e-03
2.103569294268406963e-03
2.102813988301624817e-03
2.107233107669750308e-03
2.113763628684948558e-03
2.105350255309879764e-03
2.105673418980142861e-03
2.113952817956661710e-03
2.102932940605271687e-03
2.098547937317888756e-03
2.102542371030563691e-03
2.099334354349017152e-03
2.099041570292423803e-03
2.103060103954082233e-03
2.096324015485011381e-03
2.110683570523142101e-03
2.113829199578004525e-03
2.095737520806268631e-03
2.122291983736266600e-03
2.113937441338311577e-03
2.106003750874746883e-03
2.105195774987396115e-03
2.100100872540692186e-03
2.106177735739621446e-03
2.099302951241042037e-03
2.098080547397647606e-03
2.109855798361949791e-03
2.107639092752594794e-03
2.094423498474450290e-03
2.101201460502558852e-03
2.104803423813475342e-03
2.111896559325004974e-03
2.102335104509556706e-03
2.107971724652598928e-03
2.099687270038497026e-03
2.109017136403421467e-03
2.108590497081148409e-03
2.107491402887660265e-03
2.086765989429044746e-03
2.103247165235959393e-03
2.103641040954029508e-03
2.099702923949529464e-03
2.108150590519210395e-03
2.106462325782449112e-03
2.100536112782243250e-03
2.117730679519409884e-03
2.094267665646665742e-03
2.102009873881853334e-03
2.105512205297030599e-03
2.109211868587871925e-03
2.107710200366447444e-03
2.106720673744950749e-03
2.108846986400014778e-03
2.114843524379222701e-03
2.104862531818731293e-03
2.114369419562773036e-03
2.098190323469947653e-03
2.103047014792218481e-03
2.112820111997597023e-03
2.101139218581898373e-03
2.113223129579961355e-03
2.098528229171556844e-03
2.111856181613306922e-03
2.109508498434336729e-03
2.103531777929220671e-03
2.103745413456373486e-03
2.100877739900535064e-03
2.102809985669602984e-03
2.112830787965249476e-03
2.100704033777967949e-03
2.108963698911250212e-03
2.096678609817299345e-03
2.102494355561353688e-03
2.096584301365256395e-03
2.097988999082510148e-03
2.103467770455213874e-03
2.099115789885383151e-03
2.104887203531866004e-03
2.099755650101136142e-03
2.097415546173653656e-03
2.104020532279154629e-03
2.097065056325178849e-03
2.105079363357882562e-03
2.105522635267049331e-03
2.098217911234669629e-03
2.103979383003851469e-03
2.103465851706173579e-03
2.106881666947761460e-03
1.335402299014709637e-02
2.106067774103462416e-03
2.106026176685162586e-03
2.104898785665290217e-03
2.105946324896077523e-03
2.112080881590611831e-03
2.097383639196412786e-03
2.107180551267412959e-03
2.095262618436557252e-03
2.105752203963182079e-03
2.113275110795211076e-03
2.111407207485565228e-03
2.109759712699746121e-03
2.109758658651844643e-03
2.101113522529149229e-03
2.098483640421283658e-03
2.105372469507137481e-03
2.104294269506533019e-03
2.110234003928594324e-03
2.103278950552853969e-03
2.109222236540325094e-03
2.107365928499665975e-03
2.113853107795148414e-03
2.107678968570741388e-03
2.098271197821803720e-03
2.106625250588599341e-03
2.106213137120046229e-03
2.113908595550170657e-03
2.097655171283524175e-03
2.112647499960894348e-03
2.105284155859993983e-03
2.102083877532882547e-03
2.099098087891970808e-03
2.105264101987068884e-03
2.097029691429217954e-03
2.110738963958301660e-03
2.112119149525253266e-03
2.105525275048601534e-03
2.095030663874174279e-03
2.107825289216454841e-03
2.102504358856407095e-03
2.106326984843624565e-03
2.113039560544190208e-03
2.100004195014169676e-03
2.102083917536583420e-03
2.109853569931013917e-03
2.110262399336591040e-03
2.110829096114084837e-03
2.103512263245183121e-03
2.097294290852008258e-03
2.106352567427181334e-03
2.099919556281991829e-03
2.104781725682617743e-03
2.100176721892330241e-03
2.115263543641418813e-03
2.099192411539052127e-03
2.096016793419104313e-03
2.105361986823343998e-03
2.099541994766943205e-03
2.121030281879978004e-03
2.106118279068152407e-03
2.113335879299876006e-03
2.100080432286964300e-03
2.097134565395173018e-03
2.109766055085263940e-03
2.099354032942822839e-03
2.095735761734287238e-03
2.105656574950909386e-03
2.101826930327817169e-03
2.103270154711613712e-03
2.096635482723060214e-03
2.103523771866345517e-03
2.104020532279154629e-03
2.102622038835732544e-03
2.103729840819091798e-03
2.106132189929688005e-03
2.108708978274604056e-03
2.111001021746795273e-03
2.101785291035924638e-03
2.103399860527379976e-03
2.106342641998203060e-03
2.099931272560828267e-03
2.100325288484300792e-03
2.112558130051658302e-03
2.110439633224716997e-03
2.102963779859621119e-03
2.097600352885732600e-03
2.108872385396816807e-03
2.107960620228468279e-03
2.103119542304062849e-03
2.102483003077888248e-03
2.107939003200050981e-03
2.096584613195791747e-03
2.112805821179778408e-03
2.098059564127266810e-03
2.103973637749374445e-03
2.112537664678155232e-03
2.098737819800540645e-03
2.106211917790819232e-03
2.108269125851820573e-03
2.105625739153024235e-03
2.105593542997955415e-03
2.106929668802480417e-03
2.101065853513817833e-03
2.110986138429781552e-03
2.102302927831164233e-03
2.108093635468232842e-03
2.108284759225978727e-03
2.105311915731140557e-03
2.113965891717018569e-03
2.106988547378983896e-03
2.098358535272972902e-03
2.105351102873053923e-03
2.103176308502097570e-03
2.100080288731301283e-03
2.107144859123027524e-03
2.107777230412126793e-03
2.105842311943861497e-03
2.109859238173774493e-03
2.102238119134256476e-03
2.106380870635705602e-03
2.107948504584701826e-03
2.096759732625207585e-03
2.102441455703908668e-03
2.119511099295221922e-03
2.110732104358757025e-03
2.109477378030897611e-03
2.106052967479717184e-03
2.105276403181840887e-03
2.107438880207230993e-03
2.107088399034878941e-03
2.100636895599219695e-03
2.103467593331234328e-03
2.099382057321245304e-03
2.106856465056169622e-03
2.109012562275495647e-03
2.101682785195381053e-03
2.105273888346901635e-03
2.106421735348542289e-03
2.098104496582738412e-03
2.096665911099192779e-03
2.103144199239804276e-03
2.100202559117688144e-03
2.100770000765953341e-03
2.111395826579497842e-03
2.109021173333356335e-03
2.103909786311942368e-03
2.097799247826525378e-03
2.102278942015194975e-03
2.106400346566391496e-03
2.099516066394874897e-03
2.109777239188926224e-03
2.108249370061350894e-03
2.122291983736266600e-03
2.109082170808498392e-03
2.115171222694519401e-03
2.099228600164120516e-03
2.106448677966765975e-03
2.100876809655152170e-03
2.105226097731687732e-03
2.098960605877739014e-03
2.112925632263751210e-03
2.104811179724218849e-03
2.105838483420120408e-03
2.106144715223973694e-03
2.099363126261574036e-03
2.111394978661683755e-03
2.100963219691901352e-03
2.109038302490873640e-03
2.104995512142351227e-03
2.101800125173608046e-03
2.106283065498902336e-03
2.099644407072907403e-03
2.100650028518734162e-03
2.104527140691152438e-03
2.111878500989274130e-03
2.098182184178329791e-03
2.110628879173225784e-03
2.097425677027780176e-03
2.101660353095635616e-03
2.099235446870344624e-03
2.109531402420945952e-03
2.099109356565789959e-03
2.100139980304055812e-03
2.105843487674729630e-03
2.104871691955997621e-03
2.104304052566951643e-03
2.105942207666282578e-03
2.114182248763440009e-03
2.108446229980349799e-03
2.110385997588030190e-03
2.097926600775147470e-03
2.112467879369999378e-03
2.115102783592761205e-03
2.105851822725661633e-03
2.098855843899708959e-03
2.106231645413566417e-03
2.105436394845474485e-03
2.108721624688864472e-03
2.099531715809481967e-03
2.108493621124460805e-03
2.108138016404735929e-03
2.105598607162710925e-03
2.098316734048779903e-03
2.104433371828308766e-03
2.097050399893553210e-03
2.111371059182712891e-03
2.100816456106515111e-03
2.106373845701001342e-03
2.110450149008586546e-03
2.112384997137211912e-03
2.100778077610315937e-03
2.098069125040193626e-03
2.106884844443751310e-03
2.116483453221394175e-03
2.107378121773713538e-03
2.106862236430224935e-03
2.110348701479544762e-03
2.111664487846034478e-03
2.110658799276315337e-03
2.104739278285815401e-03
2.098455105759176528e-03
2.111979090095395927e-03
2.112474956527568993e-03
2.106717071484319470e-03
2.112839815114481590e-03
2.109984386170851451e-03
2.098104057802605959e-03
2.110296241975262097e-03
2.105676710087392000e-03
2.097695177322093756e-03
2.112581725420595649e-03
2.099976605155195845e-03
2.108861509037370918e-03
2.106478463052063876e-03
2.111647941872213385e-03
2.102918908557147547e-03
2.097477356323204385e-03
2.108791280617547045e-03
2.098348178787896260e-03
2.105979635606485423e-03
2.099952249198324718e-03
2.111155750359347983e-03
2.103836382346821292e-03
2.099325871324865967e-03
2.104058255539294816e-03
2.106393344008554956e-03
2.100856123945594577e-03
2.104217396685689745e-03
2.112577475144228247e-03
2.106427553007184008e-03
2.105670695333003006e-03
2.101504048991733979e-03
2.113674594040358418e-03
2.105761639635791646e-03
2.099477475623271871e-03
2.112553210033687578e-03
2.105776666436008117e-03
2.106454607560706831e-03
2.105276403181840887e-03
2.110104029790955092e-03
2.107605537621066397e-03
2.111541896443548064e-03
2.110166850930973378e-03
2.098794242176254925e-03
2.100907101373981206e-03
2.105228316982581463e-03
2.104678986629489063e-03
2.105627472048455118e-03
2.106010317327767101e-03
2.107773526825253412e-03
2.115308879531380658e-03
2.103278099032544843e-03
2.104680308541718482e-03
2.099157600398612270e-03
2.102520847874541493e-03
2.112503044809625145e-03
2.103584932811514586e-03
2.107365695263224530e-03
2.113898763604414414e-03
2.110299786271948533e-03
2.103301712876720457e-03
2.108637044006112567e-03
2.102231726460619936e-03
2.111765717049483414e-03
2.105089684144753094e-03
2.104180888927166451e-03
2.111141346835237152e-03
2.096169814232925598e-03
2.100343678218804210e-03
2.111887324408512866e-03
2.105056788093952191e-03
2.110594761035512745e-03
2.110452911349638624e-03
2.100469081581760218e-03
2.114935202313161962e-03
2.104010097122813606e-03
2.104534940251910104e-03
2.112352601758418335e-03
2.107251676321988954e-03
2.112924379891852316e-03
2.108067314099235697e-03
2.109955958890522270e-03
2.111514995874903475e-03
2.097190455419234954e-03
