9.807379643015329274e-01
9.821774687837590001e-01
9.821858391089637319e-01
9.821718314935095062e-01
9.821827059449743658e-01
9.821784061891805084e-01
9.821815402594522570e-01
9.821676517102305715e-01
9.821812018838569358e-01
9.807547064988071384e-01
9.821711863356952232e-01
0.000000000000000000e+00
4.781932591638070329e-02
9.821716398287118066e-01
4.783563784248967554e-02
4.782857563220763164e-02
9.821800176157359230e-01
9.821752233296620060e-01
9.821740618977419235e-01
9.821810725276928222e-01
9.821819980353062585e-01
9.821707417971664578e-01
9.821865074421458619e-01
4.781359107287681126e-02
4.782794544435012285e-02
4.782809804832532929e-02
9.821765760646835597e-01
4.782611314795206375e-02
9.821787888545463474e-01
9.821731322822390142e-01
9.821864080138306141e-01
9.821968930187908731e-01
4.782442571220481969e-02
9.821786336855851118e-01
4.782770952770906692e-02
9.821800971674430336e-01
9.821864685900255632e-01
9.807565348641432701e-01
4.782722572967716690e-02
4.780874246550748802e-02
4.572798197317502478e-01
4.782088927412341678e-02
9.821746885425763907e-01
9.821732894223380583e-01
4.783236685345689659e-02
9.821711142001532391e-01
4.781353062494449191e-02
9.821827266277576296e-01
9.821792814883373302e-01
4.783210095727137567e-02
9.821772483542383636e-01
4.783340304891042088e-02
9.523964122310021874e-02
9.821865255377628667e-01
0.000000000000000000e+00
9.821758544165978266e-01
9.821729653377826441e-01
9.821856427746353813e-01
4.782544397409760339e-02
9.821761686499380639e-01
9.821842556251335621e-01
9.821908051462217015e-01
9.154929821001126511e-01
9.821745384334951146e-01
4.778646225300448719e-02
9.821726338518402821e-01
9.821411104459100150e-01
9.821668225518597195e-01
9.821817218680140016e-01
4.780743997273981249e-02
0.000000000000000000e+00
9.821796371953982474e-01
9.821758854076896306e-01
9.821746911176240102e-01
4.783389049387850450e-02
9.821773669902209569e-01
9.821851160799826008e-01
4.782630881952579932e-02
4.573139831067714045e-01
4.783363277859005447e-02
9.821881341759053363e-01
9.821764411447725385e-01
4.782405707417484303e-02
4.781562463642875099e-02
4.784020145428856396e-02
9.821745170918818602e-01
9.821802085542065130e-01
0.000000000000000000e+00
9.821868057472231683e-01
4.782999858187480385e-02
9.821763565875676338e-01
9.821784713666419364e-01
9.821803081771979249e-01
4.782891080356384272e-02
4.783194173967307561e-02
0.000000000000000000e+00
4.783015265243090869e-02
9.821734204563589143e-01
9.821881216332886133e-01
4.783840609673607747e-02
9.821717632477738880e-01
9.821765661250790869e-01
9.821875682519415340e-01
9.821810423003313195e-01
4.781735598485208072e-02
9.821800651290593098e-01
9.821762466443834105e-01
9.821886001706721103e-01
4.782738968710328886e-02
9.821782302734848313e-01
4.780824187306970119e-02
4.783249220594738838e-02
4.783418507046480889e-02
9.821747634103501490e-01
9.821813441749661644e-01
9.821800347739917392e-01
4.781857052199572217e-02
4.783184145924875702e-02
9.821805090544253325e-01
4.783318769098618417e-02
4.782953309078410986e-02
9.821705689622625135e-01
9.821746888247151475e-01
9.821771299806744127e-01
4.782662486361904941e-02
4.782037589322710863e-02
9.821808672441687538e-01
9.821970034440027364e-01
9.821821304181339585e-01
9.821756938135876025e-01
4.784120451368784749e-02
4.781997166362471352e-02
9.821742440426356469e-01
4.782666817089098465e-02
9.821802150454286284e-01
9.821792972376364173e-01
9.821789347461867825e-01
4.782527151373912322e-02
9.821842515298357945e-01
9.821804221684108382e-01
4.782902707084767113e-02
9.821712056410178970e-01
4.782929097974621818e-02
4.782750424162305475e-02
9.821827675765359977e-01
9.821855405079986667e-01
9.821855144919710012e-01
9.155064341288359220e-01
9.821761049391694032e-01
4.781850320499267393e-02
1.557813238433667369e-01
4.783086747420033785e-02
4.781110482930259892e-02
9.821745804796997437e-01
9.821813990079816259e-01
9.821702184820213510e-01
4.782385107203807051e-02
9.821786083326966565e-01
9.154552607543133824e-01
9.821723873688317230e-01
9.821775950440305714e-01
9.821775490884403492e-01
9.821733396029856955e-01
9.821820281346999026e-01
4.781711333559498373e-02
9.821795763552371161e-01
9.821768489350233278e-01
4.783717544538452354e-02
9.821823422361709577e-01
9.821692381943082362e-01
9.821758721077312737e-01
9.821778449016651535e-01
4.782676552568659173e-02
9.821713030333828476e-01
4.783011400492328397e-02
9.821845206478214685e-01
9.000197407036185648e-01
9.821799805082603863e-01
4.781556707398640360e-02
9.821848483493508253e-01
4.779732931389640838e-02
9.821830929773103236e-01
9.821728506956580729e-01
9.821794752855788069e-01
9.154857884963678583e-01
9.821878163953574603e-01
9.821781879818940464e-01
9.821790452099466995e-01
9.821842556242761368e-01
4.781264798874834687e-02
4.783326547301818693e-02
4.781916086047861142e-02
9.821785069436450577e-01
9.821811787356103940e-01
9.821720559382429716e-01
9.821744600002182413e-01
9.821718520544044928e-01
9.821742805627374784e-01
9.821751837507364247e-01
4.782986515940165079e-02
9.821733627234227049e-01
9.821779117061268938e-01
9.821734204302446924e-01
9.821706132472826090e-01
9.821817063536949499e-01
9.821843449171724361e-01
9.821894060707625496e-01
9.821825538181844228e-01
9.821764716126254458e-01
9.821739240253481995e-01
9.821803755121215618e-01
9.821813168667326011e-01
9.707124576634967861e-01
9.821775910277510402e-01
9.821833961324345497e-01
9.821824582275696658e-01
9.821755217544526628e-01
9.821925278305873031e-01
9.821813730658025543e-01
9.821863749746435612e-01
9.821764557476715396e-01
9.821801145496795726e-01
9.821749232814990238e-01
4.782428293607020320e-02
9.821730573778797435e-01
9.821852784833968730e-01
9.821717748808160842e-01
9.821712137435478773e-01
9.821726204715732766e-01
9.821871251533564884e-01
4.781630732317158905e-02
4.782676048820926756e-02
9.821717282136607219e-01
4.782833269020464462e-02
9.155211359854253939e-01
9.821842886146224805e-01
9.821727274551079745e-01
0.000000000000000000e+00
9.821810983479807300e-01
9.821700474027865724e-01
9.821837106213264779e-01
9.821695601916958784e-01
9.822385929007272365e-01
9.821709265894285057e-01
9.821768394787901979e-01
9.821799920521459004e-01
4.783401139969825633e-02
9.821762391478648935e-01
9.807564412086219319e-01
9.821746419420459562e-01
9.821835934475040553e-01
9.821755802725348206e-01
9.821720591647419285e-01
4.782629112419617412e-02
9.821759193164383284e-01
4.783091852875392264e-02
9.821755012615215330e-01
9.821838727220385534e-01
9.821783778748515159e-01
9.821752959202516564e-01
9.821754243653291194e-01
9.821690737245684089e-01
4.781813519851899064e-02
9.821813205835032701e-01
9.821849808701003104e-01
4.782467416989458209e-02
9.821800678632498505e-01
9.821703613575504255e-01
9.821735987297721682e-01
9.821759006798256308e-01
4.782343214314296875e-02
9.821801348991718861e-01
9.807474521880470419e-01
9.821741057403604591e-01
9.821771815469613198e-01
9.821781271155840543e-01
9.821776743304397872e-01
9.821819878458363240e-01
9.821778644266984104e-01
9.821800724895050072e-01
9.821780338029973967e-01
9.821797608875942887e-01
4.783072923125744613e-02
9.821734691175276755e-01
9.821840328657001074e-01
4.783597348305392016e-02
4.781992434548706233e-02
9.821816866234821530e-01
9.821826420053297868e-01
9.821838712041255359e-01
9.821801499782374378e-01
4.783006987554556944e-02
9.821822202009143910e-01
4.782821196102748917e-02
9.807653606845406768e-01
4.782346576159358237e-02
9.821842958082451780e-01
9.821745684051770287e-01
9.821799712059288145e-01
0.000000000000000000e+00
4.782541602806322095e-02
9.144325509250746942e-01
0.000000000000000000e+00
9.821751887715913787e-01
9.821795091689057289e-01
9.821755258887976403e-01
9.821861288295342662e-01
9.821784023093182991e-01
9.821722788779576607e-01
9.821790024236319860e-01
4.573060339237846605e-01
4.781681977883691509e-02
9.821794981856427631e-01
4.781595258630645662e-02
9.524170993026152832e-02
9.821774564174033939e-01
4.782664201163541740e-02
9.821839689907797544e-01
9.821834720279510877e-01
4.783607961969436884e-02
4.783345500610950568e-02
9.821856246617018948e-01
9.821816813926979028e-01
9.821706716302789353e-01
9.821824292376759580e-01
9.821752548891283796e-01
9.821830224433769629e-01
9.154855831324133497e-01
4.781834866149003993e-02
4.781672874707606352e-02
9.821819500014490334e-01
0.000000000000000000e+00
9.821754647936246085e-01
9.821839132505379988e-01
9.821750645005384861e-01
9.821716288850814713e-01
9.821793258859908837e-01
4.782979435473001806e-02
9.821800044774686711e-01
9.821808227052392093e-01
9.821816744750667683e-01
9.821815718628448266e-01
9.821722405835792147e-01
9.821721771294611436e-01
9.821864114381956279e-01
9.821767389809243909e-01
9.821873427096874387e-01
9.822036279634756006e-01
4.782872858265591054e-02
9.821778083596899300e-01
9.154993780328487540e-01
9.821746941353483029e-01
9.821787347090841225e-01
9.821794756111735802e-01
4.785694552340308272e-02
9.821769522645678041e-01
9.821705910197141565e-01
9.821785591198448628e-01
9.821784972857084961e-01
4.783284616904114744e-02
9.821943224307663201e-01
9.821921617483572176e-01
9.821853832553295582e-01
4.572934199277307044e-01
4.782540528199878682e-02
4.782490989001516452e-02
9.821743031742639074e-01
9.821926158344408408e-01
4.783166939740000900e-02
9.821794670814819606e-01
9.821780583521636521e-01
9.821782851780000989e-01
4.782852708818108312e-02
9.821741422017102874e-01
9.979680076215329265e-01
9.821776653940469393e-01
9.821828477727981843e-01
9.821824371121784525e-01
9.821833530213751606e-01
4.782921732334663445e-02
9.821717469352699847e-01
4.784028594991703021e-02
4.782666367389921958e-02
8.846095028112059833e-01
9.821835337805286947e-01
0.000000000000000000e+00
0.000000000000000000e+00
9.807316134153232223e-01
4.781343588792855148e-02
9.821790360744137027e-01
9.821721295935292861e-01
9.821799639576382912e-01
4.781152858879381129e-02
4.782742915950117385e-02
9.807634985669461125e-01
4.782394298081807382e-02
9.821819150714631297e-01
9.821798684455653738e-01
9.821815181315588505e-01
9.821885905801618355e-01
9.821890744291176256e-01
4.782459681162364029e-02
4.783128715288053473e-02
6.169529019126693825e-01
4.783548260927136114e-02
9.821800651290593098e-01
4.783666716920040307e-02
4.782779202257019663e-02
9.821709069960294913e-01
9.154955341958590509e-01
9.480901912782411234e-01
9.821832502054730352e-01
9.821713100540191421e-01
9.821834442230156226e-01
4.782296398362851503e-02
4.781865350030101852e-02
9.821738659044145781e-01
4.782676538412503064e-02
9.821747844736388178e-01
4.782471117410651978e-02
9.821830144117906780e-01
9.821732186625853345e-01
0.000000000000000000e+00
4.782362627755103873e-02
1.501323536257949919e-02
4.782274929267706087e-02
9.821772082898216905e-01
9.821841301866890417e-01
9.821931553401933579e-01
9.821871017772086931e-01
9.154848688735717221e-01
9.821819659243576917e-01
9.821802925731832890e-01
9.821757810391767984e-01
9.821751143087593672e-01
