3.722447897794643745e-02
9.605081744140410160e-01
9.605115676524877966e-01
3.723666392369302802e-02
9.605165826343421420e-01
9.605139237162370058e-01
3.723292576719590408e-02
3.723429847511861707e-02
3.722399293140920412e-02
9.605099445887634868e-01
3.723619465070152068e-02
9.605100677832574263e-01
3.723227610317587227e-02
9.605146875836757525e-01
9.605081372248926996e-01
9.605061026658608947e-01
9.605071906609822241e-01
9.605130234755246965e-01
9.605191659794014569e-01
3.722200949261729452e-02
3.722933305979355539e-02
3.723281921507120423e-02
9.605067763464061326e-01
3.723433730413915066e-02
3.722473788154071622e-02
3.722993324705462653e-02
3.722942766455215879e-02
9.605212554429054528e-01
3.722976188713499751e-02
3.722907812861298016e-02
9.605168168844405718e-01
9.605027068157846459e-01
9.605062881224625260e-01
3.722587847398040745e-02
9.605153480788154452e-01
3.722686728393279770e-02
9.605079636372511054e-01
3.723206703518298216e-02
0.000000000000000000e+00
9.605025030753010507e-01
3.722215351065646244e-02
9.605134942584272473e-01
3.723303019052386781e-02
3.721722878050846145e-02
9.605057472880503822e-01
3.722544369303563971e-02
0.000000000000000000e+00
9.605189192054209846e-01
9.605197453851945788e-01
9.605178827494109672e-01
3.722917086290938871e-02
9.605169135566993255e-01
3.723197721544119210e-02
9.605087059032917374e-01
3.722650716008778921e-02
9.605165800455041092e-01
9.605162834294277419e-01
9.605095019726637151e-01
3.722662284811301819e-02
3.723475648609142485e-02
3.723174162071622023e-02
3.722902325898828912e-02
9.605194384112820671e-01
3.722945172415234594e-02
9.605147137141806235e-01
3.723055678638199917e-02
9.605138699153455972e-01
3.723183998695540897e-02
3.723272460541412338e-02
9.605022691711917471e-01
9.605103217017935124e-01
9.605118994569376012e-01
9.605091745265394998e-01
3.722892544345914739e-02
9.605067065179389019e-01
3.723223465397375309e-02
9.605134114470337270e-01
9.605178756635667225e-01
9.605183008686143387e-01
3.723479665056390192e-02
3.722457342398717561e-02
9.605172073236695196e-01
3.723529846553044059e-02
9.605102302369609157e-01
9.605142649453559667e-01
3.722730696868523786e-02
3.723504817786222471e-02
3.723625648365447988e-02
9.605085110608241328e-01
3.723098699063154965e-02
9.605028627330639557e-01
3.723305492968403962e-02
3.723034622299628560e-02
9.605113036743181398e-01
9.605136082376685147e-01
9.133455382968783676e-01
9.605048720792235262e-01
9.605040667318771597e-01
3.722568427049631479e-02
3.723284301560248616e-02
3.723021179880188491e-02
3.723462395200347747e-02
3.723234766631630666e-02
3.722980072727858497e-02
9.605071729607294051e-01
3.722602526464486444e-02
3.722860025295627456e-02
3.723182581627880461e-02
3.723022958456920911e-02
3.723639574358906384e-02
9.605156464932357308e-01
3.723025546628069837e-02
3.722372938139589804e-02
3.723262060180392019e-02
3.723399202829421467e-02
3.721782113560066774e-02
3.722745718298749867e-02
3.722753960319726690e-02
3.722250602825086935e-02
9.605153882463801640e-01
9.605068841612606212e-01
9.604971932263209888e-01
9.605195141185710606e-01
3.723053073453960055e-02
3.722691201251212417e-02
9.605142679928320160e-01
3.722940120671913711e-02
3.722985743018607935e-02
3.722454092885299493e-02
0.000000000000000000e+00
0.000000000000000000e+00
3.722704649750097072e-02
3.722948510548933221e-02
9.605167497935992449e-01
3.722693737764478511e-02
9.605170535833755796e-01
9.605081731015735480e-01
9.605174582609659062e-01
9.605076637214087221e-01
3.723434015106844019e-02
3.722674011572309205e-02
9.605112854574962000e-01
3.722463010534420025e-02
9.605153480788154452e-01
9.605349744398181677e-01
9.605068803929887045e-01
9.605032852085821915e-01
3.721912910781600969e-02
9.605119542778459696e-01
3.722756269208198771e-02
9.605095532534565494e-01
9.605126259831175961e-01
9.605318994418984291e-01
3.721026373858147412e-02
9.605155027951820523e-01
9.605083582958569011e-01
3.722205885844576123e-02
3.722728838056858780e-02
9.605151140980241475e-01
3.723036110412634991e-02
9.605062818155792881e-01
9.605064485348675518e-01
3.722522684732812448e-02
9.605126897823988985e-01
9.605074495463420403e-01
9.605028418909187238e-01
3.723790905540788621e-02
3.721821471246469781e-02
3.722502521294973610e-02
3.723339917675024674e-02
9.605130713172733703e-01
9.605106537965586444e-01
3.723136000473308699e-02
3.723256584847160072e-02
9.605055801874563537e-01
3.722425061447354189e-02
9.605057455070965533e-01
3.722806526215888950e-02
3.723626990771114476e-02
3.722613347002417389e-02
9.605179067732629861e-01
3.722816848336202300e-02
3.723074980488162017e-02
9.605194607645030080e-01
3.722704520015170104e-02
9.605170915710232737e-01
3.722808798440342681e-02
3.723566246045012518e-02
9.605027822413977345e-01
3.723553349261830153e-02
9.605109606843056369e-01
3.723119994428611412e-02
9.605058332406241073e-01
3.723122264439241574e-02
9.605164899593442440e-01
3.723335323078962034e-02
3.721888247031385211e-02
3.722777921063088330e-02
3.723216145250029391e-02
9.605136086081995650e-01
9.605188860940245821e-01
3.722911930734395386e-02
9.605094145179686738e-01
9.605078345884323632e-01
9.605193208147496664e-01
9.605048458594261929e-01
9.605104289900541215e-01
9.605157930546206480e-01
9.605175684019169324e-01
3.723201466202863408e-02
3.722724354228355154e-02
3.722859344266470777e-02
9.605040311561199307e-01
3.723576090550582973e-02
9.605103657829550112e-01
9.605079185416218746e-01
9.605102826162106311e-01
9.605167219739256801e-01
3.722391997394759733e-02
3.722278761488007071e-02
9.605249478528514739e-01
9.605184939828388391e-01
3.723831728852940171e-02
9.605184853263364353e-01
3.722936762327374444e-02
9.605087388883918331e-01
9.605092831821069321e-01
3.722134815494764631e-02
9.605062531426939998e-01
3.722798901570781999e-02
3.723231589816374670e-02
3.721541832422972651e-02
3.722448753985768688e-02
3.722533274723179020e-02
9.605066728269907594e-01
9.605093240241672214e-01
9.605173138888944973e-01
3.723464753815482892e-02
9.605056218437225679e-01
3.722908440597005875e-02
3.722522567181197478e-02
3.723022681583987303e-02
9.605153270903762364e-01
9.605057042629365771e-01
9.605172609181632515e-01
9.605046168120234817e-01
3.723523101593117363e-02
9.605038243688930333e-01
3.723034130834693839e-02
3.719375468995579637e-02
0.000000000000000000e+00
3.722709208477354564e-02
3.722913940923468223e-02
9.605198874683723576e-01
3.722959438808689375e-02
9.605123011007830058e-01
3.722493538347940167e-02
9.605034788161225245e-01
3.722638896253285812e-02
3.722560871502456070e-02
3.723250849295785952e-02
3.722693034727959926e-02
9.605162540138516558e-01
9.605030197915954693e-01
9.605161980299714575e-01
3.722439239131842409e-02
9.605205299129935259e-01
9.605009286441470451e-01
9.605026088262365036e-01
3.722560788390539416e-02
9.605113333601287273e-01
9.605056648516461237e-01
3.722889198923945431e-02
9.605129257254442221e-01
9.605030929604805312e-01
9.605077649826998520e-01
3.722923495118633103e-02
3.722805793902207727e-02
9.605019440434303668e-01
3.723362128539991350e-02
9.605091542208143984e-01
3.723276042300825706e-02
9.605101179183439530e-01
9.605023682507004557e-01
3.722887277098618775e-02
9.605015104465305376e-01
9.605048014257090427e-01
9.605119280938526627e-01
9.604923028902930815e-01
9.605156857538449389e-01
9.605031758922316643e-01
3.721763942726664248e-02
9.605048752491009978e-01
3.723765972828588233e-02
3.722591818991297791e-02
3.722958532665329723e-02
0.000000000000000000e+00
9.605057937976834159e-01
9.605196440571756034e-01
3.722607772532837006e-02
3.723574217354353594e-02
3.723947445658190580e-02
3.723243622988990642e-02
3.723537747588055030e-02
3.724004655029717475e-02
3.722869964321674774e-02
3.722651259397923712e-02
9.605040869735870235e-01
3.722641065495109480e-02
3.722718627401831043e-02
3.722752508839499014e-02
3.722945598864061539e-02
9.605080715492779753e-01
3.723130029556345755e-02
3.722907720202202342e-02
3.723336207032089396e-02
3.722743621893268018e-02
3.722506141036521082e-02
3.722765952785913462e-02
3.722729648653055196e-02
3.723366952416184289e-02
3.723698893140403587e-02
3.722885552019472577e-02
9.605158975701514334e-01
3.723494128785335283e-02
3.723018649632700572e-02
9.605100418663223838e-01
9.605142644258635176e-01
3.723355805489005771e-02
9.605145896825986185e-01
3.722865456854520388e-02
9.605138340035583866e-01
3.723324517391447125e-02
9.605125842385250357e-01
9.605121148037576440e-01
3.722864918172909959e-02
9.605141108808018524e-01
3.722903686564557613e-02
3.722787331574482078e-02
9.605062841519824701e-01
3.723867990613736328e-02
3.722970692582369678e-02
9.605103274514894540e-01
9.605183728640498408e-01
9.605065039500517710e-01
9.605045139029460000e-01
9.605168378086482717e-01
9.605144937445947440e-01
3.722798581789286271e-02
9.605138952920464490e-01
9.605161618940608603e-01
9.605153355069229182e-01
9.605156647949540938e-01
9.605293115242796720e-01
9.605086825140137785e-01
3.722542953436683288e-02
9.604951379434236713e-01
3.722398478031648666e-02
9.605086087763659020e-01
3.722810408635803675e-02
3.723343737220819599e-02
3.722981974866781951e-02
9.605298585738419881e-01
3.722450090730713285e-02
9.605049764970871040e-01
3.722804932430882202e-02
3.723871715955704570e-02
3.722849469537523048e-02
9.605120038006542682e-01
3.722326521096076118e-02
3.720981032868408284e-02
9.605202124511179607e-01
3.723358461447294487e-02
3.723080359918122528e-02
3.722643466655189970e-02
9.605046156954546444e-01
3.723087686713408978e-02
3.722600631539483423e-02
3.723118179936233535e-02
9.605135257560298845e-01
9.605074663002737267e-01
9.605104636165024967e-01
9.605067276451626501e-01
3.723094314295443547e-02
9.605171298058267082e-01
9.605074417234074069e-01
3.722547830569485072e-02
3.722888313213588291e-02
9.605133334743661822e-01
9.605109819238978330e-01
3.721862767138939959e-02
3.723072551258727048e-02
9.605117745790554551e-01
3.724804196390579802e-02
3.723639944728690532e-02
9.605059916939543418e-01
3.722774132242424872e-02
3.722999923456186272e-02
3.723205454418886118e-02
9.605141445573882608e-01
3.722365909796472583e-02
9.605163491145478627e-01
3.722370256744919614e-02
9.605184377548587893e-01
9.605045866194577009e-01
9.605109256383506100e-01
3.723243588870592952e-02
9.605086686943080654e-01
3.722910241469719328e-02
9.605166547648527064e-01
9.605072227081253855e-01
0.000000000000000000e+00
9.605052796487921762e-01
3.723089026534333323e-02
9.605190904328972934e-01
3.723260219846116770e-02
3.722910440956399281e-02
3.723755259844383630e-02
3.722165768140158620e-02
9.605065604301744608e-01
3.722937679114773218e-02
9.605152211187669709e-01
3.723030590560579695e-02
9.605153361512028809e-01
3.722372673119248021e-02
9.605105385255282568e-01
3.723332713544414557e-02
9.605078071694430619e-01
3.723093305150778493e-02
3.722993644594867896e-02
9.605146346863417950e-01
9.605152682988978841e-01
3.722877386437439817e-02
3.723096647927005842e-02
0.000000000000000000e+00
9.605149718602226105e-01
9.605148218691755835e-01
9.605041063281253289e-01
9.605091072926109641e-01
3.722687322396733833e-02
