0.000000000000000000e+00
9.984453622424355190e-01
0.000000000000000000e+00
9.984394360694930359e-01
0.000000000000000000e+00
9.984367400478384447e-01
0.000000000000000000e+00
0.000000000000000000e+00
9.984358567497148007e-01
9.984472373762210973e-01
9.984388831270752940e-01
9.984347841658295364e-01
0.000000000000000000e+00
0.000000000000000000e+00
0.000000000000000000e+00
9.984434137275215448e-01
0.000000000000000000e+00
0.000000000000000000e+00
0.000000000000000000e+00
0.000000000000000000e+00
0.000000000000000000e+00
0.000000000000000000e+00
0.000000000000000000e+00
9.984386408199736884e-01
0.000000000000000000e+00
0.000000000000000000e+00
9.984282280162080081e-01
0.000000000000000000e+00
0.000000000000000000e+00
0.000000000000000000e+00
0.000000000000000000e+00
0.000000000000000000e+00
0.000000000000000000e+00
9.984442547708503035e-01
0.000000000000000000e+00
0.000000000000000000e+00
9.984297642731247979e-01
0.000000000000000000e+00
0.000000000000000000e+00
9.984407923322191625e-01
9.984325172516105296e-01
0.000000000000000000e+00
0.000000000000000000e+00
9.984353915944114144e-01
9.984306697772887818e-01
0.000000000000000000e+00
0.000000000000000000e+00
0.000000000000000000e+00
9.984356726301192309e-01
9.984424686753432532e-01
0.000000000000000000e+00
0.000000000000000000e+00
9.984386408549701386e-01
9.984364796635604167e-01
9.984292993206845823e-01
0.000000000000000000e+00
0.000000000000000000e+00
9.984465017758221705e-01
0.000000000000000000e+00
0.000000000000000000e+00
0.000000000000000000e+00
9.984367021049858071e-01
9.984388567312074692e-01
0.000000000000000000e+00
0.000000000000000000e+00
0.000000000000000000e+00
0.000000000000000000e+00
9.984369046373360312e-01
0.000000000000000000e+00
9.984329154181638133e-01
9.984344908162382515e-01
0.000000000000000000e+00
9.984435250108698590e-01
0.000000000000000000e+00
9.984370601626817443e-01
9.984469003568722245e-01
0.000000000000000000e+00
0.000000000000000000e+00
9.984361638387094784e-01
0.000000000000000000e+00
9.984323662892682361e-01
0.000000000000000000e+00
0.000000000000000000e+00
0.000000000000000000e+00
0.000000000000000000e+00
9.984313389459174015e-01
9.984355174346966066e-01
0.000000000000000000e+00
0.000000000000000000e+00
0.000000000000000000e+00
9.984481429560213561e-01
9.984384401752359750e-01
0.000000000000000000e+00
0.000000000000000000e+00
0.000000000000000000e+00
9.984352735729362660e-01
0.000000000000000000e+00
0.000000000000000000e+00
0.000000000000000000e+00
0.000000000000000000e+00
0.000000000000000000e+00
9.984351717181441099e-01
9.984331677375838376e-01
9.984309459176760049e-01
9.984410944346873151e-01
9.984458727815039847e-01
0.000000000000000000e+00
0.000000000000000000e+00
9.984334649661649186e-01
9.984332482656844698e-01
0.000000000000000000e+00
0.000000000000000000e+00
9.984364969524937017e-01
9.984296792281821542e-01
0.000000000000000000e+00
0.000000000000000000e+00
9.984289899014116010e-01
9.984219020872793227e-01
0.000000000000000000e+00
9.984386329662259252e-01
0.000000000000000000e+00
0.000000000000000000e+00
9.984462575345536273e-01
9.984326368564788723e-01
0.000000000000000000e+00
9.984422412594140539e-01
0.000000000000000000e+00
9.984417092987079023e-01
9.984457954147775149e-01
0.000000000000000000e+00
0.000000000000000000e+00
9.984373780044613067e-01
0.000000000000000000e+00
0.000000000000000000e+00
0.000000000000000000e+00
0.000000000000000000e+00
0.000000000000000000e+00
9.984395469909396192e-01
9.984245732536750628e-01
9.984385794132912828e-01
9.984349047257862209e-01
0.000000000000000000e+00
9.984397036554534255e-01
0.000000000000000000e+00
0.000000000000000000e+00
0.000000000000000000e+00
9.984337852385751777e-01
0.000000000000000000e+00
0.000000000000000000e+00
9.984352161760647881e-01
0.000000000000000000e+00
0.000000000000000000e+00
0.000000000000000000e+00
9.984450748024231714e-01
9.984444896592230556e-01
9.984358841035344545e-01
9.984403550280531725e-01
0.000000000000000000e+00
0.000000000000000000e+00
9.984407339807995774e-01
0.000000000000000000e+00
9.984444401594260166e-01
0.000000000000000000e+00
0.000000000000000000e+00
9.984374993870958059e-01
0.000000000000000000e+00
0.000000000000000000e+00
0.000000000000000000e+00
0.000000000000000000e+00
9.984392172879932303e-01
9.984392955888278243e-01
0.000000000000000000e+00
0.000000000000000000e+00
9.984334584844135607e-01
0.000000000000000000e+00
0.000000000000000000e+00
0.000000000000000000e+00
9.984349608602745008e-01
9.984400566918438802e-01
0.000000000000000000e+00
0.000000000000000000e+00
9.984437079798994530e-01
9.984337066889054091e-01
0.000000000000000000e+00
9.984329677522549851e-01
9.984346656309005530e-01
9.984400152812986651e-01
0.000000000000000000e+00
0.000000000000000000e+00
9.984394310627631164e-01
0.000000000000000000e+00
9.984396938131122612e-01
9.984406799462197668e-01
0.000000000000000000e+00
0.000000000000000000e+00
0.000000000000000000e+00
0.000000000000000000e+00
9.984310276997487854e-01
0.000000000000000000e+00
0.000000000000000000e+00
0.000000000000000000e+00
0.000000000000000000e+00
0.000000000000000000e+00
0.000000000000000000e+00
9.984452645758393752e-01
0.000000000000000000e+00
9.984415379820342773e-01
0.000000000000000000e+00
0.000000000000000000e+00
9.984334246252071221e-01
9.984401742380478728e-01
0.000000000000000000e+00
9.984322661425251155e-01
9.984381867237892560e-01
9.984406226911589632e-01
9.984395462565101020e-01
9.984281043836636949e-01
0.000000000000000000e+00
9.984428147387616193e-01
9.984344770912749745e-01
0.000000000000000000e+00
9.984402523276806329e-01
9.984435218826139824e-01
9.984491613258726916e-01
9.984378058837337644e-01
0.000000000000000000e+00
0.000000000000000000e+00
0.000000000000000000e+00
0.000000000000000000e+00
0.000000000000000000e+00
0.000000000000000000e+00
0.000000000000000000e+00
9.984369312599974400e-01
0.000000000000000000e+00
0.000000000000000000e+00
9.984449636922798632e-01
0.000000000000000000e+00
0.000000000000000000e+00
9.984370920164556962e-01
0.000000000000000000e+00
9.984373917167328472e-01
9.948361939113964381e-01
0.000000000000000000e+00
9.984377276731898343e-01
0.000000000000000000e+00
9.984409967867976521e-01
0.000000000000000000e+00
0.000000000000000000e+00
9.984300792690005144e-01
0.000000000000000000e+00
0.000000000000000000e+00
0.000000000000000000e+00
9.984360795259362709e-01
0.000000000000000000e+00
9.984377703058776587e-01
9.984290560845444640e-01
9.984414312243805600e-01
0.000000000000000000e+00
0.000000000000000000e+00
9.984343964789841319e-01
0.000000000000000000e+00
9.984424624337898679e-01
0.000000000000000000e+00
9.984421363643826153e-01
9.984473423844313356e-01
9.984339382960063514e-01
0.000000000000000000e+00
0.000000000000000000e+00
9.984461176508575564e-01
0.000000000000000000e+00
0.000000000000000000e+00
0.000000000000000000e+00
9.984397548896554175e-01
9.984451008348943502e-01
0.000000000000000000e+00
0.000000000000000000e+00
9.984426671760197047e-01
0.000000000000000000e+00
9.984360926461832708e-01
0.000000000000000000e+00
9.984397549905443814e-01
9.984282197894297495e-01
9.984349435407803286e-01
0.000000000000000000e+00
9.984443640527098651e-01
0.000000000000000000e+00
9.984349560249623501e-01
9.984389818194056021e-01
9.984405738417875265e-01
9.984405875256699980e-01
9.984433460732717869e-01
9.984316937429226213e-01
9.984370165096260186e-01
0.000000000000000000e+00
0.000000000000000000e+00
0.000000000000000000e+00
0.000000000000000000e+00
0.000000000000000000e+00
0.000000000000000000e+00
0.000000000000000000e+00
9.984351085389173708e-01
0.000000000000000000e+00
9.984302132115853157e-01
0.000000000000000000e+00
9.984433171054765133e-01
9.984412234723059054e-01
0.000000000000000000e+00
9.984294293229469819e-01
9.984391387029615261e-01
9.984406966057892685e-01
0.000000000000000000e+00
0.000000000000000000e+00
0.000000000000000000e+00
9.984434468711670396e-01
0.000000000000000000e+00
9.984461706400034053e-01
9.984379897665214276e-01
0.000000000000000000e+00
9.984344537893136140e-01
9.984321161887794727e-01
0.000000000000000000e+00
9.984325277590341274e-01
9.984390428191134426e-01
0.000000000000000000e+00
0.000000000000000000e+00
9.984369716767986791e-01
0.000000000000000000e+00
9.984296705199404709e-01
0.000000000000000000e+00
0.000000000000000000e+00
9.984346437338926794e-01
0.000000000000000000e+00
0.000000000000000000e+00
0.000000000000000000e+00
9.984279815095035149e-01
9.984303310291896549e-01
0.000000000000000000e+00
9.984301651413114431e-01
9.984422144438970248e-01
0.000000000000000000e+00
0.000000000000000000e+00
0.000000000000000000e+00
9.984287635977016073e-01
0.000000000000000000e+00
0.000000000000000000e+00
9.984235924169426735e-01
9.984325843787079657e-01
9.984383781861292384e-01
0.000000000000000000e+00
0.000000000000000000e+00
9.984444691518852277e-01
9.984282183732203775e-01
9.984296554056021344e-01
0.000000000000000000e+00
0.000000000000000000e+00
0.000000000000000000e+00
0.000000000000000000e+00
0.000000000000000000e+00
9.984420579018816744e-01
0.000000000000000000e+00
0.000000000000000000e+00
9.984386301255685492e-01
0.000000000000000000e+00
0.000000000000000000e+00
9.984417025430594173e-01
0.000000000000000000e+00
0.000000000000000000e+00
0.000000000000000000e+00
7.469132050149173141e-01
9.984345364052251703e-01
0.000000000000000000e+00
9.984303128386098347e-01
0.000000000000000000e+00
9.984351344883902746e-01
0.000000000000000000e+00
0.000000000000000000e+00
9.984324283565925162e-01
0.000000000000000000e+00
9.984303716251555771e-01
9.984437030753209319e-01
0.000000000000000000e+00
9.984378992158881028e-01
0.000000000000000000e+00
0.000000000000000000e+00
0.000000000000000000e+00
0.000000000000000000e+00
0.000000000000000000e+00
9.984401239001349238e-01
9.984337718695630581e-01
9.984374910431517147e-01
0.000000000000000000e+00
9.984421024459836369e-01
0.000000000000000000e+00
0.000000000000000000e+00
0.000000000000000000e+00
0.000000000000000000e+00
9.984350577458988019e-01
0.000000000000000000e+00
9.984365129695172980e-01
9.984441695807317885e-01
0.000000000000000000e+00
0.000000000000000000e+00
0.000000000000000000e+00
9.984341069788452705e-01
0.000000000000000000e+00
9.984379351428506189e-01
0.000000000000000000e+00
0.000000000000000000e+00
9.984453461243164574e-01
0.000000000000000000e+00
0.000000000000000000e+00
9.984338899104256981e-01
0.000000000000000000e+00
0.000000000000000000e+00
9.984316755414934796e-01
9.984417941916028383e-01
0.000000000000000000e+00
9.984384124722595066e-01
0.000000000000000000e+00
9.984362698731069630e-01
0.000000000000000000e+00
9.984401103237311448e-01
0.000000000000000000e+00
0.000000000000000000e+00
0.000000000000000000e+00
9.984370534547479803e-01
9.984246553622209142e-01
0.000000000000000000e+00
0.000000000000000000e+00
0.000000000000000000e+00
9.984322539749782566e-01
0.000000000000000000e+00
0.000000000000000000e+00
9.984388242206890807e-01
0.000000000000000000e+00
9.984428535965841345e-01
9.984341565220429260e-01
0.000000000000000000e+00
