7.067022016342363600e-01
1.313084560156003999e-02
1.312727089410475022e-02
1.312754626982525451e-02
1.311291571717944186e-02
1.312899405290187012e-02
1.312445232202109034e-02
1.313723092573004618e-02
1.315429989673637390e-02
7.826891471070059891e-01
1.311229766536170342e-02
0.000000000000000000e+00
9.899370176503309304e-01
1.313703858930686044e-02
9.893716267006851250e-01
9.873885206948030957e-01
1.315300842735558744e-02
1.313241100205033741e-02
1.313262643399501668e-02
7.052059547533824635e-02
1.313456206414067955e-02
7.762188219327191552e-02
1.311378617081954308e-02
9.492515772431187049e-01
9.903023238721937460e-01
9.901139176941897713e-01
1.312879392708989762e-02
9.892024923393364366e-01
1.311368761374726022e-02
5.845744587241124418e-02
1.318671722015507183e-02
3.595366371895998558e-02
9.881921879318440460e-01
1.313438215015251022e-02
9.898887338710156136e-01
1.313255417667729893e-02
1.312460590445443595e-02
7.131100123015632342e-01
9.910593554404673045e-01
9.766670042209464331e-01
3.953020727066868314e-03
9.875879837833518859e-01
1.311276472258778025e-02
1.311319726856613466e-02
9.895580558467312882e-01
1.311830217716118858e-02
9.887062441952410019e-01
1.313261072093373401e-02
1.315344964099582348e-02
9.780039862111344906e-01
1.312972865335623567e-02
9.909829863311160336e-01
9.937981614297584088e-01
1.311329449104008116e-02
3.117591984117907833e-01
1.313199850265595221e-02
1.312629113766376060e-02
1.312960005881860792e-02
9.897837610478859016e-01
1.313248906387823843e-02
1.315314366379271779e-02
3.970633743096456392e-02
7.997725779025809112e-02
1.311408951494663633e-02
2.485692382807853408e-03
1.313182503915705408e-02
3.283678003383896371e-01
1.313094390121859363e-02
5.983103403169716394e-02
9.915037607583759849e-01
1.676636058400973045e-02
1.313234547144170351e-02
1.313337605294096974e-02
1.315075560388269220e-02
9.916094333418450368e-01
1.311442737821075580e-02
1.313341885242687648e-02
9.887439248315579299e-01
9.988375836246202732e-01
9.897361636353282366e-01
1.313233109549500829e-02
1.313004734848806192e-02
9.883607497392633556e-01
9.874058846484905505e-01
9.968088265882139032e-01
1.311350697135953841e-02
1.315353531424958214e-02
3.284025236386758223e-02
1.313395393184072814e-02
9.899176909955885728e-01
1.311761229409005164e-02
1.313237206936082244e-02
1.313312619300100251e-02
9.959337260133813707e-01
9.737214195687283746e-01
0.000000000000000000e+00
9.920764231519613174e-01
1.313241776032825561e-02
1.313441350008263085e-02
9.910001101367179599e-01
1.312960615493124344e-02
3.510708802025371694e-02
1.315355135026756092e-02
1.311783164912693270e-02
9.883393697357980567e-01
6.745961822243512485e-01
1.312456125707231989e-02
1.311429331095563360e-02
9.911011483767803165e-01
1.313117175984955531e-02
1.518721604448148004e-03
9.931302328786764111e-01
9.903191404996180003e-01
1.312735693882504176e-02
1.313431780700935296e-02
1.312683438312317943e-02
9.899836492514374475e-01
9.830863763245387688e-01
1.313257024489408904e-02
9.905472052987651654e-01
9.909859491360276662e-01
1.312603452393705690e-02
1.313027580377727939e-02
1.313704076863108153e-02
9.886060846065537477e-01
9.892990977600566449e-01
1.312891497393261185e-02
2.752709191557737092e-02
1.312944440871394169e-02
9.562125359325308535e-03
9.973524772816472206e-01
9.989509080221223858e-01
1.312756986412986528e-02
9.880541398310888068e-01
1.312907018815921527e-02
1.313385894728059597e-02
1.312907134247139236e-02
1.209612805793325828e-02
1.312923845095740998e-02
1.311387263358585603e-02
9.909724436405360493e-01
1.313008333293081559e-02
9.883318479489394681e-01
9.889417262887001403e-01
1.312557690400114295e-02
2.468333191617741798e-02
1.313872357931528817e-02
3.076319907432769479e-02
1.313265309129629799e-02
9.899988867583292551e-01
9.965958377066999052e-01
9.871050723014400674e-01
9.906668726879348519e-01
1.313442145653768121e-02
1.313040977279305785e-02
1.313215397896310387e-02
9.901761217939173410e-01
1.312504525607922391e-02
3.679745393809669141e-02
1.313328143919114538e-02
1.313367262879148838e-02
1.311426649652371566e-02
3.177763339926311520e-02
1.313196580032100456e-02
9.901684999002576815e-01
1.312486210581744785e-02
1.313579966482616816e-02
9.881889659055256292e-01
1.312741246955373940e-02
1.313593407925601336e-02
1.313253819393432435e-02
1.312942330289207371e-02
9.892202582609237460e-01
1.312694051235408464e-02
9.886234886239538833e-01
3.730434820952131802e-02
9.735625016104562102e-01
1.312716239130705051e-02
9.906206274547992852e-01
1.313119045688409744e-02
9.912724893636388757e-01
1.311426614076855769e-02
1.313087768216118258e-02
1.313207049844490951e-02
2.208018170853697643e-02
1.312646720393690312e-02
1.312920289379467670e-02
1.313606240748805588e-02
1.313185879031212970e-02
9.995859271536474688e-01
9.793297756672111332e-01
9.907662872471637572e-01
1.313321682973178639e-02
1.313251769512383677e-02
1.313380079602396479e-02
1.313309664028745015e-02
1.311415737946175150e-02
1.313528201090134392e-02
1.313310283205293243e-02
9.902228813945939123e-01
1.311425487989822600e-02
1.312922755822703777e-02
1.313354441818218900e-02
1.313030396292608898e-02
1.312926847019436731e-02
1.311347983446311226e-02
1.313205913221355756e-02
1.320942943741582748e-02
1.312971893166111660e-02
1.313410766933669795e-02
1.311320510937204892e-02
1.313000155386177467e-02
4.215767416064053474e-02
1.315376907247511711e-02
1.313585863017601406e-02
1.312987100230880201e-02
1.315759586412043082e-02
2.932289080202220288e-02
1.313189183603476022e-02
1.312480737232112407e-02
1.313018125968121522e-02
1.313199850256304216e-02
1.311453157160979988e-02
9.884246654198685089e-01
1.313344279463866948e-02
1.313577860145610440e-02
1.313188694291996667e-02
1.312455268353986994e-02
1.313256654138652592e-02
1.742595683854884780e-02
9.855292131222680441e-01
9.900679869924189358e-01
1.313669507599026127e-02
9.907394414461530019e-01
3.208562503787281139e-01
1.313292388873157565e-02
1.313017192096315421e-02
1.313090541103973177e-02
1.312746501831987649e-02
1.298904143171440012e-02
1.311272960420359693e-02
1.313332926548262634e-02
1.312869749982058763e-02
1.315164223929741680e-02
1.313320837532796007e-02
1.311353797208317067e-02
9.878688588622124289e-01
1.312951472071553771e-02
3.117549629678916245e-01
1.313647799751452294e-02
1.311390212675732012e-02
1.313120177320336798e-02
1.313269430352944842e-02
9.889601239020702206e-01
1.313054643448800449e-02
9.901497000126672221e-01
1.313250786186865963e-02
1.313099807216591523e-02
1.315373465805357717e-02
1.313099176759538293e-02
1.313339894338264209e-02
1.312576756034161164e-02
2.950590995242036250e-03
1.313723151417045196e-02
1.311426145254440505e-02
9.881592317965391947e-01
1.311455238513240668e-02
1.313991078519645243e-02
1.313265577680784377e-02
1.313242580914914491e-02
9.896520152376705459e-01
1.313300934344429835e-02
1.187434059384414181e-01
1.313238508972562786e-02
1.311005316483716300e-02
1.313615836434239327e-02
1.312718193118669364e-02
1.310767824350109537e-02
1.312506661332409758e-02
1.312802360714002484e-02
1.315092810158052794e-02
1.313297824463126838e-02
9.893865937871962890e-01
1.315070708895271605e-02
1.313300994545893267e-02
9.898941974821375833e-01
9.904304032846028560e-01
1.313384533645639909e-02
1.312518300443438549e-02
1.389203172280231886e-02
1.312929415403104975e-02
9.887483431965142788e-01
1.311343936418896475e-02
9.902686069565321825e-01
6.537795722965450418e-01
9.905590128287810048e-01
1.312986277653860855e-02
1.312475745184422081e-02
1.313276598577151760e-02
0.000000000000000000e+00
9.895909013882751015e-01
3.789888517216394304e-02
0.000000000000000000e+00
1.311801400442986001e-02
1.313259003042456519e-02
1.313003009767994833e-02
1.317702095602840337e-02
1.312569605585094980e-02
1.311328807175998930e-02
1.312741715347843542e-02
3.915825799946926790e-03
9.904653653988322315e-01
1.313056460678490960e-02
9.894722998377001311e-01
9.934689896727273428e-01
1.312879072886287933e-02
9.850741818150724471e-01
1.313185753353714354e-02
1.311263469540596173e-02
9.892128835372707707e-01
9.875196347529241470e-01
1.318778559124923061e-02
1.313201173208049764e-02
1.313883863780781515e-02
1.311446170392645966e-02
1.312563880882841247e-02
1.313067154336392504e-02
4.649152035270057159e-02
5.956875898259825393e-03
9.802649421730641466e-01
1.313261859384920807e-02
0.000000000000000000e+00
1.313630086684091335e-02
1.313181289275977374e-02
1.312915564691698525e-02
1.312950371517034379e-02
1.313075709144428775e-02
9.878424160576888546e-01
1.313215676259834111e-02
1.311571124441453413e-02
1.319048838548521514e-02
1.313284306168030144e-02
1.313265946072166360e-02
1.311307288818311725e-02
3.704538735012667672e-02
1.313243092171305013e-02
1.311438181469922956e-02
4.565011515971913875e-02
9.907002787249127307e-01
1.312881682262302327e-02
9.303706870426992764e-03
1.313262711122817686e-02
1.313065656667935024e-02
1.313175219946861698e-02
9.675285228660480685e-01
1.313131042019459807e-02
1.311451720502418775e-02
1.312773223128309644e-02
1.313248003590025519e-02
9.985023228766334302e-01
1.313938239676754743e-02
1.311416035438136597e-02
1.311290057614122005e-02
2.687284587382229081e-03
9.884632751318510602e-01
9.897367969953422273e-01
1.313689324971457385e-02
3.440988833367845251e-02
9.875993852636992809e-01
1.311424567582015685e-02
1.313002742490656898e-02
1.313256857067862660e-02
9.884563066500552386e-01
1.311229656085409132e-02
7.496749937717304135e-01
1.313654559515394296e-02
1.311355263428099112e-02
1.312939370798451612e-02
1.313050991743721155e-02
9.933540089023410458e-01
1.313028791246185698e-02
9.890466084580632478e-01
9.905325389551522530e-01
9.163725740108655815e-01
1.310570065055271897e-02
8.778398804836285985e-01
1.260447481006164994e-01
7.723385111557921068e-01
9.898965245404593993e-01
1.315308247565140885e-02
1.313199018979261529e-02
1.311407304613710322e-02
9.906881823890738570e-01
9.901969971929420744e-01
6.640274527874169275e-01
9.903443870571903007e-01
1.313321056079153927e-02
1.321006533473643302e-02
1.315413417163345360e-02
1.676582179376082116e-02
1.312567023928829825e-02
9.901899285488963143e-01
9.864226917949228124e-01
3.210036964839538438e-03
9.910664760378364857e-01
6.689619639542201401e-01
9.901682170290628804e-01
9.888175642733343373e-01
1.313348675868243089e-02
1.260417639564524461e-01
8.778385763594106495e-01
1.313083499222898742e-02
1.313264908004902441e-02
1.315112158439458827e-02
9.918842524291542340e-01
9.899406703106703453e-01
1.312679244390596231e-02
9.678193665582881522e-01
1.311408843278686655e-02
9.881144762059563824e-01
1.311366828929982215e-02
1.313349772075409795e-02
1.313252083521400555e-02
9.913323378546854414e-01
2.628995598035216777e-02
9.898784202612399552e-01
1.313496346293646817e-02
1.311408121549836013e-02
1.312677239778971619e-02
1.313332558246746787e-02
3.284492497606826544e-02
1.313403603119132901e-02
1.313243751400916363e-02
1.313044330373061563e-02
1.311334708922747526e-02
