3.034680750672438115e-02
1.655200500220712148e-02
1.655531631186607858e-02
1.655592785841207559e-02
1.655618760478836521e-02
1.656132589331557603e-02
1.655328860084266315e-02
1.655537467572885946e-02
1.655556798485409084e-02
2.317001084452125978e-02
1.655788743861216078e-02
0.000000000000000000e+00
9.374391265876051982e-01
1.655107573949144914e-02
9.365734268813472596e-01
9.362351062254222755e-01
1.655628353181070461e-02
1.655685068281736658e-02
1.655770806130471562e-02
3.510946523371284711e-02
1.655437321614431148e-02
2.097334610147054065e-02
1.655691511263814031e-02
9.520078894874384190e-01
9.374774308109140586e-01
9.385215564721990367e-01
1.655617877394888887e-02
9.361222677814095006e-01
1.655528243987219872e-02
1.656435001170561763e-02
1.655381074995796245e-02
1.361415666672444007e-02
9.408671895983570233e-01
1.655636478778451173e-02
9.370528886053375306e-01
1.655794915075130963e-02
1.655598633293454969e-02
3.391124275461341459e-02
9.406732905840290426e-01
9.542342270733177312e-01
5.636873349021134794e-02
9.366348664181664008e-01
1.655759279522833055e-02
1.655688288443633166e-02
9.340097762513027702e-01
1.655572481990757669e-02
9.361941099970223501e-01
1.655610222117712485e-02
1.655686181600169934e-02
9.417771716571280427e-01
1.655539797339500643e-02
9.364028682969455231e-01
9.638994829206579684e-01
1.655733811329696686e-02
0.000000000000000000e+00
1.655762017376475465e-02
1.655360370519207841e-02
1.655863901447066425e-02
9.367445849951303583e-01
1.655821224149889651e-02
1.655644486574490981e-02
1.475391287648536269e-02
1.401443446321983533e-01
1.655234124630779527e-02
9.612016934073405183e-01
1.656004925082892043e-02
7.579443522148618384e-02
1.655642793253487080e-02
1.684222656726327982e-02
9.513260384514639068e-01
0.000000000000000000e+00
1.656094980561053503e-02
1.655595837396543410e-02
1.655683714734744461e-02
9.598442350321041427e-01
1.655451529337405303e-02
1.655690942041853839e-02
9.375420364215221181e-01
9.915716994518322114e-01
9.341061771873176989e-01
1.655623955311117529e-02
1.655905697701818766e-02
9.373726909517678951e-01
9.377613613835431572e-01
9.316049934080176120e-01
1.655529907241719625e-02
1.655742677676597108e-02
0.000000000000000000e+00
1.655504372566004093e-02
9.387904922760206272e-01
1.655414985289891880e-02
1.655946593313475587e-02
1.655552534457555014e-02
8.515736232852750831e-01
9.386604575472194956e-01
0.000000000000000000e+00
9.332417606758210971e-01
1.655572984593605898e-02
1.655352579485666609e-02
9.388849344669439878e-01
1.655672911530247857e-02
1.821006616202333270e-02
1.655451826949173519e-02
1.655584071677336858e-02
9.400887576283387670e-01
7.579658984081720507e-02
1.655510686604612022e-02
1.655496717505192117e-02
9.433088675211305230e-01
1.655570386454922882e-02
9.535741582292744933e-01
9.371045153130614924e-01
9.403129104090486301e-01
1.655756745604858651e-02
1.655556214602358495e-02
1.655602753820584194e-02
9.235613443449701698e-01
9.501519688067997516e-01
1.655694563265662847e-02
9.405101071142804026e-01
9.363985136394650244e-01
1.655364937540865916e-02
1.655484338152531792e-02
1.655613119231266403e-02
9.382677185014003385e-01
9.328842525059714008e-01
1.655757400721907802e-02
4.368218016168623832e-03
1.655864105476175310e-02
1.679177012309765807e-02
0.000000000000000000e+00
9.778483576486732831e-01
1.655742934508754385e-02
9.253082702225936540e-01
1.655826326919684899e-02
1.655511098171531456e-02
1.655616605380913139e-02
9.827534662009974609e-01
1.655856306754494370e-02
1.655574653947683092e-02
9.406299291389653705e-01
1.656009301901727529e-02
9.399692491247809700e-01
9.325523237561781364e-01
1.655709904858568629e-02
1.532669951273683481e-02
1.655747116298335320e-02
2.050321675567670088e-01
1.655920611304056989e-02
9.383930289079513987e-01
9.696940529793517394e-01
9.443643149274828508e-01
9.560546869813525417e-01
1.655533413657092612e-02
1.655595775941715031e-02
1.655785485104276436e-02
9.329206233443215757e-01
1.655545233654177190e-02
1.453825179281887647e-01
1.655584931543616425e-02
1.655532526193421658e-02
1.655573848353918825e-02
1.123819527102886719e-02
1.655735062559504991e-02
9.403951435106320256e-01
1.655486706543233058e-02
1.655653587900905027e-02
9.359843992575129779e-01
1.655750944147616269e-02
1.655610586302561082e-02
1.655674643771277293e-02
1.655550482772715978e-02
9.354148388075381737e-01
1.655653818423485565e-02
9.341022161625045506e-01
1.601005774285565661e-02
1.493476304279946383e-03
1.655389277162294323e-02
9.367489918695046658e-01
1.655954345334737648e-02
9.432358927081169186e-01
1.655656464006527440e-02
1.655597784846380566e-02
1.655815712349355956e-02
3.308456289235394143e-01
1.655539764906101621e-02
1.655760756610887702e-02
1.655781516930692268e-02
1.655682895039115379e-02
9.538663070845561087e-01
9.431849228724346057e-01
9.394418613739390356e-01
1.655740979829098056e-02
1.655704825645304412e-02
1.655606841714652583e-02
1.655685683744506295e-02
1.655316976317899869e-02
1.654323314579172685e-02
1.655511586781715366e-02
9.391666636940059210e-01
1.655505253092867668e-02
1.655622003781556315e-02
1.655498165477571268e-02
1.655792669875413153e-02
1.655731157079491644e-02
1.655782985956025244e-02
1.655795313955822634e-02
1.654966920083410231e-02
1.655989620041673979e-02
1.655540371989731863e-02
1.655575368953227794e-02
1.655285423015186164e-02
6.872409639408647020e-02
1.655662092439093291e-02
1.655667525874058438e-02
1.655733892626580148e-02
1.648752144525401225e-02
1.428505516466723087e-02
1.655663011633098577e-02
1.655486763327399316e-02
1.655775447946134307e-02
1.655710621310983038e-02
1.655542688190699344e-02
9.373661799043953025e-01
1.655677716781977712e-02
1.655538024461985364e-02
1.655970745275441025e-02
1.655631490317674079e-02
1.655690353706627468e-02
1.641660213803766352e-02
9.299935173496344243e-01
9.375774824846834221e-01
1.655983282180101268e-02
9.417958431338993019e-01
1.087423805740583838e-01
1.655684065090525653e-02
1.655720005134602227e-02
0.000000000000000000e+00
1.655744589494172539e-02
1.624795018298473559e-02
1.655190790471817303e-02
1.655610067023626994e-02
1.655601144755743798e-02
1.655586219831059816e-02
1.655677761155424643e-02
1.655575818364060647e-02
9.364420633110717151e-01
1.655884841920783265e-02
3.394688931459682868e-02
1.655322277332002892e-02
1.655596532968211035e-02
1.655741546641395154e-02
1.655658060826502645e-02
9.360034397805069295e-01
1.655590174124757508e-02
9.361658084680291037e-01
1.655824271959334751e-02
1.655677526992441889e-02
1.655710456756497029e-02
1.655826053705118997e-02
1.655604950814242721e-02
1.655673485898225342e-02
9.530240690156250860e-01
1.655673890781485594e-02
1.655572471203797108e-02
9.433451422712201273e-01
1.655568203972150251e-02
1.654250848427481907e-02
1.655880395274868591e-02
1.655719581338034596e-02
9.361247064597084666e-01
1.655517369030017755e-02
1.284940282509299814e-01
1.655974144519409275e-02
1.655855127381562417e-02
1.655875727410321616e-02
1.655732869821489525e-02
1.655825648326894953e-02
1.655561002929710132e-02
1.655784778992781467e-02
1.655497258970806129e-02
1.655717600404510784e-02
9.375932040660669431e-01
1.655618503291036991e-02
1.655831954901314240e-02
9.368015911121346795e-01
9.375226939280599803e-01
1.655581294215452068e-02
1.655491828526736015e-02
1.632494603511928238e-02
1.655818976762155406e-02
9.343970988299553637e-01
1.655750908977866170e-02
9.384169393756173205e-01
2.309988314702085890e-02
9.422047837779872204e-01
1.655988382494168881e-02
1.655657137140678983e-02
1.655938540756659097e-02
0.000000000000000000e+00
9.369293802162202978e-01
1.134819927155116814e-01
0.000000000000000000e+00
1.655643493880896641e-02
1.655540402046784543e-02
1.655491909816415516e-02
1.646622136392170838e-02
1.655575565410781838e-02
1.655579402553260249e-02
1.655747698827463379e-02
2.090702409677247259e-03
9.383657906758909872e-01
1.655709973945595007e-02
9.362906062803745266e-01
9.606187153308224369e-01
1.655758841431209313e-02
9.441611976801463912e-01
1.655775677852482086e-02
1.655568839780944407e-02
9.366721841963049355e-01
9.333308526252962478e-01
1.655547265001163990e-02
1.655833619755677638e-02
1.653540155285160296e-02
1.655396867171536612e-02
1.655589022757376211e-02
1.655614850585925349e-02
1.453769885679079832e-01
9.645156895439745970e-01
9.360078435598155888e-01
1.655556570290586671e-02
0.000000000000000000e+00
1.655312672729962117e-02
1.655603980481343968e-02
1.655907880773769408e-02
1.655869706682028264e-02
1.655844221906205976e-02
9.398480507962724273e-01
1.655647537066341421e-02
1.655729675451679539e-02
1.655660812220102057e-02
1.655726848238174911e-02
1.655811797870166205e-02
1.655891261233568071e-02
1.495541666678085538e-02
1.655687998265815281e-02
1.655198732750941953e-02
1.591093911831350377e-02
9.403946394354918414e-01
1.655776941617665560e-02
8.286013940700531766e-02
1.655686518566465079e-02
1.655584963066032353e-02
1.655805024850470764e-02
9.453314619224133519e-01
1.655850659152115906e-02
1.655170523170286512e-02
1.655771835312995488e-02
1.655911871661424478e-02
9.381716659105191480e-01
9.861799402788704594e-01
1.655708073624287749e-02
1.655806230998087616e-02
9.774688407296149295e-01
9.367927580406310017e-01
9.364080899905080635e-01
1.655436035554347374e-02
1.495632703774445356e-02
9.375686602351414045e-01
1.655713338935257614e-02
1.655962032401751133e-02
1.655778744836732680e-02
9.369934277221219077e-01
1.655887885096817350e-02
5.547521961045244823e-03
1.655670291602343372e-02
1.655655431725550422e-02
1.655607776066681316e-02
1.655872369958234433e-02
9.099497017055668824e-01
1.655546708702268152e-02
9.359568326509490888e-01
9.452893204539302152e-01
1.489345609190791987e-03
1.655826258211705662e-02
0.000000000000000000e+00
0.000000000000000000e+00
1.494863237733235579e-03
9.365612706342857363e-01
1.655542195672165748e-02
1.655720564582690429e-02
1.655449613565291439e-02
9.477055357677657277e-01
9.352208433018012190e-01
1.250862225251531470e-02
9.369094124070718177e-01
1.655773402096811023e-02
1.655604126860791420e-02
1.655740946200471089e-02
9.860918697141828337e-01
1.655346623334556788e-02
9.377512191287579180e-01
9.362313805120180410e-01
8.338508007925786447e-02
9.421797340104610674e-01
1.678811912073870441e-02
9.389185694928582349e-01
9.366488155332267640e-01
1.655766857869227227e-02
1.590837528176435312e-01
1.667604481857003218e-01
1.656092364277170215e-02
1.655796634128868863e-02
1.655555741679811191e-02
9.438566844311817583e-01
9.358632425435939872e-01
1.655596473574914157e-02
9.401747872429701003e-01
1.655218526045562633e-02
9.420738815977754976e-01
1.655684645465882107e-02
1.655596396530675807e-02
0.000000000000000000e+00
9.375259360776111439e-01
1.591144166334989077e-02
9.370681413440073992e-01
1.655400183946729650e-02
1.655627279487671341e-02
1.655609771939281147e-02
1.655782321316953340e-02
8.773405462576215619e-02
1.655957533848209304e-02
1.655808011898906446e-02
1.655541450822950109e-02
1.655465258490296243e-02
