9.516561574271363844e-01
2.294271796088049112e-02
2.294303297477764958e-02
2.294556768382694650e-02
2.294392894703086924e-02
2.294468723413684019e-02
2.294436585506502355e-02
2.294377296310752545e-02
2.294357165877403126e-02
9.517640359821329943e-01
2.294430198063239501e-02
0.000000000000000000e+00
9.501908806439659516e-01
2.293782964808141825e-02
9.501709206809602071e-01
9.501925328148864702e-01
2.294043630177477686e-02
2.294470429809156165e-02
2.294414559569294201e-02
2.747508247609403015e-02
2.294465108158506850e-02
2.874536168421382154e-02
2.294598834970077231e-02
9.510518351542968096e-01
9.502182242648529176e-01
9.501751878849709065e-01
2.294459085371048507e-02
9.501602355423220958e-01
2.294429034722177130e-02
2.436493669770010972e-02
2.294391074680442871e-02
5.445768061786539563e-03
9.521249985120692205e-01
2.294441515923588068e-02
9.502077577393996943e-01
2.294387747160726160e-02
2.294329692982754673e-02
9.519182473963071489e-01
9.502721470581970697e-01
9.511746264171725418e-01
9.511080182561529872e-01
9.503487701542179256e-01
2.294727983926660858e-02
2.294701452317024840e-02
9.501109368119786680e-01
2.293849147609144934e-02
9.505118634864608840e-01
2.294552850312107234e-02
2.294314683729683363e-02
9.516385443920700737e-01
2.294432204321631905e-02
9.501795212431650706e-01
9.505025480023632234e-01
2.294710871834063776e-02
0.000000000000000000e+00
2.294643873927707314e-02
2.294257793780457230e-02
2.294356942444095854e-02
9.501997271551188007e-01
2.294450893960985408e-02
2.294216574735598313e-02
6.362790735508394753e-03
9.524956760814174972e-01
2.294370434583711468e-02
9.923331615890196300e-01
2.294457439635972165e-02
9.520020507452116032e-01
2.294468928643172284e-02
9.783125198300568481e-01
9.557417404853812970e-01
0.000000000000000000e+00
2.294475358990716307e-02
2.294709614711741563e-02
2.294310807904213767e-02
9.504838468031510113e-01
2.294443371915902072e-02
2.294658252523561898e-02
9.502945354387414278e-01
9.507687836788701885e-01
9.494745698777286025e-01
2.294677106551284637e-02
2.294312734165349782e-02
9.502908691686553500e-01
9.507393822328011890e-01
9.508349289098054768e-01
2.294435513281867928e-02
2.294698937755529355e-02
0.000000000000000000e+00
2.294540667757595173e-02
9.527355718524630479e-01
2.294537482767314979e-02
2.294418111865702270e-02
2.294684733441813840e-02
9.504736359517245159e-01
9.503497635778700436e-01
0.000000000000000000e+00
9.505633733545489905e-01
2.294663047559766453e-02
2.293876285941508913e-02
9.502261019207616233e-01
2.294404263107340664e-02
2.356300985656006181e-02
2.294234271464846639e-02
2.294671441726893121e-02
9.507243720921603192e-01
9.520071575969140110e-01
2.294363297115225089e-02
2.294431108443801409e-02
9.502704925907896616e-01
2.294433420484449579e-02
9.804741915532425578e-01
9.505133147517749181e-01
9.502299378939631502e-01
2.294407048462595439e-02
2.293162566468631008e-02
2.294495538576360114e-02
9.504061113606449007e-01
9.513446571156920495e-01
2.294590110121891985e-02
9.502372428247263247e-01
9.501801124514799302e-01
2.294350428147024293e-02
2.294424876053725859e-02
2.293375621372351417e-02
9.504226802500056470e-01
9.501424500659746419e-01
2.294516590717990759e-02
9.689701766650088421e-01
2.294421145799001652e-02
2.353310101594202966e-02
0.000000000000000000e+00
9.623568585962487543e-01
2.294512089175123823e-02
9.501184225922099102e-01
2.294459303530260036e-02
2.294837147413703038e-02
2.294415557347804363e-02
9.540522746600077486e-01
2.294343100884951511e-02
2.294710866860393342e-02
9.502496046896726778e-01
2.294474284602008446e-02
9.506301200166409338e-01
9.501424677144747477e-01
2.294270848226284340e-02
2.586068642132720655e-02
2.294467359356902603e-02
9.526959761244593317e-01
2.294652936746999911e-02
9.501990857490857367e-01
9.505670421193355146e-01
9.611102926587964390e-01
9.560081023615658591e-01
2.294632897816454783e-02
2.294449802933991658e-02
2.294279728839751162e-02
9.502417959705813377e-01
2.294239138130973674e-02
9.531295628904954409e-01
2.294688132397014121e-02
2.294475282831046417e-02
2.294580103378896646e-02
3.438610989174215038e-02
2.294587639012364219e-02
8.537228666510507935e-01
2.294427230027339809e-02
2.294568270604580712e-02
9.501596423758162935e-01
2.294266642698044451e-02
2.294265903443453575e-02
2.294449568912889162e-02
2.294479305966696386e-02
9.193738138581724062e-01
2.294381334680163642e-02
9.494555475224677465e-01
2.467508651282636009e-02
9.513774589322253616e-01
2.294345457323252943e-02
9.501719570125866099e-01
2.294439469152412953e-02
7.708930626795553742e-01
2.294545513221365324e-02
2.294531343074756105e-02
2.294438602093471294e-02
9.522639599779725295e-01
2.294552120850462673e-02
2.294444573087261671e-02
2.294414937342280705e-02
2.294462116329982690e-02
5.395882618872980263e-01
9.505075922781244246e-01
9.502305698129897005e-01
2.294288023079210301e-02
2.294314435306052738e-02
2.294886189566572657e-02
2.294547229815558156e-02
2.294365830462630554e-02
2.291379244173919957e-02
2.294520214984322598e-02
9.501763654716053331e-01
2.294573487811465973e-02
2.294393056787493584e-02
2.294446935486899389e-02
2.294738598971313853e-02
2.294357893117085143e-02
2.294713981291581634e-02
2.294153726925744763e-02
2.295904621076156477e-02
2.294347990718961436e-02
2.294453909710572614e-02
2.294716556758339202e-02
2.294253509103826721e-02
9.567305707934101733e-01
2.294478297275201126e-02
2.294504141497087299e-02
2.294558808637080227e-02
2.276702958379197422e-02
1.630063065056257601e-02
2.294440841268494818e-02
2.294349796984136367e-02
2.294401640112278193e-02
2.294393401221432247e-02
2.294441215028678385e-02
9.503657483991940769e-01
2.294405870458938318e-02
2.293417100536612740e-02
2.294377912759055366e-02
2.294326399484374751e-02
2.293897995963013053e-02
2.245375970372874216e-02
9.504107383019796407e-01
9.502528847888952468e-01
2.294384813865327916e-02
9.502765325967716947e-01
9.522747962740483185e-01
2.294367969175386060e-02
2.294488819584039260e-02
0.000000000000000000e+00
2.294407930598697798e-02
2.274536131230339014e-02
2.294455095932840250e-02
2.294666194549957461e-02
2.294274318416819960e-02
2.294208867660587486e-02
2.294683111463423700e-02
2.294437636048101900e-02
9.501367117656387418e-01
2.294391609217068945e-02
9.522652718711140940e-01
2.293049951840284498e-02
2.294611715668157942e-02
2.294571151172420179e-02
2.294428897684051491e-02
9.501702013745492170e-01
2.294442753997978646e-02
9.504694254985330826e-01
2.294512879292929380e-02
2.294570538941412274e-02
2.294459316565019072e-02
2.294559040002508085e-02
2.294488081472559338e-02
2.294319063047204135e-02
9.508648202478940936e-01
2.294425166780326986e-02
2.294639250769486480e-02
9.509129217581758775e-01
2.294348826848413569e-02
2.291166178263522729e-02
2.294304560104695398e-02
2.294440732434314609e-02
9.501581898473674404e-01
2.294479162777490408e-02
9.522563596980559986e-01
2.294393271646497437e-02
2.294400415463496504e-02
2.294163294434509864e-02
2.294405625245535957e-02
2.294458034244203221e-02
2.294088119501998257e-02
2.294421697639759464e-02
2.294631521109114294e-02
2.294363656144044611e-02
9.501475562658825424e-01
2.294193758643908038e-02
2.294436308032354876e-02
9.502351151974509635e-01
9.512033432069615380e-01
2.294863691993941079e-02
2.294275423671530631e-02
2.172368776852387842e-02
2.294456217421919630e-02
9.493457673826658505e-01
2.294693469642020492e-02
9.502349374536885884e-01
9.517585485042771021e-01
9.502457067120503309e-01
2.294413232148095547e-02
2.294303222317994537e-02
2.294755879800457546e-02
0.000000000000000000e+00
9.505672161530487330e-01
9.520595443402597446e-01
0.000000000000000000e+00
2.294570582981423149e-02
2.294337186721216726e-02
2.294627109290376180e-02
2.270402240767332297e-02
2.294396766754633332e-02
2.294720919499824291e-02
2.294426389679959238e-02
9.509964813428167796e-01
9.502252575792360378e-01
2.294284333425693559e-02
9.502212742119928723e-01
9.504289000060843762e-01
2.294466363056764033e-02
9.514168145625742090e-01
2.294572192927362211e-02
2.294381337306868052e-02
9.500649756970029891e-01
9.489874869522870737e-01
2.294745948554431647e-02
2.294504905886168150e-02
2.288732041608188689e-02
2.294810354780303305e-02
2.294168815414136461e-02
2.294601534937178167e-02
9.531285565182133768e-01
3.082788028407824066e-01
9.504444880570140919e-01
2.294726575414705871e-02
0.000000000000000000e+00
2.293355882477574395e-02
2.294427018819392844e-02
2.294464098778855807e-02
2.294482445083846980e-02
2.294414709715047671e-02
9.505359055425560699e-01
2.294467325183177295e-02
2.294689759056182249e-02
2.294293821468842975e-02
2.294325120716567135e-02
2.294473301180910765e-02
2.294460483974903459e-02
2.715750687875434152e-02
2.294349424650355893e-02
2.294382148227979562e-02
1.772977243630178418e-02
9.502351088546735491e-01
2.294534333459806105e-02
9.527100985773442332e-01
2.294330687235536861e-02
2.294474100427256955e-02
2.294365626073604711e-02
9.510471090332571764e-01
2.294390553996313725e-02
2.294430446112460248e-02
2.294407144792812159e-02
2.294497892576004977e-02
9.514928260261462656e-01
3.456520203174349992e-02
2.294389722746534646e-02
2.294745611147115325e-02
9.506634990848585876e-01
9.500654429439525650e-01
9.502049019121082685e-01
2.294347179860098049e-02
2.715570137426097375e-02
9.365507753472983588e-01
2.294589636547976833e-02
2.294403242733913939e-02
2.294439200497144782e-02
9.501891003965559079e-01
2.294399832520951227e-02
9.517896564866785702e-01
2.294317704120720641e-02
2.294439182904537897e-02
2.294435561376718252e-02
2.294428472234032873e-02
9.503111751055605128e-01
2.294663838597995470e-02
9.500836545589199655e-01
9.502514962249964947e-01
9.513697050049605419e-01
2.294499295478969261e-02
0.000000000000000000e+00
0.000000000000000000e+00
9.513790795379613030e-01
9.501944967838891198e-01
2.294229094828770243e-02
2.294431762983970349e-02
2.294250969698181930e-02
9.632783394224826434e-01
9.502461973326571387e-01
9.516290765706498789e-01
9.503080439809459268e-01
2.294086658879898252e-02
2.294656371017790922e-02
2.294379574558502721e-02
7.697339947994454035e-02
2.294537503780650842e-02
9.501897147730069548e-01
9.480806423170117236e-01
9.516232206058853338e-01
9.502429091768385128e-01
2.353210374885226011e-02
9.502090365732922539e-01
9.502034914292087908e-01
2.294478149634078881e-02
9.524930746784201485e-01
9.524718545161162675e-01
2.294507383454858288e-02
2.294444201423812696e-02
2.294434865611416630e-02
9.619632708323053727e-01
9.502019520792611695e-01
2.294499965054818541e-02
9.501915623670132982e-01
2.294454436361310912e-02
9.549379811126070816e-01
2.294676817411421890e-02
2.294651102761443781e-02
0.000000000000000000e+00
9.501906698835561604e-01
1.772757076489860778e-02
9.502643092938908298e-01
2.294275470884809404e-02
2.294707961034312196e-02
2.294404799693160538e-02
2.294440425840262379e-02
9.525249984404364767e-01
2.294399196377292643e-02
2.294367046335765020e-02
2.294435395654438950e-02
2.294423530222784030e-02
