9.799067258268121527e-01
9.821695432748960286e-01
9.821807535099156272e-01
9.821740580036832924e-01
9.821844538831835392e-01
9.821742526510598426e-01
9.821855601669231550e-01
9.821715978280928239e-01
9.821719590514673692e-01
9.799065799459220072e-01
9.821697051205015017e-01
0.000000000000000000e+00
4.784009716983665672e-02
9.821757325169927499e-01
4.782664073102650681e-02
4.783992927863633948e-02
9.821713155560484187e-01
9.821763294923062659e-01
9.821829558547341410e-01
9.821552009897427382e-01
9.821792059506965211e-01
9.821750612072168707e-01
9.821716366997274017e-01
4.782826850022749154e-02
4.781961137598313843e-02
4.782134394634953573e-02
9.821841104659714272e-01
4.782713994853398515e-02
9.821858963695145883e-01
9.821944817287083795e-01
9.821672806583280346e-01
9.821898640007372672e-01
4.782024247690809526e-02
9.821824039483939561e-01
4.783284242301051592e-02
9.821860556020126642e-01
9.821722098798360001e-01
9.799068883095981564e-01
4.783031776560160014e-02
4.783434642260981501e-02
4.577228866621921854e-01
4.783141249875271644e-02
9.821837514431158711e-01
9.821715176933277780e-01
4.782738685404137186e-02
9.821767329569787153e-01
4.783822679207434120e-02
9.821786178937743639e-01
9.821692291139708653e-01
4.783856361621112441e-02
9.821727520032170755e-01
4.783268150684457515e-02
9.220169071030596963e-02
9.821855248737207944e-01
0.000000000000000000e+00
9.821736566571569460e-01
9.821743931489675949e-01
9.821859009784918992e-01
4.783516465131792961e-02
9.821701704624120621e-01
9.821707904657310806e-01
9.821824983116197449e-01
9.141979612059538685e-01
9.821737784110841085e-01
4.783173657746388197e-02
9.821781009190244660e-01
9.820587639993116902e-01
9.821727780647848682e-01
9.822036739613420053e-01
4.782535506847639117e-02
0.000000000000000000e+00
9.821829461436337727e-01
9.821701739466482950e-01
9.821823664749232963e-01
4.783626175273329034e-02
9.821833691660631915e-01
9.821743372870028743e-01
4.783608950539993548e-02
4.577371927250928341e-01
4.783296910690593151e-02
9.821728676816501302e-01
9.821828065037242483e-01
4.783577409515259865e-02
4.782865800549057633e-02
4.782180208829565904e-02
9.821828727909848178e-01
9.821726587066250680e-01
0.000000000000000000e+00
9.821748015748335003e-01
4.782043301086032899e-02
9.821714483276016150e-01
9.821831151512763203e-01
9.821842748618172525e-01
4.782019871354938056e-02
4.783325732470244951e-02
0.000000000000000000e+00
4.782627392817251355e-02
9.821800173396239009e-01
9.821735662348080043e-01
4.783440755490672713e-02
9.821859833865586031e-01
9.821728447478133006e-01
9.821817028360267932e-01
9.821698960093787623e-01
4.783161657656447713e-02
9.821446852134788630e-01
9.821828373162562187e-01
9.821724299941821945e-01
4.782975659136561725e-02
9.821774108911175416e-01
4.782108600366048734e-02
4.783611757761017241e-02
4.782828193625100754e-02
9.821819932320642321e-01
9.821769371022711637e-01
9.821853272189007278e-01
4.783368517517459090e-02
4.783215362851283431e-02
9.821857129870604775e-01
4.782850066651640059e-02
4.782783651479826509e-02
9.821798095230559467e-01
9.821790188696390977e-01
9.821759391371331915e-01
4.784287362992659803e-02
4.783875084759797031e-02
9.821713924087119851e-01
9.822021354269585558e-01
9.821735600309144942e-01
9.821862240216763240e-01
4.780895772066173083e-02
4.780112684457177991e-02
9.821822833646768336e-01
4.782854246601946080e-02
9.821719409767598608e-01
9.821678631628073530e-01
9.821848814021286733e-01
4.782564859331956547e-02
9.821848351554364198e-01
9.821713487290224531e-01
4.784440390328852794e-02
9.821786808684359604e-01
4.782571528001174771e-02
4.782320849455408418e-02
9.821735710003708375e-01
9.821830496734583749e-01
9.821814250636903276e-01
9.141807782540930516e-01
9.821848230544260039e-01
4.782945729880139912e-02
1.532637129466932757e-01
4.782123317244767191e-02
4.783421416131884013e-02
9.821866780189061341e-01
9.821800883307503227e-01
9.821835361192345903e-01
4.783712594720584271e-02
9.821844183792608485e-01
9.141397716211938640e-01
9.821757371098381872e-01
9.821722941897664816e-01
9.821720713041320883e-01
9.821539432877633979e-01
9.821816732475073808e-01
4.782115608565652015e-02
9.821815221331259282e-01
9.821789684969246537e-01
4.783335215575328092e-02
9.821711786354168083e-01
9.821835365804590934e-01
9.821766337123566393e-01
9.821852076533519327e-01
4.784105217190406240e-02
9.821691488006117909e-01
4.783943926955720738e-02
9.821772072972243528e-01
8.674815816249908940e-01
9.821759009465422796e-01
4.784764395915507701e-02
9.821839563392684713e-01
4.782165828860977796e-02
9.821691548409787753e-01
9.821810047401492438e-01
9.821794725546850735e-01
9.141725148497134024e-01
9.821793894581752893e-01
9.821730644166286606e-01
9.821839877290999832e-01
9.821712281379346710e-01
4.780023532434619915e-02
4.782164907614561145e-02
4.783626018721654632e-02
9.821809839842113865e-01
9.821685124620074259e-01
9.821807644259494818e-01
9.821729589581585929e-01
9.821708776903876892e-01
9.821764843822685664e-01
9.821745487191817503e-01
4.783578428028682772e-02
9.821791661339823731e-01
9.821737592874578704e-01
9.821733688119866912e-01
9.821804159400134848e-01
9.821820801369139931e-01
9.821739048624698043e-01
9.821818876753692917e-01
9.821833502635900492e-01
9.821745447766958570e-01
9.821731419561061660e-01
9.821692602944952499e-01
9.821848146759716291e-01
9.310866078233277499e-01
9.821799308899492598e-01
9.821750785588335697e-01
9.821843313616708260e-01
9.821855175172742314e-01
9.821852441253495769e-01
9.821738086563563952e-01
9.821742516484236463e-01
9.821809505328297218e-01
9.821836540006178007e-01
9.821702841009236629e-01
4.782568913136990563e-02
9.821852177983122489e-01
9.821702736150964563e-01
9.821790511520779310e-01
9.821780958734238620e-01
9.821895286041026907e-01
9.821849255375634247e-01
4.783051146711053692e-02
4.782405278939175913e-02
9.821829239996699989e-01
4.784422004454209898e-02
9.141980576094117517e-01
9.821837628512730678e-01
9.821837860261755093e-01
0.000000000000000000e+00
9.821790061758212120e-01
9.821729439204832657e-01
9.821673250812351652e-01
9.821736068488876592e-01
9.822094799452758540e-01
9.821776819658348812e-01
9.821797764590919355e-01
9.821715708190792427e-01
4.781992092215275880e-02
9.821860850964216905e-01
9.799127590303022828e-01
9.821863590904763575e-01
9.821732855125584472e-01
9.821847262813172552e-01
9.821713056371467188e-01
4.783506702483570489e-02
9.821765472681774911e-01
4.782133236353677819e-02
9.821841434603935106e-01
9.821699123918445906e-01
9.821737833840264997e-01
9.821757938382279507e-01
9.821783307877609559e-01
9.821724705946855982e-01
4.782759953311011003e-02
9.821814818382921253e-01
9.821827222879475627e-01
4.783655899124168720e-02
9.821821298391401056e-01
9.821682904935643554e-01
9.821731524873891228e-01
9.821806940093530391e-01
4.784527226872019312e-02
9.821738411256454304e-01
9.799787786028039127e-01
9.821706844299358252e-01
9.821731450943895769e-01
9.821759239608890413e-01
9.821825207278549463e-01
9.821725680305607442e-01
9.821804110416204603e-01
9.821866850610856403e-01
9.821739094225223621e-01
9.821800243272634789e-01
4.783020015279371151e-02
9.821847106856352871e-01
9.821838042396312529e-01
4.783035014259831574e-02
4.783053093961419505e-02
9.821724626628689503e-01
9.821824952845860102e-01
9.821878051263736031e-01
9.821859433263202543e-01
4.782537701514796152e-02
9.821880692409424851e-01
4.782063719962476728e-02
9.798926962918166339e-01
4.784268579248533021e-02
9.821858539216242745e-01
9.821853541413049227e-01
9.821703502175055389e-01
0.000000000000000000e+00
4.783102404054163925e-02
9.141852723808189252e-01
0.000000000000000000e+00
9.821718036052681233e-01
9.821709486385284960e-01
9.821756215317092309e-01
9.821836626860878106e-01
9.821813796261417151e-01
9.821730943946637149e-01
9.821756008545445837e-01
4.577220640375903593e-01
4.782764108695448241e-02
9.821852064221505696e-01
4.783005930973535658e-02
9.218600901477920495e-02
9.821730548249587578e-01
4.782539638479438304e-02
9.821778345353796569e-01
9.821816094465193325e-01
4.782853603236741219e-02
4.784429636830424964e-02
9.821784395523516231e-01
9.821682084216034614e-01
9.821729657030424665e-01
9.821694522147371709e-01
9.821766035340344647e-01
9.821700430990590869e-01
9.141842433099879317e-01
4.779574034443938302e-02
4.783050583432599950e-02
9.821840456120453089e-01
0.000000000000000000e+00
9.821789874248105789e-01
9.821775115781358201e-01
9.821735861254732303e-01
9.821735193113622087e-01
9.821833843720100266e-01
4.782024531742264800e-02
9.821815559302939924e-01
9.821713998851506755e-01
9.821768225415655751e-01
9.821841699164336470e-01
9.821856460756205331e-01
9.821722418050562453e-01
9.821800596232523883e-01
9.821793448044217056e-01
9.821732864918555350e-01
9.821939064494704663e-01
4.783051508447502820e-02
9.821864189153285407e-01
9.141841765128893016e-01
9.821781807844166545e-01
9.821735994563789429e-01
9.821760490523534504e-01
4.784541729288666750e-02
9.821725299383191610e-01
9.821736039502036997e-01
9.821772757535196519e-01
9.821848481559446453e-01
4.783606018596719966e-02
9.821853597010068437e-01
9.821807763216489073e-01
9.821805677196473461e-01
4.577406475166720390e-01
4.783314524434301163e-02
4.782787941282606869e-02
9.821764404606547760e-01
9.821517930829523069e-01
4.781343459742173896e-02
9.821713548159581864e-01
9.821753985810588450e-01
9.821778099436931919e-01
4.782635747814086014e-02
9.821844839325055698e-01
9.892420933693408802e-01
9.821847292933998386e-01
9.821760123597486070e-01
9.821842293400716573e-01
9.821722192949257080e-01
4.782678284776942929e-02
9.821770193335366272e-01
4.782997612733374398e-02
4.783773286907126027e-02
8.673187076456236877e-01
9.821800994369392912e-01
0.000000000000000000e+00
0.000000000000000000e+00
9.799076353300568698e-01
4.782831769616512768e-02
9.821806478358844350e-01
9.821769022135945493e-01
9.821864290996408231e-01
4.782829337823640836e-02
4.783665714876698255e-02
9.799212467920185299e-01
4.781754975770824423e-02
9.821804949420257502e-01
9.821712888951408260e-01
9.821792535707480898e-01
9.822055540728095169e-01
9.821912287108226502e-01
4.782759794667861691e-02
4.782155227749992216e-02
5.995751661865483806e-01
4.783786024501326950e-02
9.821446852134788630e-01
4.784256625959136533e-02
4.782392932483880976e-02
9.821831291756779603e-01
9.142078253951604339e-01
9.141841792356582008e-01
9.821775409237032406e-01
9.821688623223432391e-01
9.821826106312092630e-01
4.782743453055326305e-02
4.783637211455423616e-02
9.821782838925217085e-01
4.782467607173231106e-02
9.821751292838936109e-01
4.782133587247102552e-02
9.821742966196697067e-01
9.821721488574903791e-01
0.000000000000000000e+00
4.783304904733892693e-02
6.605863721264561977e-03
4.783756428462733468e-02
9.821811315792859931e-01
9.821753158876845857e-01
9.821772612562310600e-01
9.821769772418859068e-01
9.141810860876111722e-01
9.821807108610223214e-01
9.821841830854562971e-01
9.821835758640434788e-01
9.821728948470206388e-01
