1.510843181191268703e-01
9.091264087634864932e-01
9.091212477840953099e-01
9.091219687933340676e-01
9.091282145667887171e-01
9.091156497274990311e-01
9.091286438176192641e-01
9.091160406929517102e-01
9.091204846462289657e-01
1.510950762095304156e-01
9.091289506670708898e-01
1.510869085053029304e-01
1.510918520995954972e-01
9.091144809615063771e-01
1.510861396130040446e-01
1.510839602540358650e-01
9.091189417595715305e-01
9.091167597725112737e-01
9.091205072649344299e-01
1.510822128250183249e-01
9.091198461330328717e-01
1.510909159819975867e-01
9.091259089209700051e-01
1.510937215731366356e-01
1.510822269626554970e-01
1.510891265432588448e-01
9.091231372476327177e-01
1.510908864054958944e-01
9.091241875128477368e-01
1.510866793180540568e-01
9.091198686565917786e-01
1.579868391565054653e-01
1.510883774581402994e-01
9.091276470433851120e-01
1.510892080831149897e-01
9.091228221008518240e-01
9.091246892597727447e-01
1.510949891200767392e-01
1.510855396696282882e-01
1.510827087256294277e-01
1.510870617804270233e-01
1.510889605933740942e-01
9.091202003636308371e-01
9.091193050751327220e-01
1.510848203126867462e-01
9.091240311513048011e-01
1.510986142936205368e-01
9.091289194220457670e-01
9.091094563995177902e-01
1.510817991282805139e-01
9.091198063997374401e-01
1.510902012052697529e-01
1.510951234761827577e-01
9.091167127116783764e-01
1.510893348494611876e-01
9.091167845376045831e-01
9.091258486416505802e-01
9.091262905626930069e-01
1.510871630687166400e-01
9.091265632763605442e-01
9.091284445059891750e-01
1.510895302333955525e-01
1.510808684592622464e-01
9.091223840457030025e-01
1.510907872678526886e-01
9.091124251865396744e-01
1.510881718167745857e-01
9.091256575196144940e-01
1.510867787254210337e-01
1.510929918235048575e-01
1.510752072087214182e-01
9.091188735827505640e-01
9.091165235654919963e-01
9.091188931103032500e-01
1.510808880317880409e-01
9.091185052970623959e-01
9.091222761250347117e-01
1.510823833317505027e-01
1.510917683448866344e-01
1.510931781071171154e-01
9.091234474319973557e-01
9.091150719599400132e-01
1.510839786832575693e-01
1.510899322692568769e-01
1.510902801930179284e-01
9.091164193221900058e-01
9.091278508642325340e-01
1.511040954898366928e-01
9.091114872049069762e-01
1.510935216717122775e-01
9.091269142001174863e-01
9.091146085775063668e-01
9.091187007634700112e-01
1.510901144942926044e-01
1.510880148305616399e-01
1.510836648915959146e-01
1.510852028322701712e-01
9.091195099765078114e-01
9.091137756769255285e-01
1.510964397650199076e-01
9.091176424810669676e-01
9.091260554929719850e-01
9.091222703860603049e-01
9.091137589051471180e-01
1.510908237095522078e-01
1.510986331356461709e-01
9.091214806595118159e-01
9.091214790560552261e-01
1.510852835807503791e-01
9.091180332009067833e-01
1.510980082299557825e-01
1.510972152181057071e-01
1.510837474125851232e-01
9.091218556125173489e-01
9.091177567953167005e-01
9.091247758758170816e-01
1.510831884396636182e-01
1.510842875355707660e-01
9.091208819267844188e-01
1.510930973649170783e-01
1.510899649842517012e-01
9.091260430205467813e-01
9.091282933744411210e-01
9.091164240782961814e-01
1.510921932436965487e-01
1.510903737303151417e-01
9.091218843627988377e-01
1.510836717362151749e-01
9.091179057678132613e-01
9.091158243606999312e-01
1.510952397911865253e-01
1.510822796610793162e-01
9.091291537364887265e-01
1.510937166591277692e-01
9.091213756632473553e-01
9.091270643066639012e-01
9.091250081310120468e-01
1.510886235220532114e-01
9.091115412621001424e-01
9.091217949625882699e-01
1.510980727425189629e-01
9.091132056806277006e-01
1.510942221535993835e-01
1.510984285681699624e-01
9.091173577899240854e-01
9.091225356273699987e-01
9.091175028929281421e-01
1.510937965996925481e-01
9.091166745895427059e-01
1.510921515003217641e-01
1.511007304504309590e-01
1.510959677902117826e-01
1.510852163493065226e-01
9.091160463447772733e-01
9.091283901315246885e-01
9.091148760389057282e-01
1.510862010930190680e-01
9.091306363334419327e-01
1.510919129427799046e-01
9.091177134978806196e-01
9.091213638608385272e-01
9.091278913451842358e-01
1.510908426292979778e-01
9.091151297113939656e-01
1.510944074475633059e-01
9.091274775159619015e-01
9.091264178599054446e-01
1.510888237255878508e-01
9.091161278108603749e-01
9.091198461330328717e-01
9.091161950655848312e-01
9.091200008351073558e-01
1.510909859257650589e-01
9.091230771325434779e-01
1.510926828787453047e-01
1.150310953948093518e-01
1.510848639100563773e-01
9.091206424527349395e-01
1.510938554275950696e-01
9.091167486062204928e-01
1.510935124410803243e-01
9.091193751629332853e-01
9.091277564046460480e-01
9.091155119121280270e-01
1.510853382899403907e-01
9.091193925168874479e-01
9.091159550890594021e-01
9.091149709088077735e-01
9.091199458910931286e-01
1.510874258015394433e-01
1.510938408626277818e-01
1.510888472085085421e-01
9.091251934103790067e-01
9.091167081122980553e-01
9.091279456087485444e-01
9.091174168959776924e-01
9.091218358323144288e-01
9.091191688802270354e-01
9.091299321632098085e-01
1.510894336167456220e-01
9.091167096855832241e-01
9.091170157092354209e-01
9.091000394324975087e-01
9.091154963351685270e-01
9.091137064534140499e-01
9.091202332322384505e-01
9.091118142597551799e-01
9.091204729176455279e-01
9.091157541552359334e-01
9.091128430526216331e-01
9.091205719610290226e-01
9.091244309280360758e-01
1.510908677034352721e-01
9.091203606147733041e-01
9.091147077670087562e-01
9.091213008098220083e-01
9.091252174984904011e-01
1.510857059310037886e-01
9.091276654743969399e-01
9.091147133996828611e-01
9.091281776145494486e-01
9.091258810263228574e-01
9.091154444899081088e-01
1.510841432707889231e-01
9.091269125813561391e-01
9.091151830991751615e-01
9.091120649464223824e-01
9.091118420982995385e-01
9.091299140442061777e-01
9.091187277168545355e-01
1.510912224552544703e-01
1.511019210898261189e-01
9.091284492638305181e-01
1.510877263396457892e-01
1.510933303007464534e-01
9.091197971047914050e-01
9.091214353630456824e-01
9.091277466997963463e-01
9.091181844358294795e-01
8.520817049332255477e-01
9.091182388416222393e-01
9.091204841669759951e-01
9.091054405872717181e-01
9.091167912614884772e-01
9.091208498174699892e-01
9.091223486285270328e-01
1.510959257243816023e-01
9.091173344231963105e-01
1.511005889744215513e-01
9.091256742406920166e-01
9.091166345177796870e-01
9.091198461330328717e-01
9.091193798571419737e-01
1.510952546352735404e-01
9.091162775071366386e-01
1.510944663361822593e-01
9.091217934256756728e-01
9.091209157272123198e-01
9.091215047612244415e-01
9.091195559524674064e-01
9.091151991999347759e-01
9.091140892002912421e-01
1.510959453221362159e-01
9.091202530599004072e-01
9.091142430323500001e-01
1.510940025758361338e-01
9.091240867310677043e-01
9.091232144957346328e-01
9.091283433047336882e-01
9.091266443788398322e-01
1.510958557450770012e-01
9.091166387652115377e-01
1.510932960759968913e-01
9.091276084923479717e-01
9.091212357192403060e-01
9.091272989795259329e-01
9.091268610360779823e-01
9.091264764230665429e-01
9.091195852579267989e-01
9.091233662771144308e-01
9.091166611423593391e-01
9.091209175329307834e-01
1.510851197044350835e-01
9.091249771882163877e-01
9.091157045142562731e-01
1.510964148642624516e-01
1.510871256250007344e-01
9.091265390229105181e-01
9.091218881998978096e-01
9.091184937850056436e-01
9.091205823301362621e-01
1.510876927764091271e-01
9.091208432487066782e-01
1.510998361903667375e-01
1.510859183170591702e-01
1.510979367645699789e-01
9.091243091059298953e-01
9.091208345221404308e-01
9.091194241604095838e-01
1.510932486763461313e-01
1.510915848690620455e-01
1.510892160350462143e-01
1.510890331187193791e-01
9.091143683065048275e-01
9.091260560731643237e-01
9.091222703860603049e-01
9.091239972029154792e-01
9.091174474844236908e-01
9.091222218707917246e-01
9.091247709748178085e-01
1.510942437533177030e-01
1.510932870476519863e-01
9.091161856675861186e-01
1.510973914099895676e-01
1.510904191481683145e-01
9.091216612209630510e-01
1.510909404575390413e-01
9.091269441671494533e-01
9.091266843617747950e-01
1.510840886608772193e-01
1.510943109887703806e-01
9.091176545995471869e-01
9.091123725452101567e-01
9.091299804443457866e-01
9.091138578024020589e-01
9.091151940025935518e-01
9.091282635574167159e-01
1.510885859328792991e-01
1.510695340465487146e-01
1.510871469361184938e-01
9.091231566554072163e-01
1.510760835943228686e-01
9.091254848145220446e-01
9.091277846179356414e-01
9.091270146326838608e-01
9.091172198100484492e-01
9.091253491393906927e-01
1.510982176149266165e-01
9.091231273417630376e-01
9.091269747629148190e-01
9.091260095811646291e-01
9.091288952147490443e-01
9.091177451266011511e-01
9.091128973751987363e-01
1.472379173866604773e-01
9.091276342866028148e-01
9.091182388416222393e-01
1.510875661175818119e-01
1.510870478837300912e-01
9.091283265287120052e-01
1.510881729220582281e-01
9.091265465687624614e-01
9.091265411006556052e-01
9.091190985044212969e-01
1.510926708820013176e-01
9.091268988961492825e-01
9.091295367852098019e-01
9.091252624838475072e-01
9.091168549335936211e-01
1.510917881096090765e-01
1.510610367676027133e-01
9.091282019830250194e-01
9.091277876306341765e-01
1.510847637639370078e-01
1.510873972718150549e-01
1.510941935704062378e-01
9.091191011192122362e-01
1.472748271098389961e-01
1.510920053634509930e-01
9.091213166266025603e-01
9.091210340754534158e-01
9.091209161940444483e-01
1.510956348013281492e-01
9.091275395390090441e-01
1.510830855702515185e-01
9.091151147686330480e-01
9.091199149802036139e-01
9.091198930716281046e-01
9.091162259312793870e-01
1.511008106580725152e-01
9.091132402502356546e-01
1.510840477232735790e-01
1.510894281900993508e-01
1.510905141847701805e-01
9.091201340580711276e-01
1.510776535231099227e-01
1.510896360855122633e-01
1.510973343032193661e-01
1.510931243954039271e-01
9.091172594475124269e-01
9.091139114598043580e-01
9.091267141214516290e-01
1.510790514335089152e-01
1.510944362444255618e-01
1.510861735412598605e-01
1.510833843661366915e-01
9.091154504166164552e-01
9.091217188954379136e-01
9.091166144358904244e-01
1.510891362526368409e-01
9.091115339899008552e-01
1.510914542139182026e-01
1.510874495760240188e-01
1.510947303392536911e-01
1.510823897567123708e-01
1.510831868549214196e-01
1.510936751307869474e-01
1.510897725391531499e-01
9.091254322192647841e-01
1.510929960055870380e-01
1.510795994572708689e-01
9.091139192181817430e-01
9.091168849186247458e-01
9.091164195180554408e-01
1.510879026497982947e-01
1.510923599321988275e-01
9.091250313941079408e-01
1.510983374267876878e-01
9.091209596894144207e-01
1.510950658336189523e-01
9.091178961572340400e-01
9.091175934642548029e-01
9.091280529664047538e-01
1.510947729435497267e-01
1.510843031311951135e-01
1.510865527091385108e-01
9.091276254613596119e-01
9.091213590853547410e-01
9.091113843887977941e-01
9.091163274462771282e-01
1.510995240971892695e-01
9.091124093139001383e-01
9.091268390207573047e-01
9.091262680859557577e-01
9.091213710473928789e-01
