1.945257899122492537e-03
2.063001383197025397e-03
2.087352031806313010e-03
1.945127218030779249e-03
2.015019737260621314e-03
2.094892761943729139e-03
1.945661328481307264e-03
1.943419226750799826e-03
1.945899003234131128e-03
2.004282543597361594e-03
1.944160541378913386e-03
9.960266609984911312e-01
1.944112376762900185e-03
1.996399642713062288e-03
2.021333832483014972e-03
2.029266949808846213e-03
2.060356557417594887e-03
1.874037263699096902e-03
1.845282444269882773e-03
1.944183009713537202e-03
1.945052863401125617e-03
1.945378431947657324e-03
2.085405581049500426e-03
1.944887168610711292e-03
1.944503602875002944e-03
1.944513784751438672e-03
1.944981323157095624e-03
1.865339619783010433e-03
1.944584645536960761e-03
1.944860638253485081e-03
2.012227341923443231e-03
2.070685266895560834e-03
2.018308615060237891e-03
1.945391397493406770e-03
1.943230461140941188e-03
1.945076772466130350e-03
1.997222989462674875e-03
1.944983284332080621e-03
0.000000000000000000e+00
2.123216165490610617e-03
1.942591020039087599e-03
1.685230384585659994e-03
1.944399990069032918e-03
1.944825510861273926e-03
1.986573853422940548e-03
1.944808362957489494e-03
0.000000000000000000e+00
1.450596319952903975e-03
1.968835688471630777e-03
2.019650718338932612e-03
1.945933479010374719e-03
1.559012710910158243e-03
1.943788787774491152e-03
2.002335070874274384e-03
1.945251870040110541e-03
1.703532504673282771e-03
2.015559035790725519e-03
1.844549371056111633e-03
1.945855677430938192e-03
1.945327879216460871e-03
1.945001014665085791e-03
1.945083991928390999e-03
1.999577833566765737e-03
1.945946349949924338e-03
2.027825747173328877e-03
1.944035785329579786e-03
2.088341304282400127e-03
1.946741425775721851e-03
1.945289988889872769e-03
1.596885844283014088e-03
9.851277021084006158e-01
2.051623694773203194e-03
1.991580558054213690e-03
1.945516189905913259e-03
2.013213112400360529e-03
1.945665277651252752e-03
1.771261511059980462e-03
1.620581147157516269e-03
2.009548959653854969e-03
1.943071272258087593e-03
1.945123505346044081e-03
2.007151223709914729e-03
1.945927904939297182e-03
2.003602124914544581e-03
9.990503071265142143e-01
1.946849616006776250e-03
1.945497093396251261e-03
1.944715508345991242e-03
1.682815467920815641e-03
1.944867362573516213e-03
2.006163160393444229e-03
1.946781545755414244e-03
1.945266192464620379e-03
1.982608872638754946e-03
2.016921435321241372e-03
1.946809777117490233e-03
1.981390634671619053e-03
6.042801129923652988e-03
1.944933149246834761e-03
1.944895303257010086e-03
1.945031021730822063e-03
1.945267601985167100e-03
1.945944009723333699e-03
1.946093084677666656e-03
2.040413792662021126e-03
1.944387998142265133e-03
1.944345762061615301e-03
1.944783728803733350e-03
1.945497861378792971e-03
1.945245644115701058e-03
1.680717295987613517e-03
1.944951334779482450e-03
1.945323566805946683e-03
1.945409326230313971e-03
1.946519182154489479e-03
1.945797074143781804e-03
1.944950749365671923e-03
1.943505277189035499e-03
1.945402325292718048e-03
1.953618555722435798e-03
1.778920960562321548e-03
9.912538234249413938e-01
2.060599183986249177e-03
1.944860214746761684e-03
1.944388913949597879e-03
1.969597867776831743e-03
1.945627436105752759e-03
1.943422733056543840e-03
1.944890234493163502e-03
0.000000000000000000e+00
0.000000000000000000e+00
1.944617941559708720e-03
1.945795216886130746e-03
2.048925565331342555e-03
1.945239662878801195e-03
2.008467212678805014e-03
9.895308932679640623e-01
1.744875743326197151e-03
2.063463221375590358e-03
1.945136020931882400e-03
1.948660827578111788e-03
1.986175122714146316e-03
1.944750727876256528e-03
1.943230461140941188e-03
1.948205002327080965e-03
2.044096743353439587e-03
2.060964298296857466e-03
1.945267147795359808e-03
2.030970293533705152e-03
1.945610886363014196e-03
2.006288304752216253e-03
2.019549500232841084e-03
9.979888331995503403e-01
1.944379305119147165e-03
2.068824933055349920e-03
9.991211382080708026e-01
1.945141283371963755e-03
1.946357235458641638e-03
9.956281766046716220e-01
1.944960537897555408e-03
1.886050857685053848e-03
1.993648084410991426e-03
1.945035385261774212e-03
2.002555917275877263e-03
1.565802369673214602e-03
1.820379254322047804e-03
1.945122015679574476e-03
1.946664117185839451e-03
1.944105780550754899e-03
1.946389129596392837e-03
1.943230461140941188e-03
1.361791789785176060e-03
1.945256358133616104e-03
1.945015644200584828e-03
1.985333184951464016e-03
1.946166663794077472e-03
2.006533328346756049e-03
1.944409011652054996e-03
1.945018629200351290e-03
1.947110824618884404e-03
1.994080540933696345e-03
1.944389134946787612e-03
1.947255948701069259e-03
2.013561917812570386e-03
1.944461035162274977e-03
1.995366865221892983e-03
1.945348742730593564e-03
1.945330260966622116e-03
1.296128684152792268e-03
1.943286778041769264e-03
2.010800071234357476e-03
1.944928729354280378e-03
1.786449971746715496e-03
1.946085248256344043e-03
1.699213804547408495e-03
1.944446893903917315e-03
1.940244109185595284e-03
1.943951156983234323e-03
1.944616085370860911e-03
9.991512172659186009e-01
2.027341151632616398e-03
1.945559328765539449e-03
2.030279619961875524e-03
1.319927259487971511e-03
2.001770499743920663e-03
2.015423223965299993e-03
2.045000261588731522e-03
2.084075403636469637e-03
1.876419827973898041e-03
1.944984166648819823e-03
1.946783489200893443e-03
1.944702258499897895e-03
1.991967211295131868e-03
1.944403225510993490e-03
3.626818019632719193e-05
9.984123406044774773e-01
2.037282549941052401e-03
1.861275376695476803e-03
1.944810215190308656e-03
1.945716087935571263e-03
1.943230461140941188e-03
1.233320885800940833e-03
1.943628775234668322e-03
1.996469563121572657e-03
1.941711722762831400e-03
2.001224646128535456e-03
2.000464116161402520e-03
1.945267967475092967e-03
1.999490912034004343e-03
1.945508665889276751e-03
1.945122250649594696e-03
1.945253630105644614e-03
1.945715912300680518e-03
1.945512389721470742e-03
1.992158151313574467e-03
1.975214051138478744e-03
2.005668082685975202e-03
1.945389467900039519e-03
1.987096725742498911e-03
1.948071549605369249e-03
1.945411119216489734e-03
1.944360004699625033e-03
2.008883204913564351e-03
2.250405828586118581e-03
1.977219284759336448e-03
1.984937497240599376e-03
1.944404505038786453e-03
2.037533359553840052e-03
1.944941844949695442e-03
1.945224446441780851e-03
0.000000000000000000e+00
1.945266846267470779e-03
1.945210081471123419e-03
2.022667864757802820e-03
1.944923739416660373e-03
9.743058645955826602e-01
1.946021666183185258e-03
2.068768384256718367e-03
1.942397654229256060e-03
1.945177492878683587e-03
1.945211453626309985e-03
1.944626495758370417e-03
2.044997432461380729e-03
9.997691960638618314e-01
1.984989555939548241e-03
1.945189417582125074e-03
2.008294789118581988e-03
6.640115561322791453e-03
1.939813100884058786e-03
1.944771147162069076e-03
2.002028414475109062e-03
2.009444783596222184e-03
1.945486459245070968e-03
2.003107373695488247e-03
1.982899548552373437e-03
9.979880256012175765e-01
1.944624848549616038e-03
1.944579596285951053e-03
1.984674736565145321e-03
1.945131917111660820e-03
1.998737533133123148e-03
1.945631770264228235e-03
1.983009301678497274e-03
2.059793533774617689e-03
1.944148345216212314e-03
2.115484809064346709e-03
2.058171994520428382e-03
2.079335297794470804e-03
0.000000000000000000e+00
1.880699214823497965e-03
2.005902097162022731e-03
1.945111922676542177e-03
2.023673407932977033e-03
1.944934907780536014e-03
1.945974516716403226e-03
1.944921935716847385e-03
0.000000000000000000e+00
1.675230601999002722e-03
1.959302831994261251e-03
1.945128383313452771e-03
1.944704785869069913e-03
1.945080792620240565e-03
1.945200861526087026e-03
1.947330870512650400e-03
1.945213584907299568e-03
1.945163706363761723e-03
1.944839106350594420e-03
2.022866325356489914e-03
1.946392828502928286e-03
1.946180232799694931e-03
1.945063272649961116e-03
1.944244667829089258e-03
2.091881072371064732e-03
1.944940359214558309e-03
1.944983074207937493e-03
1.945006402892067790e-03
1.945212388995468198e-03
1.945406632636648364e-03
1.945078672760116104e-03
1.943885381754110976e-03
1.945799612331723313e-03
1.944901409410554902e-03
1.945028041974098581e-03
1.770321603721336642e-03
1.947243833539754124e-03
1.945233453384936353e-03
2.002433210778807246e-03
2.019972066343332824e-03
1.942914656708677685e-03
2.005851211670496570e-03
1.945495442188826998e-03
2.024000964406163627e-03
1.943587373053056204e-03
2.008156743670277359e-03
2.062305381096704495e-03
1.946254159395414312e-03
2.005747066758650256e-03
1.945539657067542122e-03
1.945561462705690985e-03
1.981185498810215679e-03
1.944653677984316438e-03
1.944434440557838133e-03
2.005710117510167353e-03
2.054849982918710918e-03
2.042107766068770088e-03
1.852623278411056652e-03
1.976725519275151013e-03
1.695646832319986242e-03
1.945680566264166829e-03
9.956277995274500636e-01
2.014109056787249420e-03
2.004245964496256718e-03
2.018327861212643615e-03
3.854055877054703982e-01
9.824805914460623679e-01
1.944831044429734795e-03
9.916019435578877772e-01
1.946750099161115863e-03
2.050971224764482157e-03
1.944339099183410406e-03
1.945667569900826500e-03
1.945469326253966135e-03
9.963369524919077902e-01
1.947799123532345869e-03
9.931676119281680482e-01
1.945358639263019803e-03
1.945392184581350419e-03
1.945330348437961316e-03
2.028102758515798291e-03
1.945227678805668469e-03
1.944974894256841893e-03
1.046490839428265577e-03
1.945033956893753345e-03
1.945001102186499952e-03
1.945874190378846583e-03
1.827846905086433042e-03
1.944396826765790306e-03
1.943885353298873244e-03
1.943655099728577255e-03
1.984698270236483382e-03
9.991593973171439824e-01
2.015060640809922862e-03
2.005077235655794432e-03
1.946099215032429542e-03
2.153130821390730667e-03
9.994203673520172249e-01
1.944797967737294225e-03
1.944132157107619774e-03
2.045450683476321852e-03
1.906270326768816706e-03
1.945131692512733039e-03
1.947049229755068228e-03
1.910508598858344639e-03
1.945662817487817152e-03
1.945502281077117956e-03
6.738057340382821309e-03
1.945005018357919870e-03
1.944959740220161002e-03
1.945265598367261831e-03
1.968072368903770776e-03
1.945151838598560600e-03
2.003552520205070017e-03
1.945015213746952671e-03
2.003812677476850008e-03
2.020300241647102115e-03
2.007990098413299940e-03
1.944651419774789079e-03
9.333054273948074853e-01
1.945127177675319823e-03
1.991923901221879286e-03
2.008922077700229288e-03
0.000000000000000000e+00
2.013131531161947360e-03
1.945586082583483905e-03
2.008576579957883565e-03
1.945902614349946137e-03
1.944980397777102289e-03
1.943576863288502994e-03
1.945666251350240726e-03
9.945304988292784643e-01
1.945023850696848402e-03
1.998719523358858784e-03
1.948306706404844034e-03
1.983639105388174464e-03
1.944052030024317384e-03
1.979042367366272686e-03
1.944387960646746507e-03
1.948009279135455964e-03
1.945572381978135550e-03
1.944751155888998963e-03
2.089282154300628296e-03
1.135801068075268381e-03
1.944168624477290649e-03
1.944137874409160175e-03
0.000000000000000000e+00
1.972132558224681462e-03
2.077397802103053605e-03
2.000856275203845031e-03
2.014686217337964373e-03
1.944403372723261907e-03
