3.730228882752330277e-02
9.604438708953679793e-01
9.604451371714098906e-01
3.725027966276318186e-02
9.604425741617607093e-01
9.604418567799374307e-01
3.724792388558160333e-02
3.729387169866181517e-02
3.730299873546558814e-02
9.604418697467398403e-01
3.727958657359959488e-02
9.604424392795793963e-01
3.728863228503019600e-02
9.604424145050448614e-01
9.604424752522107145e-01
9.604444126846206631e-01
9.604427964175004107e-01
9.604454098721714184e-01
9.604478443031806423e-01
3.731858777486111306e-02
3.732226004631088168e-02
3.729783872421946200e-02
9.604448158358644960e-01
3.732236241253999304e-02
3.729343582060941353e-02
3.728882147876892705e-02
3.732277749842553144e-02
9.616969296031231407e-01
3.732153236954499631e-02
3.733634991591655572e-02
9.604449300090871500e-01
9.604448307288365738e-01
9.604449293008243682e-01
3.730365814581339257e-02
9.624284300798409131e-01
3.724802839923795766e-02
9.604425826727061022e-01
3.732148501497473819e-02
0.000000000000000000e+00
9.604429984259342801e-01
3.729745826076127924e-02
9.604518199037985760e-01
3.728870685508129529e-02
3.724962865576036952e-02
9.604422951526127017e-01
3.724973487853112247e-02
0.000000000000000000e+00
9.604509703503153473e-01
9.604441537746570834e-01
9.604428165955631869e-01
3.729804869844247778e-02
9.604413382259103793e-01
3.727988621356399107e-02
9.605346716607722213e-01
3.730259609110887775e-02
9.604421377820224759e-01
9.604427748960059352e-01
9.604416636052963696e-01
3.731102822894600407e-02
3.729782416038786297e-02
3.724979071157871746e-02
3.731975604121019752e-02
9.604424049713513600e-01
3.727536329372872770e-02
9.604425567985261925e-01
3.729816806891254194e-02
9.604438233655941959e-01
3.731182920497096156e-02
3.733348169651024701e-02
9.604432114854687397e-01
9.604387800699550892e-01
9.604518843112211934e-01
9.604423058860868112e-01
3.732015116547318656e-02
9.604431311036424335e-01
3.728207364944515628e-02
9.604510954632777819e-01
9.604420389733134833e-01
9.604417659055891621e-01
3.732269826584510425e-02
3.733629834685062154e-02
9.604422942623627169e-01
3.727728863613900823e-02
9.604446827110053597e-01
9.604451377418100622e-01
3.725105961714673952e-02
3.732038732033908512e-02
3.729740650368854743e-02
9.604441309121451997e-01
3.729883632190524739e-02
9.604417484933567284e-01
3.726654405542347698e-02
3.728711588620834544e-02
9.604452494847297572e-01
9.604425557150275683e-01
8.160783632928544362e-01
9.604430645421994095e-01
9.604421973680418168e-01
3.732128376443824558e-02
3.729787013808400636e-02
3.729784459316825423e-02
3.729792548696650445e-02
3.725152604371012588e-02
3.731116490637608613e-02
9.604408860544489945e-01
3.734806735420521245e-02
3.728015109343829625e-02
3.728779253493089141e-02
3.728943204106326820e-02
3.731063114144687887e-02
9.604432631494265182e-01
3.725786313016212631e-02
3.729660463231046497e-02
3.473777133180083049e-02
3.725213029001717135e-02
3.732037061328921657e-02
4.327489315486023058e-02
3.732116835940146871e-02
3.730628644509738356e-02
9.604430764432363432e-01
9.604423246971814931e-01
9.604388091023584595e-01
9.604415335647876750e-01
3.727877626064188959e-02
3.729896714563944032e-02
9.604415026434920399e-01
3.731013727098262539e-02
3.721703302059443941e-02
3.731363845130402507e-02
0.000000000000000000e+00
0.000000000000000000e+00
3.732000187315153567e-02
3.729772835596609909e-02
9.604444068808483115e-01
3.729782415987083904e-02
9.604433743731084494e-01
9.604433789542337063e-01
9.604426963306679221e-01
9.604439592227672629e-01
3.729766723339046630e-02
3.731154796139583146e-02
9.604426820989055980e-01
3.729448011539068103e-02
9.624284300798409131e-01
9.763827267641497221e-01
9.604461404881859954e-01
9.604444708289368027e-01
3.728962933641390837e-02
9.604464723942159887e-01
3.729504611502244826e-02
9.604436247133641968e-01
9.604425607490749695e-01
9.604407117832479690e-01
2.798957359659503402e-02
9.604448997551322531e-01
9.604419639726891056e-01
3.730275220590117957e-02
3.729795366336933343e-02
9.604427431701132445e-01
3.729834361370161500e-02
9.604423836465590947e-01
9.604425670791874037e-01
3.725025432446138485e-02
9.604440202847704944e-01
9.605001463864212274e-01
9.604434993977085666e-01
3.728877330000551771e-02
3.729411307741228171e-02
3.734803195032695977e-02
3.724831675006468751e-02
9.678399706204349195e-01
9.604533949735868381e-01
3.730573091607021496e-02
3.727067367401389747e-02
9.604425797212147176e-01
3.729813799020827852e-02
9.604419651658556711e-01
3.728179380865736386e-02
3.729847828596725978e-02
3.727375832453002497e-02
9.604419595818092237e-01
3.729706307175702923e-02
3.729708896970952703e-02
9.604409693976065920e-01
3.730365975533843359e-02
9.604420139715291738e-01
3.726258740562531785e-02
3.728141757193435130e-02
9.604430625112501119e-01
3.729239234697928618e-02
9.604443961637517679e-01
3.729969447899197932e-02
9.604427722195871819e-01
3.729828071818292595e-02
9.604380211882375118e-01
3.728538034033063164e-02
3.729520726926630059e-02
3.728984200479306538e-02
3.727164593143807853e-02
9.604438560552888138e-01
9.604431918141626001e-01
3.729817088201023423e-02
9.604453200131520818e-01
9.604384331343187586e-01
9.604365000674661701e-01
9.603710189276931652e-01
9.604435249622599313e-01
9.604422711345781405e-01
9.604420881581654523e-01
3.732151486339880392e-02
3.730328513600007084e-02
3.731160424189054747e-02
9.604428653531092985e-01
3.732063695534362097e-02
9.604492891643947594e-01
9.604451817560015758e-01
9.604438419465890497e-01
9.604458233372936693e-01
3.732233680955353988e-02
3.729786116037871885e-02
9.678399706205247366e-01
9.604373828920231837e-01
3.741402663731176192e-02
9.604429487255097264e-01
3.729766453058421666e-02
9.604427938450416091e-01
9.604515698334172846e-01
3.726714279712521616e-02
9.604380049375631501e-01
3.728829683382066384e-02
3.729689208920045768e-02
3.731995109435096852e-02
3.730360298352933257e-02
3.733342661889182262e-02
9.604417691029688564e-01
9.604525538879967739e-01
9.604443134379904157e-01
3.728266692637381002e-02
9.604519361054308924e-01
3.732259577244745330e-02
3.729793567945252630e-02
3.722784377913641862e-02
9.604417863889126439e-01
9.604421999717546177e-01
9.604433702062662448e-01
9.604409147714300099e-01
3.729649486843553824e-02
9.604439640486459595e-01
3.732168671429973023e-02
3.729691112700194572e-02
0.000000000000000000e+00
3.725061972479613154e-02
3.728730209931604284e-02
9.604445774448366890e-01
3.730293332427605385e-02
9.604393367563548445e-01
3.733797329925007263e-02
9.604428696485312056e-01
3.732068496488816223e-02
3.724451211212702340e-02
3.613854094363159325e-02
3.604596505975207060e-02
9.604451837064825748e-01
9.604492510516450254e-01
9.604427519573273120e-01
3.730287510162205722e-02
9.604415694178807250e-01
9.604395593778680684e-01
9.603481267124431842e-01
3.728843077876950463e-02
9.604422191555219701e-01
9.604400919232572997e-01
3.732079641166075740e-02
9.604417968209105760e-01
9.604427817954142022e-01
9.604477627747977087e-01
3.729742568855001772e-02
3.732194679956025996e-02
9.604421359090540289e-01
3.721481509103202745e-02
9.604372344323590660e-01
3.730028899151869443e-02
9.604427709785802181e-01
9.604452203954203515e-01
3.726435210973100265e-02
9.604418150808380350e-01
9.604444848948552327e-01
9.604432627842872661e-01
9.604886215188908061e-01
9.604447219794468582e-01
9.604424460461186142e-01
3.730080944367605150e-02
9.604453925115022939e-01
3.730376502076774431e-02
3.724885061956323407e-02
3.728869447080654376e-02
0.000000000000000000e+00
9.604422654119213476e-01
9.504833781391673897e-01
3.729730169607818613e-02
3.732276116464680604e-02
3.724958928040759953e-02
3.726517422168479365e-02
3.729798640325637793e-02
3.729758048890043781e-02
3.729724900720222253e-02
3.729642538628200749e-02
9.604451476868055559e-01
3.731163012495030545e-02
3.731122060737486479e-02
3.731134888362933749e-02
3.732309726939352784e-02
9.604423779504952519e-01
3.729805238269163353e-02
3.725089779990146260e-02
3.732223360726429767e-02
3.725110115279899048e-02
3.725276064268175785e-02
3.723689425210820192e-02
3.728770307361764513e-02
3.730270753939605999e-02
3.730309397981622366e-02
3.730258290442579200e-02
9.603832765649079617e-01
3.729982778540508193e-02
3.726604736103707183e-02
9.604442377311309675e-01
9.604429102423799325e-01
3.732205437516422641e-02
9.604409711905025349e-01
3.729686760234793286e-02
9.604446032353916030e-01
3.732069728402416520e-02
9.604437064301403204e-01
9.604479597492355802e-01
3.725187401448286362e-02
9.604419352324435888e-01
3.729791036764321804e-02
3.725171278119328994e-02
9.604408752147554074e-01
3.729699278057625744e-02
3.729985066388605969e-02
9.604442287845681436e-01
9.604442837277292755e-01
9.604438877566769950e-01
9.604458996859298603e-01
9.604520537014015202e-01
9.604522007929501282e-01
3.729784432562872898e-02
9.604458772607556982e-01
9.604428564388005629e-01
9.604419749483104063e-01
9.604423051681841850e-01
9.604436266364919650e-01
9.604434832976983527e-01
3.735374825873288146e-02
9.604485918281435719e-01
3.732084134093162364e-02
9.604452050947965835e-01
3.731234690272546006e-02
3.728743803202334839e-02
3.729900293755573221e-02
9.604425746756647397e-01
3.732103014009144348e-02
9.604479852468449375e-01
3.724745559257916505e-02
3.729726502698289814e-02
3.730299305303218932e-02
9.604451695046229975e-01
3.733875905296556857e-02
3.731311570646275028e-02
9.604497132242908464e-01
3.729812521797613162e-02
3.732248236703605837e-02
3.725155472549621788e-02
9.604399064779313155e-01
3.733523613788598122e-02
3.724933492562439163e-02
3.732032871786100658e-02
9.604427336894709732e-01
9.604434825473561199e-01
9.604423923863480983e-01
9.604430509647803316e-01
3.725148552775448679e-02
9.604410609201716742e-01
9.604412838929096141e-01
3.732066904506618071e-02
3.733596968674023076e-02
9.604456860012925423e-01
9.604411874042808606e-01
3.732203342527268264e-02
3.730169994526142535e-02
9.604408870680982702e-01
3.730456118608075494e-02
3.729368686612352657e-02
9.604458679304463953e-01
3.730564671900694212e-02
3.732127306141729689e-02
3.730325876622781617e-02
9.604536757704549288e-01
4.122149475715525258e-02
9.604450317801840331e-01
3.733683857235408493e-02
9.604437575318406362e-01
9.604437239349136179e-01
9.604443132961172358e-01
3.732289103596977964e-02
9.604469467396217208e-01
3.728866232420870869e-02
9.604380346348614372e-01
9.604418921985102831e-01
0.000000000000000000e+00
9.604435168114102694e-01
3.725153300886226843e-02
9.604432629406458588e-01
3.729733481569973835e-02
3.729653276802519929e-02
3.731974650572911917e-02
3.730741757449174828e-02
9.604449120945707241e-01
3.729721454328886049e-02
9.604459900844432019e-01
3.732182412865831661e-02
9.604455478203156593e-01
3.732293792411732480e-02
9.604466774901535553e-01
3.724186564166580282e-02
9.606894257898684897e-01
3.724963013049769484e-02
3.729758015392439091e-02
9.604436144655307261e-01
9.604377191435514716e-01
3.728948428311217728e-02
3.278125382673517663e-02
0.000000000000000000e+00
9.604425534310432333e-01
9.604426883633837564e-01
9.604419840901805561e-01
9.604442578399320363e-01
3.728865303922201946e-02
