9.521478489749876650e-02
8.981952910947871294e-01
8.981964840518064097e-01
9.521566091152175448e-02
8.981960187908568649e-01
8.981901067997937194e-01
9.521563784913882056e-02
9.521434475516887819e-02
9.521873271624843593e-02
8.981997972751789572e-01
9.520825710845072509e-02
8.981990231295513549e-01
9.522006514888271822e-02
8.982006756526259572e-01
8.982006086186028471e-01
8.982013290307802045e-01
8.981893326111535236e-01
8.981950500271657090e-01
8.981861689158142648e-01
9.521237201013961482e-02
9.521223871099503133e-02
9.521834045632311672e-02
8.981878043387294674e-01
9.522001016664211059e-02
9.521201875856409591e-02
9.522227203143719676e-02
9.521138729508862864e-02
8.981881838667642448e-01
9.520849468472272759e-02
9.521643594297375668e-02
8.982000965564308492e-01
8.981935821765932859e-01
8.981984199388550749e-01
9.521848392486606527e-02
8.982002249721825482e-01
9.521653147942234219e-02
8.981884716995570672e-01
9.521460438984276353e-02
0.000000000000000000e+00
8.981937211555075518e-01
9.520221779322880773e-02
8.982011530796036869e-01
9.521499923120613218e-02
9.521062368223312533e-02
8.981946345523568187e-01
9.521084554307022996e-02
0.000000000000000000e+00
8.981948020294927559e-01
8.982010721618809423e-01
8.981946304459786923e-01
9.521501079184567506e-02
8.981931653057967369e-01
9.521469063241667918e-02
8.981988526517363791e-01
9.520732953364981210e-02
8.981989287954266210e-01
8.981921656695471823e-01
8.981897545988850595e-01
9.521658351516995578e-02
9.520067767613756005e-02
9.521559759087383501e-02
9.520731461450523958e-02
8.981963116487281518e-01
9.522341692432940985e-02
8.981999748023092867e-01
9.521655827159276886e-02
8.981908150239281685e-01
9.521701451148122108e-02
9.521560241545200254e-02
8.982001201303686511e-01
8.981986923065188311e-01
8.982020032695716694e-01
8.982005160925491394e-01
9.521531231823739116e-02
8.981938281656444145e-01
9.520923066996321571e-02
8.981990577057568093e-01
8.981894517146903345e-01
8.981989195413133675e-01
9.521116444595038864e-02
9.520701977848623765e-02
8.981961093573523902e-01
9.521769825995440861e-02
8.981934948975209831e-01
8.982005956126317692e-01
9.521211940824411690e-02
9.521591085280070588e-02
9.520879572986608308e-02
8.981962594688177592e-01
9.521868542781253275e-02
8.981892400570181678e-01
9.521223114322123482e-02
9.520480475959916533e-02
8.981972948418117664e-01
8.981905314589134770e-01
8.390153194215660415e-01
8.982027830276149150e-01
8.981942464581981200e-01
9.521880675893425183e-02
9.521229559530956787e-02
9.521822694745175897e-02
9.520943463205872037e-02
9.520955800826524928e-02
9.521833651854283431e-02
8.981991541026472792e-01
9.521124378611348082e-02
9.521637450072686915e-02
9.521581502695097843e-02
9.521250158099447969e-02
9.521799147293039112e-02
8.981967597113827972e-01
9.521592038984698358e-02
9.521797420450257843e-02
9.520685750327353980e-02
9.522127134461022546e-02
9.521058591381696690e-02
9.520808290378396377e-02
9.521435248368705084e-02
9.522015299881901595e-02
8.981981049034961639e-01
8.981887837230182470e-01
8.981870706204851951e-01
8.981909440241003795e-01
9.521129614542628294e-02
9.522000820161392876e-02
8.982004746985414734e-01
9.521247242801608723e-02
9.521268891256988443e-02
9.521459712010396648e-02
0.000000000000000000e+00
0.000000000000000000e+00
9.521513988964920572e-02
9.521498968374032812e-02
8.981905617129790631e-01
9.521536179940266742e-02
8.981968224286224212e-01
8.981960246387117319e-01
8.981929911829373836e-01
8.981996982166795540e-01
9.521075228009766300e-02
9.522112123271606055e-02
8.981911211126214489e-01
9.521160630666572477e-02
8.982002249721825482e-01
8.981892318907096495e-01
8.981951652129740449e-01
8.981921806896846494e-01
9.521754328000123224e-02
8.981925062543537619e-01
9.521292391710015068e-02
8.981920720597781349e-01
8.981880453784373275e-01
8.981947741804027219e-01
9.521333835286743819e-02
8.981884371950197288e-01
8.981890912187997511e-01
9.521971228392255016e-02
9.521692452755042835e-02
8.982159773950402215e-01
9.521798051334760815e-02
8.981964604118939377e-01
8.981884589623563286e-01
9.521506647916372357e-02
8.981960834414356443e-01
8.981961755084462151e-01
8.982021554948106390e-01
9.521826248377986135e-02
9.521596246513838735e-02
9.520678858275589962e-02
9.521540559996592712e-02
8.982002249721825482e-01
8.981901785115170567e-01
9.521909914281977139e-02
9.522005973190322825e-02
8.981865395581840605e-01
9.521332890801594007e-02
8.982025004693038328e-01
9.521920627906746426e-02
9.521830675314846282e-02
9.521154081816983472e-02
8.981972606327333075e-01
9.521934240700047347e-02
9.520792909543100702e-02
8.981934986196802306e-01
9.521356682578697994e-02
8.981908392383137762e-01
9.520864915505936055e-02
9.521328987291827195e-02
8.981934163584516240e-01
9.522046028627698111e-02
8.981987015321672985e-01
9.522070021728498701e-02
8.981913757248523034e-01
9.522133972049083572e-02
8.981881156436135605e-01
9.521731876527093907e-02
9.521389098237924287e-02
9.521581770826674507e-02
9.521873247272125140e-02
8.981928544952243465e-01
8.981892007349029372e-01
9.521267823764514859e-02
8.981895184234324203e-01
8.981979982835068821e-01
8.981911981041075244e-01
8.982013417034099279e-01
8.981921372204596521e-01
8.981995983326932498e-01
8.981988902229562921e-01
9.520876684037145321e-02
9.520838911981632791e-02
9.521496824283753879e-02
8.982010237025679356e-01
9.521793508354044200e-02
8.982033728741809497e-01
8.981917078748353767e-01
8.981882128971170332e-01
8.981905867062695004e-01
9.522288183403961048e-02
9.521373768548803407e-02
8.982002249721825482e-01
8.982013812203419878e-01
9.520528594503918640e-02
8.981927187058249551e-01
9.521962752426864351e-02
8.981903785047514743e-01
8.981946524813299026e-01
9.520670261690512837e-02
8.981957869506329573e-01
9.521541485179220443e-02
9.521916559119188161e-02
9.521928116062813863e-02
9.521484512935657341e-02
9.521641223153959332e-02
8.981982623684366951e-01
8.981890152177780529e-01
8.981877103819260189e-01
9.522357242503619312e-02
8.981874649375400921e-01
9.521094534622299987e-02
9.521938172406756162e-02
9.521891718262583126e-02
8.982013600468533587e-01
8.982016459372729189e-01
8.982017507383091015e-01
8.981993941249621916e-01
9.520779327439783668e-02
8.981940253060076707e-01
9.521359772364183793e-02
9.521277516430090571e-02
0.000000000000000000e+00
9.521391333127056378e-02
9.522417333943586359e-02
8.981931223519407093e-01
9.521693834532767020e-02
8.981995106030661313e-01
9.521661991968215222e-02
8.981993656885927102e-01
9.521701064912657664e-02
9.521308605928535673e-02
9.520942538555457468e-02
9.521471017865477948e-02
8.981907293569630912e-01
8.981925400684781513e-01
8.981913025095098480e-01
9.520983116196632401e-02
8.981922263138358842e-01
8.982012303003030773e-01
8.981967286476473245e-01
9.521348268165190365e-02
8.981985898776275734e-01
8.981837342603755658e-01
9.521585123535078465e-02
8.981912462616425952e-01
8.981944964001625786e-01
8.981995934919179136e-01
9.520599727036546667e-02
9.521623565259056121e-02
8.981886049700099628e-01
9.521171139346532031e-02
8.981960865785622028e-01
9.520772880139914685e-02
8.981999017708263144e-01
8.982005730053495007e-01
9.520650620786974550e-02
8.981900886568510156e-01
8.981935049947563643e-01
8.981981841283184220e-01
0.000000000000000000e+00
8.981908402020307713e-01
8.981888635923926945e-01
9.521297946987244964e-02
8.981961128844031528e-01
9.521016871525944669e-02
9.521479790229929463e-02
9.521353002696462953e-02
0.000000000000000000e+00
8.981929687509191407e-01
8.981995643400249030e-01
9.521200011803149232e-02
9.521722080074213057e-02
9.520769191870040449e-02
9.521417521029794384e-02
9.521299892598478198e-02
9.521727300895817259e-02
9.521549183196524602e-02
9.522123187714909287e-02
8.981877431967044689e-01
9.520803272648627191e-02
9.522017258783957439e-02
9.521562786390266875e-02
9.521008634734687281e-02
8.981927858358875749e-01
9.520785819320223831e-02
9.521638996956711953e-02
9.521593459464296194e-02
9.521658479030006839e-02
9.521438231154427667e-02
9.520602936953653783e-02
9.520149835875467426e-02
9.520757381589541046e-02
9.520601276180717942e-02
9.520783670001040089e-02
8.981888773822567229e-01
9.520951872559617335e-02
9.521424460575733661e-02
8.981911205581498692e-01
8.981984433606978735e-01
9.521562538372618789e-02
8.981929063390494683e-01
9.521287863246073735e-02
8.981969163367788944e-01
9.520730898832521771e-02
8.981920053862114672e-01
8.981886081895634755e-01
9.521408535600686673e-02
8.981907628437671987e-01
9.520700085248377798e-02
9.521580689466591085e-02
8.981882163486054615e-01
9.521155088550482815e-02
9.520471947991669681e-02
8.981966974665429593e-01
8.981982692591846673e-01
8.981944357487813280e-01
8.981960190396713895e-01
8.982000829725328428e-01
8.982005757240549837e-01
9.521282826513981223e-02
8.981875862761117268e-01
8.982007655363157816e-01
8.981982453326626814e-01
8.982009028073114631e-01
8.981903469508338844e-01
8.982031542323930529e-01
9.520711115935401314e-02
8.982078758467434421e-01
9.520962657984474720e-02
8.981978999278454889e-01
9.522038774643477865e-02
9.521453467227168621e-02
9.520814503116221961e-02
8.981933653851141841e-01
9.521444998595111897e-02
8.981919690721831273e-01
9.521322817339920863e-02
9.520774092431950886e-02
9.521336939513055930e-02
8.981926596133679164e-01
9.521212032265463643e-02
9.522232825766324682e-02
8.981896197475672805e-01
9.521874681551155406e-02
9.520649846252626780e-02
9.521584158434308331e-02
8.981922178739630835e-01
9.521459203725732290e-02
9.521528432504369754e-02
9.521522587414089911e-02
8.981978652995898926e-01
8.981919610920564567e-01
8.981928120952161754e-01
8.981946583588485966e-01
9.521304475909993237e-02
8.981887849463631168e-01
8.981840627616944905e-01
9.521615716142013686e-02
9.521260364586783820e-02
8.981924503574816310e-01
8.982016660404325004e-01
9.521613564246264594e-02
9.521581160133361921e-02
8.982059854224343498e-01
9.521647944849311040e-02
9.522363714466136608e-02
8.981884470064490644e-01
9.520967680911696096e-02
9.521678054202661889e-02
9.522050562501889470e-02
8.981892177032586577e-01
9.521473529861630702e-02
8.981989948413540148e-01
9.521668377048628229e-02
8.982077799689653919e-01
8.981930577035968088e-01
8.981931980548290007e-01
9.521313831667624350e-02
8.981842544258884509e-01
9.521996276592048503e-02
8.981910564148583020e-01
8.981906567212819548e-01
0.000000000000000000e+00
8.981943554031661670e-01
9.521263990968079072e-02
8.981994585241771523e-01
9.521259897164122132e-02
9.521819266979783536e-02
9.521311092751574834e-02
9.521560364230628737e-02
8.981795662430122063e-01
9.521126164278427562e-02
8.981965644955458572e-01
9.520372540730638600e-02
8.981871002223822398e-01
9.522576688324506378e-02
8.981952626107688742e-01
9.520846435684109099e-02
8.982008142434345643e-01
9.521406737245946550e-02
9.522419689910953389e-02
8.981997835287056642e-01
8.981992824791615870e-01
9.521363053432421730e-02
9.521229576808687423e-02
0.000000000000000000e+00
8.981886483197132343e-01
8.982017706423095493e-01
8.981905847318432112e-01
8.981950472675278574e-01
9.521137877402052752e-02
