1.005670114797244247e-01
8.835081580552122116e-01
8.835020250322419555e-01
1.005562645774975700e-01
8.835098234950162777e-01
8.835129812631425938e-01
1.005549105766365414e-01
1.005642013453394157e-01
1.005638955312048444e-01
8.835005601981332779e-01
1.005734916356524761e-01
8.835044469029612602e-01
1.005624851901071037e-01
8.835016680807810108e-01
8.835098567568127059e-01
8.834998751653159177e-01
8.834973222439975737e-01
8.835061083740169963e-01
8.835065474874832514e-01
1.005659358351198018e-01
1.005602329232094250e-01
1.005574005699964024e-01
8.835091690468114267e-01
1.005622408225610720e-01
1.005592408448162112e-01
1.005617755443691114e-01
1.005528234903430157e-01
8.835015073933171204e-01
1.005627764027328258e-01
1.005580384265629262e-01
8.835088810037337037e-01
8.835151877340641224e-01
8.835078475036295398e-01
1.005723260940667579e-01
1.005597715793148245e-01
1.005581607907619496e-01
8.835076919970236142e-01
1.005623849490309696e-01
1.005694000208023492e-01
8.835095046567548183e-01
1.005614762587223321e-01
8.835082679964493257e-01
1.005672797342363062e-01
1.005703267481875135e-01
8.835053667059589166e-01
1.005683933829397275e-01
1.005628098973688211e-01
8.835072279957334462e-01
8.835011422702812034e-01
8.835134139073435033e-01
1.005617769066295131e-01
8.835035274172753361e-01
1.005750261524323147e-01
8.835125750131624933e-01
1.005559776333798810e-01
8.835050831598566523e-01
8.835007778516358323e-01
8.835088858604005502e-01
1.005648047472916112e-01
1.005598435672348662e-01
1.005575918073024488e-01
1.005698160081452130e-01
8.835038111536048788e-01
1.005547411214180731e-01
8.835086063732736639e-01
1.005694026047666140e-01
8.835064436835383672e-01
1.005607752087856327e-01
1.005535907710416871e-01
8.834987971517388461e-01
8.835145327976740015e-01
8.835107922179894491e-01
8.835174537157505226e-01
1.005683605943091530e-01
8.835138633456169899e-01
1.005652616204858740e-01
8.834991582257166742e-01
8.835132328506583033e-01
8.835031096156724661e-01
1.005525210306605632e-01
1.005611395726780377e-01
8.835015027577999280e-01
1.005706776133860891e-01
8.835012595333131546e-01
8.834977253442868328e-01
1.005616230859993770e-01
1.005700855405442240e-01
1.005695514135242358e-01
8.834981636392218451e-01
1.005682532916366140e-01
8.835119835460327753e-01
1.005674628065029441e-01
1.005637990435289258e-01
8.835111659251271288e-01
8.835108310479791172e-01
1.005648384473872003e-01
8.835148435132003097e-01
8.835031725709934225e-01
1.005571106674164467e-01
1.005572152771738031e-01
1.005539428005598063e-01
1.005546593841188940e-01
1.005492944209345485e-01
1.005644222114888686e-01
8.835024501832391408e-01
1.005593172918846506e-01
1.005619887986861222e-01
1.005672271853014083e-01
1.005554979118035569e-01
1.005612303622682030e-01
8.835066632429028344e-01
1.005642337169340289e-01
1.005626975801737211e-01
1.005631514172465601e-01
1.005674356773785527e-01
1.005683431094698960e-01
1.005640554253585117e-01
1.005705227237927990e-01
1.005566014992884533e-01
8.835021893756280775e-01
8.835053928044681593e-01
8.835055854084014060e-01
8.835064645163465125e-01
1.005594548958163720e-01
1.005585705614473468e-01
8.834976332342761030e-01
1.005542754977772762e-01
1.005714812061462571e-01
1.005587137266635012e-01
0.000000000000000000e+00
1.005518209511377520e-01
1.005714053775488559e-01
1.005532670322233924e-01
8.835137784720027421e-01
1.005548783976955435e-01
8.835162153054352263e-01
8.835081291573136930e-01
8.835072415931028988e-01
8.835055066427724979e-01
1.005708459662491561e-01
1.005614390348450182e-01
8.834983795468349665e-01
1.005713320016948659e-01
1.005597715793148245e-01
1.005581890615822316e-01
8.835091771405647609e-01
8.835015592780151028e-01
1.005634046368660689e-01
8.835142754702163259e-01
1.005699331892667137e-01
8.835090102852746208e-01
8.835075064552310176e-01
8.835004055567746706e-01
1.005567746047737743e-01
8.834980133317779094e-01
8.835039754631540676e-01
1.005636838433389135e-01
1.005719081716390101e-01
8.834978275246598844e-01
1.005580539505567944e-01
8.835034779551349526e-01
8.835055167938979936e-01
1.005584041827571468e-01
8.835154879983712073e-01
8.835081516892647757e-01
8.835032861501619372e-01
1.005707819619233306e-01
1.005635276942749567e-01
1.005709444571787486e-01
1.005699892136456552e-01
1.005494849793044237e-01
8.835090674277741307e-01
1.005584007411150227e-01
1.005604773238379934e-01
8.835045957451600485e-01
1.005532697651749519e-01
8.835120268210685524e-01
1.005598429802296578e-01
1.005629328799169525e-01
1.005709288125748307e-01
8.835052465215488260e-01
1.005695976208954429e-01
1.005651478680451294e-01
8.835079090937015822e-01
1.005503534153047440e-01
8.835092676473413897e-01
1.005605911645835598e-01
1.005640137852702315e-01
8.835014850396137875e-01
1.005694885112459330e-01
8.835151518719098762e-01
1.005622480976830074e-01
8.835056810074374267e-01
1.005668299685459621e-01
8.834980235616347599e-01
1.005626389994661724e-01
1.005639387291444170e-01
1.005625661210552829e-01
1.005600351693711342e-01
8.835050890750746344e-01
8.835022202945925773e-01
1.005694520159462202e-01
8.835064442972289100e-01
8.835116374114566629e-01
8.835088018404589905e-01
8.835038579252645352e-01
8.835053007523148150e-01
8.835048821823819898e-01
8.835040933689423115e-01
1.005683175053553730e-01
1.005755043012902528e-01
1.005649013075082115e-01
8.835125177174526501e-01
1.005566729352455890e-01
8.835115726533551150e-01
8.834993472850334317e-01
8.834971993771242316e-01
8.835021659278212702e-01
1.005671982957847127e-01
1.005619126304971439e-01
1.005610809885091050e-01
8.834997364375258844e-01
1.005715251822342088e-01
8.835032414620214158e-01
1.005547089950086098e-01
8.835056648919471511e-01
8.835124713343748271e-01
1.005658518134976004e-01
8.835019293142166719e-01
1.005625755459301496e-01
1.005615004654692723e-01
1.005632251092538065e-01
1.005631768363375450e-01
1.005699693659563160e-01
8.835031333786951269e-01
8.835035025278418219e-01
8.835190395525286400e-01
1.005580571742738794e-01
8.834976395849728492e-01
1.005601737311296456e-01
1.005630842987105394e-01
1.005575579975450662e-01
8.835015653686121295e-01
8.834995457506380490e-01
8.835126661304611995e-01
8.835145120139826780e-01
1.005568988315543311e-01
8.835066278754938329e-01
1.005679692941361530e-01
1.005602168596304580e-01
0.000000000000000000e+00
1.005607903364343914e-01
1.005568423123068267e-01
8.835032740378433447e-01
1.005723376082355153e-01
8.835024778998153971e-01
1.005567989574354670e-01
8.835073663805188549e-01
1.005655439724250921e-01
1.005700606969823913e-01
1.005722497385919262e-01
1.005634899671751792e-01
8.834987008994229507e-01
8.835043516653723339e-01
8.835074584216280336e-01
1.005605882582015359e-01
8.835072366500796859e-01
8.835053087462503285e-01
8.835049711644960002e-01
1.005586175406475019e-01
8.835128843941549848e-01
8.835065666879154955e-01
1.005631216115173698e-01
8.835052313562249404e-01
8.835133609220816586e-01
8.835124803568626950e-01
1.005701537133562862e-01
1.005631880490877039e-01
8.835088800125676656e-01
1.005699945758126296e-01
8.835137765550010736e-01
1.005454376395628624e-01
8.835164129087464957e-01
8.835051770035831087e-01
1.005726519671444052e-01
8.835092119949103928e-01
8.835025253286928892e-01
8.835120924058150749e-01
8.834936851547734449e-01
8.835094688129835339e-01
8.835094084105197254e-01
1.005554474225898026e-01
8.835078893876068262e-01
1.005593268099110871e-01
1.005672252440254766e-01
1.005568135968411131e-01
0.000000000000000000e+00
8.835026579492559762e-01
9.333509074436557862e-01
1.005576070306282849e-01
1.005571790109963115e-01
1.005621840318577515e-01
1.005677626772755184e-01
1.005712610313546501e-01
1.005579006101873646e-01
1.005568556331082747e-01
1.005605663764865126e-01
8.835010948921071527e-01
1.005586321930247995e-01
1.005506163598826330e-01
1.005713403933131272e-01
1.005637960850236101e-01
8.835034676466314574e-01
1.005493199452350273e-01
1.005632252320562137e-01
1.005689730525192727e-01
1.005628721060369962e-01
1.005620351365382747e-01
1.005585663817995107e-01
1.005695381280148626e-01
1.005549331490383502e-01
1.005718417176318102e-01
1.005657229857428864e-01
8.835009678806848843e-01
1.005666581883955940e-01
1.005676430420088391e-01
8.835135753686224058e-01
8.835063719872705557e-01
1.005618588044806944e-01
8.835087210618212117e-01
1.005641106820142350e-01
8.835085561431477164e-01
1.005549256600428293e-01
8.835007550553459765e-01
8.835017614024094357e-01
1.005609674027785061e-01
8.835017719132731706e-01
1.005654124463972454e-01
1.005621840318577515e-01
8.835100418699243230e-01
1.005625778869331383e-01
1.005652638137382177e-01
8.835096759509767361e-01
8.835038834686590459e-01
8.835157901892490839e-01
8.835060771622804676e-01
8.835150408516360132e-01
8.835097860418610338e-01
1.005696897792785621e-01
8.834979802343874145e-01
8.835016002197958462e-01
8.835135196259682466e-01
8.835096037371713562e-01
8.835056192026971011e-01
8.835171545042067587e-01
1.005681197889055356e-01
8.834993165293827388e-01
1.005544775852387218e-01
8.834989822106202872e-01
1.005570663025691786e-01
1.005620235862645789e-01
1.005623665996486366e-01
8.835209262272165631e-01
1.005729072684233005e-01
8.835141273915787519e-01
1.005622322014650127e-01
1.005587415605949525e-01
1.005628958907092974e-01
8.835085828150635034e-01
1.005643834175374424e-01
1.005712192189205795e-01
8.835066585744304479e-01
1.005470409798980974e-01
1.005617231492430264e-01
1.005674433818873337e-01
8.835125453861523148e-01
1.005575934330459609e-01
1.005707110519097613e-01
1.005570766188444293e-01
8.835022584317069327e-01
8.835017755237193349e-01
8.835119946219123221e-01
8.834983035314678546e-01
1.005697050088986133e-01
8.834957639282604580e-01
8.835162864051472331e-01
1.005621579881679911e-01
1.005730285753916181e-01
8.835095569712301256e-01
8.835079092343587348e-01
1.005647024488848240e-01
1.005693381851259505e-01
8.835139190860743508e-01
1.005632615425473692e-01
1.005526146070178789e-01
8.834939931076415398e-01
1.005614732945422224e-01
1.005621697978239804e-01
1.005644820710721588e-01
8.835147218550623016e-01
1.005595628590894158e-01
8.835061562064613350e-01
1.005700432809953221e-01
8.835096309905711154e-01
8.835095052230433899e-01
8.835009264490172320e-01
1.005671570007150434e-01
8.835062861814478863e-01
1.005631062523508618e-01
8.835098124111621098e-01
8.835100121128096617e-01
1.005649448229422871e-01
8.835078016040469606e-01
1.005668299685459621e-01
8.835024161878396454e-01
1.005631411837289713e-01
1.005585528532004225e-01
1.005556308940752791e-01
1.005589843480246964e-01
8.835090975079185061e-01
1.005688539081066452e-01
8.835046132854249556e-01
1.005632323899644659e-01
8.835055885612888016e-01
1.005684651144064523e-01
8.835025110306008456e-01
1.005552964857307080e-01
8.835087317277178220e-01
1.005696665042054572e-01
1.005557218192408980e-01
8.835116995468070833e-01
8.835115549610769170e-01
1.005519732202827532e-01
1.005685029507780021e-01
8.834991822025096697e-01
8.835074790747845519e-01
8.835135387142191155e-01
8.835009662922179707e-01
8.835017368911973756e-01
1.005622655953651023e-01
