0.000000000000000000e+00
3.552729157389767582e-03
0.000000000000000000e+00
3.463303115963679239e-03
0.000000000000000000e+00
3.462122561672013790e-03
0.000000000000000000e+00
0.000000000000000000e+00
3.484128808583658327e-03
0.000000000000000000e+00
3.469839918073554848e-03
9.946788134752135857e-01
0.000000000000000000e+00
0.000000000000000000e+00
0.000000000000000000e+00
1.902282029646958084e-02
0.000000000000000000e+00
0.000000000000000000e+00
0.000000000000000000e+00
0.000000000000000000e+00
0.000000000000000000e+00
0.000000000000000000e+00
0.000000000000000000e+00
3.411738588020382049e-03
0.000000000000000000e+00
0.000000000000000000e+00
3.469004897818960161e-03
0.000000000000000000e+00
0.000000000000000000e+00
0.000000000000000000e+00
0.000000000000000000e+00
0.000000000000000000e+00
0.000000000000000000e+00
3.479428119171596324e-03
0.000000000000000000e+00
0.000000000000000000e+00
3.467516518243563863e-03
0.000000000000000000e+00
0.000000000000000000e+00
3.563528449607172941e-03
1.862043071226928553e-02
0.000000000000000000e+00
0.000000000000000000e+00
3.418445517858889875e-03
1.942535916754279529e-02
0.000000000000000000e+00
0.000000000000000000e+00
0.000000000000000000e+00
3.474465047605308082e-03
3.528844157676493988e-03
0.000000000000000000e+00
0.000000000000000000e+00
3.463534577008943547e-03
3.529468783510998284e-03
3.473256030134813568e-03
0.000000000000000000e+00
0.000000000000000000e+00
3.441512772500719946e-03
0.000000000000000000e+00
0.000000000000000000e+00
0.000000000000000000e+00
3.470224593249208924e-03
3.469766274764366637e-03
0.000000000000000000e+00
0.000000000000000000e+00
0.000000000000000000e+00
0.000000000000000000e+00
3.411644300838985368e-03
0.000000000000000000e+00
3.455804402651733824e-03
0.000000000000000000e+00
0.000000000000000000e+00
3.462270236090441398e-03
0.000000000000000000e+00
3.468221468659228243e-03
3.471375417174146424e-03
0.000000000000000000e+00
0.000000000000000000e+00
9.574940637565184653e-01
0.000000000000000000e+00
0.000000000000000000e+00
0.000000000000000000e+00
0.000000000000000000e+00
0.000000000000000000e+00
0.000000000000000000e+00
4.782194271544941942e-03
0.000000000000000000e+00
0.000000000000000000e+00
0.000000000000000000e+00
0.000000000000000000e+00
0.000000000000000000e+00
3.391493065513677581e-03
0.000000000000000000e+00
0.000000000000000000e+00
0.000000000000000000e+00
3.453720123490268759e-03
0.000000000000000000e+00
0.000000000000000000e+00
0.000000000000000000e+00
0.000000000000000000e+00
0.000000000000000000e+00
3.478302394256472911e-03
3.477398113158772317e-03
3.497463727480439738e-03
3.456478676839776307e-03
3.672123201186846923e-03
0.000000000000000000e+00
0.000000000000000000e+00
0.000000000000000000e+00
4.775231074082543492e-03
0.000000000000000000e+00
0.000000000000000000e+00
3.465112114811434458e-03
0.000000000000000000e+00
0.000000000000000000e+00
0.000000000000000000e+00
0.000000000000000000e+00
0.000000000000000000e+00
0.000000000000000000e+00
1.851902170227363864e-02
0.000000000000000000e+00
0.000000000000000000e+00
3.473048350718994492e-03
3.478390118443401829e-03
0.000000000000000000e+00
3.473385402610199794e-03
0.000000000000000000e+00
3.497347532008554007e-03
3.498297058946477512e-03
0.000000000000000000e+00
0.000000000000000000e+00
2.534391853347114747e-03
0.000000000000000000e+00
0.000000000000000000e+00
0.000000000000000000e+00
0.000000000000000000e+00
0.000000000000000000e+00
3.465016570003845789e-03
0.000000000000000000e+00
3.532916387320288350e-03
3.554694518717186561e-03
0.000000000000000000e+00
3.470114931619797203e-03
0.000000000000000000e+00
0.000000000000000000e+00
0.000000000000000000e+00
1.363000854187369250e-02
0.000000000000000000e+00
0.000000000000000000e+00
3.489093180431446228e-03
0.000000000000000000e+00
0.000000000000000000e+00
0.000000000000000000e+00
3.472062778593242981e-03
0.000000000000000000e+00
4.873403130482571906e-03
3.464841998801104512e-03
0.000000000000000000e+00
0.000000000000000000e+00
0.000000000000000000e+00
0.000000000000000000e+00
3.475107264380979197e-03
0.000000000000000000e+00
0.000000000000000000e+00
3.575374394800778961e-03
0.000000000000000000e+00
0.000000000000000000e+00
0.000000000000000000e+00
0.000000000000000000e+00
3.420977874656788795e-03
3.465062533576231465e-03
0.000000000000000000e+00
0.000000000000000000e+00
3.503910953284529277e-03
0.000000000000000000e+00
0.000000000000000000e+00
0.000000000000000000e+00
3.631668438774708629e-03
3.454668610141299612e-03
0.000000000000000000e+00
0.000000000000000000e+00
3.470362004790818623e-03
3.394323027983031128e-03
0.000000000000000000e+00
3.489324804797057800e-03
0.000000000000000000e+00
3.462567097349340556e-03
0.000000000000000000e+00
0.000000000000000000e+00
3.567360500548609394e-03
0.000000000000000000e+00
3.463815321238369969e-03
3.464216282767204180e-03
0.000000000000000000e+00
0.000000000000000000e+00
0.000000000000000000e+00
0.000000000000000000e+00
3.526764978930486960e-03
0.000000000000000000e+00
0.000000000000000000e+00
0.000000000000000000e+00
0.000000000000000000e+00
0.000000000000000000e+00
0.000000000000000000e+00
1.711213914356634128e-02
0.000000000000000000e+00
3.412632842491907913e-03
0.000000000000000000e+00
0.000000000000000000e+00
3.473484923715830595e-03
3.985325172393886124e-03
0.000000000000000000e+00
3.484086759695111460e-03
3.492334577209992193e-03
3.458864199854704263e-03
0.000000000000000000e+00
0.000000000000000000e+00
0.000000000000000000e+00
3.470207376546809250e-03
3.364248451276633921e-03
0.000000000000000000e+00
3.481281550253299654e-03
6.321494782332706848e-03
3.405417779656121340e-03
3.476421027685547803e-03
0.000000000000000000e+00
0.000000000000000000e+00
0.000000000000000000e+00
0.000000000000000000e+00
0.000000000000000000e+00
0.000000000000000000e+00
0.000000000000000000e+00
3.471612411652179146e-03
0.000000000000000000e+00
0.000000000000000000e+00
3.467563746197735008e-03
0.000000000000000000e+00
0.000000000000000000e+00
3.700043212657181876e-03
0.000000000000000000e+00
3.446447752996774794e-03
1.902306315373826495e-02
0.000000000000000000e+00
3.447415254736887948e-03
0.000000000000000000e+00
3.469947139602626469e-03
0.000000000000000000e+00
0.000000000000000000e+00
3.454668027399552394e-03
0.000000000000000000e+00
0.000000000000000000e+00
0.000000000000000000e+00
3.573407239656774259e-03
0.000000000000000000e+00
3.449947779149870140e-03
0.000000000000000000e+00
1.982787049500687668e-02
0.000000000000000000e+00
0.000000000000000000e+00
3.468530672431534550e-03
0.000000000000000000e+00
3.476322635509916398e-03
0.000000000000000000e+00
3.398089245265942075e-03
5.761733920841757284e-01
3.409903142085570892e-03
0.000000000000000000e+00
0.000000000000000000e+00
3.513454035084725979e-03
0.000000000000000000e+00
0.000000000000000000e+00
0.000000000000000000e+00
3.473887675196939747e-03
3.908526389097135428e-03
0.000000000000000000e+00
0.000000000000000000e+00
3.445164614291063021e-03
0.000000000000000000e+00
3.483900559426043094e-03
0.000000000000000000e+00
3.456547625888674140e-03
3.467777530743677752e-03
3.491704995936017672e-03
0.000000000000000000e+00
3.243966125931100220e-03
0.000000000000000000e+00
3.470577513659233934e-03
3.510727932441878429e-03
3.570217144445325588e-03
3.469409007638612954e-03
5.270382635292601183e-03
3.469269930518847824e-03
3.477226006964500519e-03
0.000000000000000000e+00
0.000000000000000000e+00
0.000000000000000000e+00
0.000000000000000000e+00
0.000000000000000000e+00
0.000000000000000000e+00
0.000000000000000000e+00
3.024059236488389150e-03
0.000000000000000000e+00
3.514342453160542237e-03
0.000000000000000000e+00
5.896110189600518208e-04
3.482003641290604828e-03
0.000000000000000000e+00
4.179075285749394610e-03
3.352441421580795288e-03
8.761172089462193613e-01
0.000000000000000000e+00
0.000000000000000000e+00
0.000000000000000000e+00
3.578044537038823844e-03
0.000000000000000000e+00
3.468098847603105946e-03
3.529077633176740461e-03
0.000000000000000000e+00
1.862028022264127988e-02
3.465989164966767292e-03
0.000000000000000000e+00
3.474466745078643587e-03
0.000000000000000000e+00
0.000000000000000000e+00
0.000000000000000000e+00
3.460618724602765751e-03
0.000000000000000000e+00
3.533944398094006779e-03
0.000000000000000000e+00
0.000000000000000000e+00
3.471201763755967905e-03
0.000000000000000000e+00
0.000000000000000000e+00
0.000000000000000000e+00
3.497352491619461299e-03
3.473413657876760728e-03
0.000000000000000000e+00
0.000000000000000000e+00
3.471619061635522214e-03
0.000000000000000000e+00
0.000000000000000000e+00
0.000000000000000000e+00
3.490114304565791747e-03
0.000000000000000000e+00
0.000000000000000000e+00
0.000000000000000000e+00
0.000000000000000000e+00
3.466852438494376527e-03
0.000000000000000000e+00
0.000000000000000000e+00
3.758490601177006795e-03
3.515084769921705300e-03
7.261471191185155938e-01
0.000000000000000000e+00
0.000000000000000000e+00
0.000000000000000000e+00
0.000000000000000000e+00
0.000000000000000000e+00
3.502906783198655744e-03
0.000000000000000000e+00
0.000000000000000000e+00
1.663973054538156341e-03
0.000000000000000000e+00
0.000000000000000000e+00
3.513542147456517190e-03
0.000000000000000000e+00
0.000000000000000000e+00
0.000000000000000000e+00
0.000000000000000000e+00
1.147146753118421895e-02
0.000000000000000000e+00
3.521356611813321151e-03
0.000000000000000000e+00
3.963192156700361818e-03
0.000000000000000000e+00
0.000000000000000000e+00
3.646813736208709932e-03
0.000000000000000000e+00
3.494900350129803192e-03
1.525507618941388151e-02
0.000000000000000000e+00
1.262341364718233550e-01
0.000000000000000000e+00
0.000000000000000000e+00
0.000000000000000000e+00
0.000000000000000000e+00
0.000000000000000000e+00
4.088920711677518360e-03
3.494701656767222001e-03
3.733109803938619749e-03
0.000000000000000000e+00
3.317130712112060457e-03
0.000000000000000000e+00
0.000000000000000000e+00
0.000000000000000000e+00
0.000000000000000000e+00
0.000000000000000000e+00
0.000000000000000000e+00
3.486170169172635343e-03
3.461177816221577049e-03
0.000000000000000000e+00
0.000000000000000000e+00
0.000000000000000000e+00
3.514160832787659693e-03
0.000000000000000000e+00
3.453994985545722450e-03
0.000000000000000000e+00
0.000000000000000000e+00
3.471356024872009928e-03
0.000000000000000000e+00
0.000000000000000000e+00
3.476264558827807123e-03
0.000000000000000000e+00
0.000000000000000000e+00
3.350285957236768739e-03
3.464258978614470283e-03
0.000000000000000000e+00
9.054393919864454562e-03
0.000000000000000000e+00
3.462173326332840771e-03
0.000000000000000000e+00
3.455127671022345873e-03
0.000000000000000000e+00
0.000000000000000000e+00
0.000000000000000000e+00
3.512557727438605799e-03
0.000000000000000000e+00
0.000000000000000000e+00
0.000000000000000000e+00
0.000000000000000000e+00
1.942581040280468366e-02
0.000000000000000000e+00
0.000000000000000000e+00
3.399041977249914453e-03
0.000000000000000000e+00
3.453551513579663189e-03
0.000000000000000000e+00
0.000000000000000000e+00
