1.268979582731576128e-01
9.227823320142196639e-01
9.227784924986990323e-01
9.227899573306184156e-01
9.227810126731811335e-01
9.227801931753174536e-01
9.227927585020964107e-01
9.227871285557975867e-01
9.227862513483686691e-01
1.269043726916410098e-01
9.227909292705132049e-01
1.269289904634759159e-01
1.269056653540708290e-01
9.227862912543668417e-01
1.268956792607260353e-01
1.269055462026217052e-01
9.227917366144493538e-01
9.227802760855456921e-01
9.227857379702462115e-01
1.268760376492709119e-01
9.227850043790349899e-01
1.268926727959727163e-01
9.227934321752158109e-01
1.269062488132766675e-01
1.269016611351468093e-01
1.269084424024337909e-01
9.227843854866947249e-01
1.268947017270901367e-01
9.227808481521156958e-01
1.269544124301866805e-01
9.227903087584720110e-01
1.042004004736345607e-01
1.269067142549751559e-01
9.227871485878621494e-01
1.269110273827206703e-01
9.227839252573709627e-01
9.227900338021444160e-01
1.268953236018575126e-01
1.269036029072173333e-01
1.268980008872715448e-01
1.269012621500486271e-01
1.269081706703293067e-01
9.227824025981272715e-01
9.227774828649905059e-01
1.269127505487742946e-01
9.227847234359396467e-01
1.268945222416940077e-01
9.227882891477497962e-01
9.227855717673006941e-01
1.269077352286768212e-01
9.227764677469653121e-01
1.268980686059551222e-01
1.269069023809000218e-01
9.227830614825138777e-01
1.269030428674467470e-01
9.227888019204701919e-01
9.227889227915886394e-01
9.227828549316532403e-01
1.268977872989258682e-01
9.227843125150482217e-01
9.227787480219251659e-01
1.269265864446153802e-01
1.268988285092297330e-01
9.227840676095544481e-01
1.269142332779427951e-01
9.227879193713907080e-01
1.268952978045177482e-01
9.227894780267293928e-01
1.269052079049338699e-01
1.269005054990739179e-01
1.268902355034744744e-01
9.227876665079343121e-01
9.227903364536821362e-01
9.227826214768154456e-01
1.268970016903564202e-01
9.227809943537054194e-01
9.227868317413765453e-01
1.269116661144610581e-01
1.269028550769610297e-01
1.269040087160014096e-01
9.227906424312797284e-01
9.227784293417587991e-01
1.269082022662526288e-01
1.269074226331823319e-01
1.269067921236801122e-01
9.227808624479025834e-01
9.227790507689571653e-01
1.269021586756071129e-01
9.227837099826650125e-01
1.269062288145745288e-01
9.227802275480088134e-01
9.227870155925089746e-01
9.227858325122296757e-01
1.269120831678004491e-01
1.268926427311178329e-01
1.268968377788576574e-01
1.269002783860266603e-01
9.227866420846476680e-01
9.227742954220274907e-01
1.269062256752521989e-01
9.227849927037129474e-01
9.227991386014497976e-01
9.227791163018707055e-01
9.227888050104573470e-01
1.269037211437986368e-01
1.268926461686248897e-01
9.227795734168583452e-01
9.227743757503197308e-01
1.269010907640166774e-01
9.227820483578150768e-01
1.269034175941767539e-01
1.269085437998040133e-01
1.268995340977446262e-01
9.227833581578543942e-01
9.227794326399175739e-01
9.227850606485444862e-01
1.269028038376935619e-01
1.268941807854802317e-01
9.227858591370969865e-01
1.269097461931746329e-01
1.268998133252446092e-01
9.227924549080482874e-01
9.227935698792453234e-01
9.227747814335176546e-01
1.269144980103006082e-01
1.269003680163089953e-01
9.227934122011494100e-01
1.268994335251938110e-01
9.227834112638600983e-01
9.227891693285452668e-01
1.268887087173548589e-01
1.269044053393850457e-01
9.227782209514283629e-01
1.269059317789365815e-01
9.227772429731159187e-01
9.227830150575446755e-01
9.227853557515878213e-01
1.269041555322615589e-01
9.227830142231260302e-01
9.227818318392689845e-01
1.269046622129817170e-01
9.227746360123408875e-01
1.269065757803285177e-01
1.269027458416590870e-01
9.227798439975797296e-01
9.227924812490523321e-01
9.227803537677393697e-01
1.269021116481939271e-01
9.227804030865761620e-01
1.269001188392127888e-01
1.268970045404102520e-01
1.269107468703782882e-01
1.269069598710086955e-01
9.227855341199949768e-01
9.227884944463290440e-01
9.227781012584093112e-01
1.269047127957900201e-01
9.227771980122377871e-01
1.268999063502928570e-01
9.227826023751987128e-01
9.227794953704090419e-01
9.227888745219645639e-01
1.269006314105893818e-01
9.227819241760352176e-01
1.269136441128775328e-01
9.227747212866813653e-01
9.227822925136637267e-01
1.269073693172779183e-01
9.227843666504345066e-01
9.227770803230753716e-01
9.227911614146846464e-01
9.227809572023001339e-01
1.269005219750574953e-01
9.227853134772112664e-01
1.269056022156618557e-01
9.893940640422277388e-02
1.269039782916263903e-01
9.227819936454477734e-01
1.269005932850049145e-01
9.227782827396273646e-01
1.269104632048136394e-01
9.227769552203605175e-01
9.227807633511008190e-01
9.227844587619260519e-01
1.269093435102522371e-01
9.227761491669650429e-01
9.227799526004352160e-01
9.227753206903079874e-01
9.227830256483263716e-01
1.269050626734442577e-01
1.269083663343348323e-01
1.269131255570760675e-01
9.227910010186384238e-01
9.227748084521076866e-01
9.227937283744779284e-01
9.227843564223447981e-01
9.227843376066934278e-01
9.227851530666858482e-01
9.227890414326663793e-01
1.269064690872488688e-01
9.227778881830753788e-01
9.227897547510472975e-01
9.227935698792453234e-01
9.227782310617830275e-01
9.227842925542453223e-01
9.227849269291037437e-01
9.227858803607742466e-01
9.227851245201659225e-01
9.227901432579515006e-01
9.227768737099466545e-01
9.227830952118607488e-01
9.227835948860725335e-01
1.269110074326514903e-01
9.227884282817924166e-01
9.227824399654185328e-01
9.227777387398381492e-01
9.227882698719718224e-01
1.268770240706868779e-01
9.227888316036682026e-01
9.227898185916658669e-01
9.227800293982043600e-01
9.227884282817924166e-01
9.227793027135147153e-01
1.269067754897766909e-01
9.227859382955699852e-01
9.227877386423530837e-01
9.227784721202734186e-01
9.227887133038756851e-01
9.227788846452096294e-01
9.227906878238866240e-01
1.269128828811841303e-01
1.269068498239769582e-01
9.227885541127645030e-01
1.269047397961169665e-01
1.268932798558825847e-01
9.227866875993950835e-01
9.227884305290493527e-01
9.227826831888182868e-01
9.227863919388415992e-01
8.714319919023909566e-01
9.227778913879566280e-01
9.227917878237572591e-01
9.227962287080212489e-01
9.227836574974868089e-01
9.227895171354149051e-01
9.227915329019069635e-01
1.269133353663996489e-01
9.227838339679436119e-01
1.269101787461256459e-01
9.227840360902115346e-01
9.227897593326956915e-01
9.227790761907332939e-01
9.227897960123689902e-01
1.269100361410807065e-01
9.227656028825621526e-01
1.269036896165451345e-01
9.227563510059721974e-01
9.227812977167288988e-01
9.227838764458381471e-01
9.227913733766069937e-01
9.227768085857892544e-01
9.227760849168703539e-01
1.269004758204650418e-01
9.227888280441398638e-01
9.227901963161999621e-01
1.269016418194460760e-01
9.227894088042978282e-01
9.227858651611563490e-01
9.227866739239928284e-01
9.227876931264431537e-01
1.269139722081668031e-01
9.227828092615527611e-01
1.269169716607932985e-01
9.227855189849357709e-01
9.227836007210554747e-01
9.227917210813032511e-01
9.227908708231600254e-01
9.227835491393143741e-01
9.227871958111537598e-01
9.227899665256448225e-01
9.227789916837066952e-01
9.227851345073834199e-01
1.268980238182129960e-01
9.227807943713082217e-01
9.227853692806694541e-01
1.269100892788272705e-01
1.269074555360011347e-01
9.227883928663223045e-01
9.227906412950490633e-01
9.227857925568172526e-01
9.227827402274176860e-01
1.269027054556680356e-01
9.227818706931765202e-01
1.269073345576287315e-01
1.269019304578159479e-01
1.269116841371200899e-01
9.227886975140436876e-01
9.227883473344731247e-01
9.227812965057959893e-01
1.269099833952267165e-01
1.269005379236803899e-01
1.268933587941331043e-01
1.269039300311479157e-01
9.227906087917099320e-01
9.227859643363353070e-01
9.227847872632826132e-01
9.227727617036703966e-01
9.227771907309743060e-01
9.227679007489741903e-01
9.227772409559502620e-01
1.269133612654447241e-01
1.269073309707907937e-01
9.227911211394054236e-01
1.269058485649936785e-01
1.269070173364073018e-01
9.227813235248327750e-01
1.269013754188003662e-01
9.227914764330440445e-01
9.227903053630713837e-01
1.269047930711540428e-01
1.268976690718354450e-01
9.227750282221225397e-01
9.227797278708426143e-01
9.227808822241833075e-01
9.227905735784820429e-01
9.227815302997380842e-01
9.227894168661301411e-01
1.268989685622633479e-01
1.269154807209873503e-01
1.269108721891210323e-01
9.227804799504455424e-01
1.269058096481208986e-01
9.227836546668487516e-01
9.227819707777242808e-01
9.227867969384716540e-01
9.227784869794452005e-01
9.227817932555790748e-01
1.268957344516186692e-01
9.227872589597467812e-01
9.227852422969375912e-01
9.227827581114016464e-01
9.227784196201401778e-01
9.227759218841453670e-01
9.227840520948702441e-01
1.105419808657732567e-01
9.227845984572738969e-01
9.227811902824469836e-01
1.269006873818521453e-01
1.269146624190879424e-01
9.227855625554262087e-01
1.269146837783367843e-01
9.227760614790616600e-01
9.227759243874652517e-01
9.227881763713723373e-01
1.269170290939498902e-01
9.227826922196223913e-01
9.227786895171993242e-01
9.227834998795751975e-01
9.227816682337177667e-01
1.269024929782533451e-01
1.268999138447308439e-01
9.227791488734664593e-01
9.227888572856330907e-01
1.269104973416813054e-01
1.268959794111384209e-01
1.269102538647683132e-01
9.227870695101393350e-01
1.000140424598714578e-01
1.269124423993959749e-01
9.227822254766153698e-01
9.227776839202458392e-01
9.227778173762117842e-01
1.268976462625515944e-01
9.227915729229283492e-01
1.269067255509309100e-01
9.227863461186952554e-01
9.227897896472957440e-01
9.227812880718955224e-01
9.227756456942891594e-01
1.269108399412500199e-01
9.227751709876802488e-01
1.269040063165607080e-01
1.268996956477365656e-01
1.268998390868137649e-01
9.227865705484793457e-01
1.269009627205611723e-01
1.269036231940829096e-01
1.269095070364414102e-01
1.268963964485159135e-01
9.227838764458381471e-01
9.227890952968308413e-01
9.227878955129094063e-01
1.269125824051769991e-01
1.269056322796116298e-01
1.269050814742233302e-01
1.269119486484400761e-01
9.227787143760203259e-01
9.227772910804086237e-01
9.227856326067644943e-01
1.268828882670982316e-01
9.227810522121886461e-01
1.269060935049447225e-01
1.268984129172293918e-01
1.269054127477237115e-01
1.269001868840060332e-01
1.268991781246764650e-01
1.269076821515378317e-01
1.269054473900523283e-01
9.227926859784553182e-01
1.269052255018712494e-01
1.269071586751032710e-01
9.227819574703961525e-01
9.227912478301136812e-01
9.227800858553861785e-01
1.269039551141859512e-01
1.268986353286744306e-01
9.227802332858427992e-01
1.269049201551500639e-01
9.227863471189051703e-01
1.268995608951697107e-01
9.227800959521262891e-01
9.227876222885581514e-01
9.227666647896027863e-01
1.269053782775671491e-01
1.268907770812739422e-01
1.269039498081798445e-01
9.227833198023805972e-01
9.227854957923664614e-01
9.227718050103855818e-01
9.227910632213884856e-01
1.269030093654128222e-01
9.227891323333236029e-01
9.227855279711505432e-01
9.227905393461077743e-01
9.227803663771262377e-01
