1.975278964799209377e-02
9.862922484881431195e-01
9.835882736312634433e-01
9.853690632720434328e-01
9.857951761727994366e-01
9.862271520989112084e-01
9.841023557376006314e-01
9.864062877846359045e-01
9.863806391357875514e-01
1.975325130637613225e-02
9.857050169044120347e-01
0.000000000000000000e+00
1.935844595938309917e-02
9.873014056972846397e-01
1.935704741764245410e-02
1.936248550620248143e-02
9.863940144248538600e-01
9.864621161686678574e-01
9.864863056048156498e-01
9.948177787948140338e-01
9.863119917959349836e-01
9.951383524872623454e-01
9.861958006183079162e-01
1.940863281059680007e-02
1.936446317389640612e-02
1.936395243990724629e-02
9.861556714738166640e-01
1.935656989976931516e-02
9.861456529116950920e-01
9.945106704011178467e-01
9.863585671298243929e-01
9.049993309820839049e-02
1.927537245777015060e-02
9.864280569974926971e-01
1.936016626167350735e-02
9.865376603354488738e-01
9.837115511945636603e-01
1.981433428255206797e-02
1.936557312568465417e-02
1.958842407056374246e-02
1.962368211312979019e-02
1.935896054632037233e-02
9.861518967808718950e-01
9.857872597525461078e-01
1.935895185326352158e-02
9.864061181658798638e-01
1.932155599636014784e-02
9.862222895058408989e-01
9.863804217075429204e-01
1.921780662959781186e-02
9.858191733522119193e-01
1.936101200885153792e-02
1.944521559319498799e-02
9.857295392719671590e-01
0.000000000000000000e+00
9.864855233792907407e-01
9.813683977418065085e-01
9.849862374947155885e-01
1.935436610429306856e-02
9.864091533398517964e-01
9.863793698411464916e-01
5.143167585018332960e-03
2.005965529716753626e-02
9.862780656684810854e-01
1.231863477632165645e-02
9.862647179061226899e-01
1.984236753841287296e-02
9.863174706052791896e-01
3.123473367008780185e-02
1.869909889729658506e-02
0.000000000000000000e+00
9.863455397451593720e-01
9.861999517003469107e-01
9.863129640620074134e-01
1.938640233002643376e-02
9.862057502548660093e-01
9.859353352568580586e-01
1.935576022490259271e-02
1.950873506490485854e-02
1.936002364392647515e-02
9.859177374895110590e-01
9.848767196357558484e-01
1.935249686483788908e-02
1.931526410373370431e-02
1.950202078944649267e-02
9.860779648490141103e-01
9.863893133646447486e-01
0.000000000000000000e+00
9.862774415660148231e-01
1.904203169748397081e-02
9.862365756644788650e-01
9.865380365513508609e-01
9.859149981503309013e-01
1.941774438027055877e-02
1.933845566090956758e-02
0.000000000000000000e+00
1.933180910398540203e-02
9.859033215384814808e-01
9.884316258523695442e-01
1.936642271847181102e-02
9.861044263960496714e-01
9.945817122623288320e-01
9.863529170328843021e-01
9.863319304223531203e-01
1.928488115256377436e-02
1.984883710060236436e-02
9.840015917871279827e-01
9.863936535265298566e-01
1.938151283301918146e-02
9.863588800902856057e-01
1.526241474129115018e-02
1.933584887370505545e-02
1.936868805496738330e-02
9.843172516897281676e-01
9.844532981042751763e-01
9.858373321381822540e-01
1.937617943962872957e-02
1.926735261542006708e-02
9.863758128425355043e-01
1.937146839386443692e-02
1.936070149841332896e-02
9.829950196840016030e-01
9.863897060491474411e-01
9.892710649355680452e-01
1.933830820933077344e-02
1.935715608136643825e-02
9.849029656729305637e-01
1.892611280151682007e-02
9.845757895859574838e-01
9.876521970455585109e-01
0.000000000000000000e+00
1.881226413920520854e-02
9.856257016273660687e-01
1.935465847563638819e-02
9.846072774368660463e-01
9.862606222043243109e-01
9.854534063693516366e-01
2.029758297944184511e-02
9.851617538258260476e-01
9.858983484962211552e-01
1.935822932049193965e-02
9.862419917528298940e-01
1.929865374999994304e-02
1.935624617653422183e-02
9.831780346059389997e-01
9.921532141796579607e-01
0.000000000000000000e+00
2.010156940600722753e-02
9.865214704578194604e-01
1.935951635892074058e-02
1.945067390040193175e-02
1.789738711473246729e-02
1.915374211282432071e-02
9.863269323064333127e-01
9.862393731669704122e-01
9.864580658201634877e-01
1.935732080503774211e-02
9.821281814030644597e-01
0.000000000000000000e+00
9.862198850718036924e-01
9.862344738752147899e-01
9.861892806687218016e-01
9.960704899354569930e-01
9.863819096634861561e-01
1.934443690922535083e-02
9.847753366907588957e-01
9.863572413405119477e-01
1.935679769166183048e-02
9.826241871746264067e-01
9.863689000824381603e-01
9.863711748274279767e-01
9.861149635311609041e-01
1.934871398330918063e-02
9.837154826112448625e-01
1.934597152958452554e-02
9.928368855319901209e-01
0.000000000000000000e+00
9.831536332906117837e-01
1.936642210447329579e-02
9.862502757177855628e-01
1.934809642053756870e-02
9.863352718069766656e-01
9.863281301371814580e-01
9.864966784012169088e-01
1.999602401816215347e-02
9.846971691292094597e-01
9.852082960734445116e-01
9.864939173394444705e-01
9.863870251420956414e-01
4.032381929471926321e-03
1.938807612655114865e-02
1.936622341231168665e-02
9.863765738280447781e-01
9.864758176479280216e-01
9.863316311717460483e-01
9.864897868306941042e-01
9.863973219337399678e-01
9.320755394592150633e-01
9.862503831352518180e-01
1.936155718784345406e-02
9.873614849820907535e-01
9.857957089997317901e-01
9.862689574221724653e-01
9.851714361969735601e-01
9.858135343570572084e-01
9.857757206251388515e-01
9.865221903117737945e-01
9.864876577921074530e-01
9.856450449033621330e-01
9.861351379639999859e-01
9.862207103662732344e-01
9.862948352076120750e-01
2.127996503017339641e-02
9.864809357943074009e-01
9.864824770929936371e-01
9.857931783020448258e-01
1.569230712382405912e-01
4.558197499294132371e-02
9.864741823776459473e-01
9.838434909516713400e-01
9.862750698411931749e-01
9.864816612120713701e-01
9.863595710911823300e-01
1.934371898604712522e-02
9.865232435970432423e-01
9.908346420226934459e-01
9.862602228995382969e-01
9.833918237943891638e-01
9.862750865476641593e-01
9.891898022089695708e-01
1.933507132431982675e-02
1.935748871308323737e-02
9.865429530821941961e-01
1.937853023444517653e-02
1.996817425907120025e-02
9.864911655424878356e-01
9.862232687580371193e-01
0.000000000000000000e+00
9.842291224171405561e-01
2.670266584213831229e-01
9.862945866763814795e-01
9.861899229797806976e-01
9.824914946124664317e-01
9.863727541701780011e-01
9.862123625315715181e-01
9.861985231370076210e-01
1.935395036547836109e-02
9.847654192671907447e-01
1.992442420261553160e-02
9.929136839105653367e-01
9.863491010440759155e-01
9.863525227935187045e-01
9.864755661624322602e-01
1.935820781918064226e-02
9.862419054184035083e-01
1.936592224168023207e-02
9.865468973965054733e-01
9.863614296997506026e-01
9.863692822730062426e-01
9.860822988412594192e-01
9.858664634457521281e-01
9.833926307529123889e-01
1.941361275154380311e-02
9.863023234065151357e-01
9.863377266735889881e-01
1.945299887586307910e-02
9.862388196927595052e-01
3.695023991644091465e-03
9.865038602920873645e-01
9.864872593781026655e-01
1.935739128066344197e-02
9.862296994007994089e-01
1.995531386793712378e-02
9.865488298345439500e-01
9.845878048547016537e-01
9.865006497518478135e-01
9.840250488180580790e-01
9.850254539602156800e-01
9.812664221875959658e-01
9.845163239217336049e-01
9.864299823285785918e-01
9.866374736178238347e-01
1.936219392755553909e-02
9.864568193857279343e-01
9.865093036857430775e-01
1.935849439674382222e-02
1.921445657075378233e-02
9.862179405769901930e-01
9.824585346593719404e-01
1.947012983951521836e-01
9.856009170286988974e-01
1.935677999617933798e-02
9.860704039438802360e-01
1.936356641981203802e-02
1.974690965436212003e-02
1.937382155853008270e-02
9.860054651415475213e-01
9.832519471950681433e-01
9.863908624471388054e-01
0.000000000000000000e+00
1.931403810888511485e-02
1.992346517071430165e-02
0.000000000000000000e+00
9.862346802721830841e-01
9.861476359780233514e-01
9.863326718844003249e-01
2.192354604132911444e-01
9.847198148735193390e-01
9.862239443740076217e-01
9.842000371144689064e-01
1.958837419229796442e-02
1.936371038454740012e-02
9.863844895160742698e-01
1.934000335110189206e-02
1.943171953645269137e-02
9.849095044310715030e-01
1.928310973168807438e-02
9.864943962059359306e-01
9.861707658521587927e-01
1.935971045538622051e-02
1.935138626297604192e-02
9.863247041653511182e-01
9.862989725403810137e-01
9.218331102225342244e-01
9.862474365175966096e-01
9.821051200710563256e-01
9.863080857743231622e-01
2.025984985677833569e-02
4.034954048863196793e-03
1.932189528701794626e-02
9.862452186020249645e-01
0.000000000000000000e+00
9.910078734966271119e-01
9.862848520823559451e-01
9.858901187134968547e-01
9.851218273253552482e-01
9.862992926669538196e-01
1.933102016204454529e-02
9.864565972428445129e-01
9.862399600703192215e-01
9.863733450006031411e-01
9.864727708780478554e-01
9.862754049735155126e-01
9.856027016896340420e-01
6.602006578243002416e-04
9.867156345175998045e-01
9.862779082113544149e-01
9.962887942788156703e-01
1.936664618440786523e-02
9.858623201657542579e-01
2.011712211884577467e-02
9.865607813289710704e-01
9.863057060783338992e-01
9.864988674270487312e-01
1.941529081325147135e-02
9.863074967411584737e-01
9.863591276236383099e-01
9.843583034443746937e-01
9.861445307256759829e-01
1.930287098218232827e-02
4.145647304752943067e-03
9.857619032212034949e-01
9.860091270477658876e-01
1.949167796243357273e-02
1.935540804581919669e-02
1.935096875631638069e-02
9.864900462726954311e-01
6.574303229780350220e-04
1.934103102641350144e-02
9.864432733247721075e-01
9.856347479758720276e-01
9.864935746840954867e-01
1.935428545226198019e-02
9.856232007272713869e-01
1.979529881435772298e-02
9.864512563461311778e-01
9.854414786896926737e-01
9.860719601476448659e-01
9.861547722738422950e-01
1.936970697623621382e-02
9.860898245942231188e-01
1.934996385009824307e-02
1.938090984792242497e-02
0.000000000000000000e+00
9.858948827566322848e-01
0.000000000000000000e+00
0.000000000000000000e+00
1.984764104964824305e-02
1.935758042881355334e-02
9.863470284908287811e-01
9.863717757646423001e-01
9.863055241261873274e-01
1.717075337862282794e-02
1.936270936508379184e-02
1.969900840749421247e-02
1.935895451165139600e-02
9.864839879715054938e-01
9.858504352984025498e-01
9.863891278164064191e-01
4.031930972213634660e-03
9.856517964511334329e-01
1.936022031603635077e-02
1.928724377742847829e-02
1.974429624694942417e-02
1.937022838178598799e-02
9.876543706212164153e-01
1.936509293108093499e-02
1.935104020023515475e-02
9.863678199993299867e-01
2.009448254475353773e-02
2.002013137641588808e-02
9.863047248833984870e-01
9.863925873029496527e-01
9.863381888053101010e-01
1.756231266808444200e-02
1.936058333382472199e-02
9.850806136207157504e-01
1.935979603535415219e-02
9.862747696508624706e-01
1.878767648989900646e-02
9.857220578475198725e-01
9.861507922515533320e-01
0.000000000000000000e+00
1.938371085537390903e-02
9.962817933222501976e-01
1.935758822587102870e-02
9.821608001033214075e-01
9.858465098770466950e-01
9.831784325590465778e-01
9.862507649481037086e-01
2.008925911016876814e-02
9.857035590055870378e-01
9.864932042725589323e-01
9.861420771080144920e-01
9.861530486790686112e-01
