9.506677518205165489e-01
2.292278226989134804e-02
2.294144145916330452e-02
2.294453586958765737e-02
2.292920084549938259e-02
2.292893884079478736e-02
2.292524592237336900e-02
2.293430237176732542e-02
2.292667555775233443e-02
9.506546513864159165e-01
2.292804792880214632e-02
0.000000000000000000e+00
9.506657616231808383e-01
2.293578113494318393e-02
9.506659934887129459e-01
9.506602166323923075e-01
2.293775022290535023e-02
2.292660289621232042e-02
2.292535895410647770e-02
2.292217019005679188e-02
2.292882313202350766e-02
2.292601624314750952e-02
2.293201511741776305e-02
9.506500948886148494e-01
9.506594507179955134e-01
9.506738187062457879e-01
2.293573561752797890e-02
9.506578876777994624e-01
2.293910391360919412e-02
2.294794902057108177e-02
2.293586848415429119e-02
2.288503994301683414e-02
9.506590937972981825e-01
2.293321297768129846e-02
9.506728655672675998e-01
2.293498113508950220e-02
2.293072128822203765e-02
9.506574605324078497e-01
9.506576766826977387e-01
9.506647788391229259e-01
9.506629331424373275e-01
9.506693451022850683e-01
2.293632420579538173e-02
2.293838312177113800e-02
9.506554052210633987e-01
2.293444102797163875e-02
9.506627090402162139e-01
2.293562243539707876e-02
2.294166063660340454e-02
9.506679485978283273e-01
2.293364827469986794e-02
9.506489549705500197e-01
9.506579541386817045e-01
2.293570318916502565e-02
0.000000000000000000e+00
2.292877995028311938e-02
2.292800140981230209e-02
2.294165302953894356e-02
9.506644199428243569e-01
2.293908478786348126e-02
2.293233399788389970e-02
2.287040591352029750e-02
9.506485287061341438e-01
2.293623518401786618e-02
9.507501231401860320e-01
2.293836546610349483e-02
9.506387746709094033e-01
2.293977069663716284e-02
9.506843694558211322e-01
9.506652036029971109e-01
0.000000000000000000e+00
2.292612481287161982e-02
2.292873673136771456e-02
2.294151992304673329e-02
9.506730538909587969e-01
2.292821001488607943e-02
2.293446726380172357e-02
9.506688997571087762e-01
9.506629223834992537e-01
9.506565001956960304e-01
2.294134896183583697e-02
2.293020911765924000e-02
9.506592526236180563e-01
9.506717452961631620e-01
9.506552399223695549e-01
2.292631574712479178e-02
2.294291700727265487e-02
0.000000000000000000e+00
2.294295690133507301e-02
9.506660970706696245e-01
2.293957561127298386e-02
2.293315182005785727e-02
2.293681689596407947e-02
9.506701570042699334e-01
9.506525405604744350e-01
0.000000000000000000e+00
9.506673293093050869e-01
2.292885779234213328e-02
2.293861470911111658e-02
9.506601606017670569e-01
2.293095228543505157e-02
2.294083705357679442e-02
2.292933749143939368e-02
2.294102518112254782e-02
9.506539532419495675e-01
9.506429207986625274e-01
2.294321216173948741e-02
2.294262563033950056e-02
9.506557905258411489e-01
2.293723820576063291e-02
9.506706026787824504e-01
9.506564916959369116e-01
9.506700487359917018e-01
2.293340318944635248e-02
2.292794503636783748e-02
2.293393008576359929e-02
9.506605755189158069e-01
9.506601882986664975e-01
2.293709892040476234e-02
9.506534088043245845e-01
9.506690406037805463e-01
2.293249281543028109e-02
2.293273822725442820e-02
2.294185449661628046e-02
9.506677566953576353e-01
9.506557828787861597e-01
2.293842500517297503e-02
9.506805945007564818e-01
2.293690498776162351e-02
2.293091675586964723e-02
0.000000000000000000e+00
9.506805646514689956e-01
2.292998177274539751e-02
9.506529412875914797e-01
2.293383021385363499e-02
2.293935548536166213e-02
2.294190560054900144e-02
9.506732276793435910e-01
2.293319440529335493e-02
2.294345705502697993e-02
9.506565802918165442e-01
2.293519738524715107e-02
9.506707458266298039e-01
9.506638615457030372e-01
2.293274043369062168e-02
2.292253031852929321e-02
2.294076304238567773e-02
9.506711515781279820e-01
2.293354390727769115e-02
9.506631958843975161e-01
9.506582249033890264e-01
9.506828018474300368e-01
9.506789085404372397e-01
2.292825836972161094e-02
2.293785168051445944e-02
2.293225325950550009e-02
9.506521948992332494e-01
2.292994480482999156e-02
9.506487632841171820e-01
2.293193682206570369e-02
2.292614613987058875e-02
2.294148001827326158e-02
2.292872895554045817e-02
2.293534089464607448e-02
9.071257426733415619e-01
2.292340465907284977e-02
2.292579349785520137e-02
9.506639729500272473e-01
2.293158084219570902e-02
2.293339589717154764e-02
2.293885135718832374e-02
2.292568297690864357e-02
9.506534034934930322e-01
2.294207972271619655e-02
9.506559242429603040e-01
2.292030811095979725e-02
9.506663154701007201e-01
2.294039420494668052e-02
9.506624064937865271e-01
2.293870518665364414e-02
8.636409435399132750e-01
2.293339838820754317e-02
2.292843091679094836e-02
2.294366946391601311e-02
9.506692533146486879e-01
2.294218273409893635e-02
2.293314644417052128e-02
2.294345561977437220e-02
2.293327054355432174e-02
5.834119576590477418e-01
9.506767115284228131e-01
9.506592235636711630e-01
2.293019725008890036e-02
2.293712478585140449e-02
2.292834253736235339e-02
2.292720060619177561e-02
2.293480039952225727e-02
2.292816819584678201e-02
2.293923891914452159e-02
9.506633583807114762e-01
2.293930324812264165e-02
2.293211974607309994e-02
2.294029216796125356e-02
2.293194632191687676e-02
2.293325177365762232e-02
2.293983399980033255e-02
2.293340769958576025e-02
2.293006884514247126e-02
2.294241433074329858e-02
2.293585864803291546e-02
2.293186044792222197e-02
2.293524150054303962e-02
9.506718877003538237e-01
2.293468719489945296e-02
2.294032367432990993e-02
2.294096034136090465e-02
2.293942124436481808e-02
2.292332033429539048e-02
2.293562323086647398e-02
2.292817499187702751e-02
2.293922127924001575e-02
2.292826972821495127e-02
2.292810586742672491e-02
9.506703223663519609e-01
2.294236946871841543e-02
2.294014322808427334e-02
2.292643654948716206e-02
2.294146468047077517e-02
2.292786817927655249e-02
2.293402960943416447e-02
9.506555659903725974e-01
9.506675331346485791e-01
2.293963952035870182e-02
9.506705107853060666e-01
9.506523216275009069e-01
2.293447805994339520e-02
2.292641647180635248e-02
0.000000000000000000e+00
2.293146703870815525e-02
2.293769925964631723e-02
2.292822851742707183e-02
2.293733526693483155e-02
2.294483683369503285e-02
2.292705855564007925e-02
2.293679604778970510e-02
2.293641966366631244e-02
9.506618085853640876e-01
2.293238681631803652e-02
9.506792649336627266e-01
2.292466477431097729e-02
2.293351121826497224e-02
2.292543372258753348e-02
2.294088105069262695e-02
9.506670102225416308e-01
2.293271130947685185e-02
9.506614333440182030e-01
2.293930905184201827e-02
2.294021690596314070e-02
2.293305207859829345e-02
2.292623819857156353e-02
2.292574915673517913e-02
2.292464114099430558e-02
9.506518520751289225e-01
2.292790279392577235e-02
2.293466558648568632e-02
9.506632021261336440e-01
2.293134719773550628e-02
2.292736038094339568e-02
2.293812014682390307e-02
2.292852469446678490e-02
9.506780870314013310e-01
2.293606827307962878e-02
9.506739700871820187e-01
2.293370380256307475e-02
2.293850435680715866e-02
2.293693744348606484e-02
2.292641585893242726e-02
2.293139218548824812e-02
2.293239429931424878e-02
2.293886750142032707e-02
2.293663210811822464e-02
2.293458191972901072e-02
9.506617296576117537e-01
2.294125510862118217e-02
2.292504645408061439e-02
9.506504673708231490e-01
9.506705510454479535e-01
2.293724192653727109e-02
2.292840485957366864e-02
2.293165738264877837e-02
2.293477191012466970e-02
9.506624656339087709e-01
2.293084428650611975e-02
9.506672801865908573e-01
9.506536720537095420e-01
9.506579790401513685e-01
2.293952325985720506e-02
2.293350299666720507e-02
2.294085625794597266e-02
0.000000000000000000e+00
9.506563736323424552e-01
9.506827465394229737e-01
0.000000000000000000e+00
2.293870648735015644e-02
2.292843211046307478e-02
2.293804608236647141e-02
2.293565627584426975e-02
2.294063882029772489e-02
2.292846271796807750e-02
2.293814043077970627e-02
9.506639323955772269e-01
9.506698585563660986e-01
2.293446508872293635e-02
9.506587329218012528e-01
9.506663120503499043e-01
2.292490431834910344e-02
9.506306208346255726e-01
2.293404603137896153e-02
2.293917046671678506e-02
9.506717434339991835e-01
9.506645510061657589e-01
2.293402919290963085e-02
2.294170498231359184e-02
2.292443377314416081e-02
2.292834748806683171e-02
2.292500971357519859e-02
2.293782943050335157e-02
9.506563747894815064e-01
3.031825014736196922e-01
9.506673725261061136e-01
2.293690531424477652e-02
0.000000000000000000e+00
2.292751922822628546e-02
2.294174529317656239e-02
2.292614378222732063e-02
2.293059401437834779e-02
2.292427740832860342e-02
9.506553321007082946e-01
2.293928373875291429e-02
2.293527707597310325e-02
2.293959611719212713e-02
2.292576350437139365e-02
2.294087721998243692e-02
2.293930651073610924e-02
2.292408563075158667e-02
2.293454664767963225e-02
2.294328343794271516e-02
2.293116395741214703e-02
9.506684550539513667e-01
2.293939232183629315e-02
9.506455572485272842e-01
2.292789686968409874e-02
2.293266746921700239e-02
2.292804767258401627e-02
9.506624185866868748e-01
2.293483829131885005e-02
2.293856885584364888e-02
2.293759544738579667e-02
2.293793170096619996e-02
9.506666893042923228e-01
2.292056085065257223e-02
2.293322813469461305e-02
2.292497227361914303e-02
9.506645749555793223e-01
9.506667486146540558e-01
9.506651798368983552e-01
2.293986544666347382e-02
2.293225993957795361e-02
9.506641493408310994e-01
2.293497745120306672e-02
2.292972509705912265e-02
2.293404119229758287e-02
9.506626872819616825e-01
2.293815462273313469e-02
9.506699657603531195e-01
2.293034407111122983e-02
2.292681376400500584e-02
2.292833668843822018e-02
2.293039530719755484e-02
9.506530494711149526e-01
2.294018535101258194e-02
9.506554652560879060e-01
9.506556557841564503e-01
9.506702342448114518e-01
2.294276723999664688e-02
0.000000000000000000e+00
0.000000000000000000e+00
9.506544584589075031e-01
9.506623511696730144e-01
2.293528745676479477e-02
2.292840922563219030e-02
2.293691696807050040e-02
9.506655375419938991e-01
9.506628800248343447e-01
9.506801905170536582e-01
9.506702781803907376e-01
2.292834191410131339e-02
2.292383267449825748e-02
2.292737107280620745e-02
2.293879141406235042e-02
2.295022603393507762e-02
9.506640693239648554e-01
9.506608597898122959e-01
9.506817786194713404e-01
9.506632731351634114e-01
2.291461209269965785e-02
9.506660776624484832e-01
9.506694727027282799e-01
2.293766606191473614e-02
9.506641420768212614e-01
9.506605663716080068e-01
2.293758689657173291e-02
2.292974530039265310e-02
2.294078823929550717e-02
9.506590589331680441e-01
9.506682928071412686e-01
2.293273004499636961e-02
9.506641001402923452e-01
2.293588825677241386e-02
9.506590821570175542e-01
2.293610372177214488e-02
2.293008476001546711e-02
0.000000000000000000e+00
9.506593965575955707e-01
2.289511621988024256e-02
9.506509943745717894e-01
2.292835061660713006e-02
2.292562616754550281e-02
2.293972718309688838e-02
2.292910189686934649e-02
9.506687627909536920e-01
2.293569627385784460e-02
2.292688507787299032e-02
2.294473657457849619e-02
2.292517186365874982e-02
