1.485480212219539853e-01
9.090052995856796603e-01
9.089951034165687505e-01
9.089636310250428508e-01
9.089827351118240362e-01
9.090079675495172928e-01
9.090227126891403664e-01
9.083963405408519431e-01
9.090648509778369579e-01
1.491587911873825667e-01
9.090339828721050175e-01
1.525493529098709278e-01
1.541802691637601530e-01
9.091934090250670675e-01
1.534074046199554731e-01
1.530745149411796568e-01
9.090654486342725216e-01
9.090058330658832286e-01
9.089435182635592358e-01
8.760286702473774056e-02
9.090610855422465164e-01
1.128607540804666548e-01
9.092099753573487098e-01
1.493432160774658402e-01
1.535065516856183587e-01
1.541178926073903666e-01
9.090412490820773961e-01
1.539042901837342214e-01
9.090052277720127583e-01
6.328593110479009687e-02
9.092794980293609219e-01
2.579867043028721829e-01
1.511871175349025209e-01
9.090610855353916664e-01
1.536672492904224141e-01
9.088950948684102471e-01
9.092079567544411045e-01
1.409998569004792812e-01
1.521217798990051329e-01
1.513588226056910291e-01
1.541781325709113692e-01
1.520853872919255001e-01
9.089876342824554367e-01
9.092316972214616877e-01
1.530342123364677176e-01
9.082895478346427742e-01
1.525274418893963480e-01
9.092684463284519403e-01
9.090660399726432361e-01
1.480993762150765169e-01
9.089794953025692736e-01
1.544701602193996326e-01
1.536512086442818892e-01
9.090492824339808653e-01
1.460578943813055641e-01
9.090699332429528212e-01
9.091558600120610567e-01
9.090178591662385621e-01
1.538701593398012768e-01
9.083549191827804403e-01
9.090611216048174459e-01
6.128226628775863133e-02
1.324715558382368874e-01
9.090046690583714062e-01
1.386639909310233287e-01
9.089527241808581515e-01
1.103356120573485283e-01
9.089812085993507207e-01
1.320969399013553758e-01
1.412021275753401195e-01
1.294723986348492450e-01
9.089785763896176540e-01
9.092637977458256637e-01
9.090617231859654535e-01
1.522182525442574985e-01
9.090007658058066875e-01
9.092636896871771901e-01
1.524583552272233689e-01
1.555239801002710476e-01
1.529859484492973876e-01
9.092636896881947095e-01
9.090295812738877768e-01
1.529889221762012752e-01
1.518244576588709815e-01
1.523718891722198321e-01
9.089775219850295684e-01
9.090654349507848453e-01
1.334286963918191460e-01
9.092755129305123418e-01
1.505992693888243417e-01
9.084147959845930709e-01
9.081175092975559693e-01
9.092636896879914277e-01
1.522185709098573814e-01
1.512549974152803678e-01
1.441633358125078423e-01
1.522649527924478385e-01
9.090602416217112847e-01
9.083370956838355825e-01
1.545581232431328389e-01
9.089846189765679041e-01
9.595992685252314747e-01
9.090616535032098877e-01
9.086130447597144943e-01
1.521144671105562618e-01
1.148533897224186667e-01
9.091124932846978979e-01
9.090620781502353198e-01
1.548103437405970173e-01
9.090616572514780280e-01
1.411661471587920824e-01
1.529850528816328603e-01
1.546990203790450935e-01
9.091105772974557020e-01
9.082668505070305986e-01
9.090690129970314670e-01
1.528584110906580640e-01
1.492183693990107585e-01
9.090071473826375481e-01
1.550567443597282991e-01
1.532833217183261487e-01
9.091359585539976473e-01
9.090617909747681358e-01
9.080590520164075752e-01
1.529738895596663151e-01
1.529945293510033277e-01
9.089908303856734095e-01
1.426521639181258516e-01
9.091010744300124236e-01
9.212141936664839381e-01
1.528817553151922970e-01
1.417221668178400285e-01
9.090231458808759601e-01
1.525433478247878727e-01
9.091031374645384133e-01
9.092663880240892116e-01
9.089564248409833791e-01
1.497617025267329871e-01
9.090644219912463742e-01
9.091626236818768358e-01
1.537706142737816362e-01
9.089280144101372638e-01
1.580140667549667088e-01
1.532272472806697206e-01
9.092451456373508156e-01
9.225783209776354798e-01
9.088933312949062371e-01
1.504197994756646395e-01
9.088829309152272051e-01
1.540726282652115087e-01
1.541846870580189099e-01
1.501358136651949615e-01
1.501005443547436813e-01
9.090665462107628825e-01
9.089615437137759102e-01
9.088773620687080612e-01
1.531703329672339242e-01
9.089869886027630574e-01
1.515519690511662743e-01
9.092719371066386724e-01
9.092677407691093228e-01
9.090021828156334971e-01
7.304661391797578895e-02
9.090269979002413292e-01
1.623984995447559365e-01
9.091685536308091731e-01
9.090667009687320999e-01
1.531644836065092496e-01
9.093389079836152744e-01
9.090610855422521785e-01
9.090660509906249853e-01
9.090417719043957234e-01
1.526465436786815233e-01
9.090687204121820075e-01
1.536061372241286360e-01
1.502969549760852126e-02
2.103484314775163067e-01
9.091085847912825368e-01
1.541488233536227603e-01
9.089239446483302620e-01
1.514112440856965891e-01
9.090039921733695794e-01
9.089564336944855327e-01
9.090654784078370243e-01
1.519321671365276571e-01
9.090810883956732535e-01
9.090047268065434283e-01
9.090596257383185552e-01
9.090041232512970915e-01
1.165786698898850920e-01
1.514601609203320431e-01
1.546910375084323552e-01
9.089572689960948582e-01
9.090025982198799426e-01
9.090665060771897510e-01
9.089521253433230363e-01
9.090615738680214442e-01
9.080874595488700463e-01
9.092708291532836107e-01
1.541709124769883033e-01
9.092180386555817062e-01
9.089798928822560020e-01
9.090619758187679089e-01
9.096999386979878199e-01
9.089635132234126225e-01
9.092348865880051090e-01
9.089422007684735405e-01
9.090657626691098780e-01
9.089831343420869958e-01
9.083655977517739455e-01
9.092731316152092846e-01
9.089497154422158109e-01
1.503743675473136754e-01
9.090659432733403378e-01
9.082599023607252908e-01
9.090778066764549914e-01
9.038993976265324859e-01
1.075415045490583504e-01
9.089590013575586935e-01
9.091708453710964921e-01
9.090941701774055694e-01
9.090658405422148425e-01
9.090604734251759300e-01
1.524648404092749099e-01
9.088836804706298400e-01
9.081388464105770719e-01
9.090410792445016153e-01
9.136158243817364966e-01
9.090049236529150756e-01
9.206304104331041183e-01
1.518183255192616654e-01
1.538664567816705742e-01
9.081869873848096297e-01
1.541167683030211788e-01
1.404878683152699648e-01
9.083639993916949873e-01
9.089756889995767031e-01
9.092641828465010123e-01
9.091164196575063361e-01
7.520838047557258932e-01
9.090619746020101033e-01
9.092085919401828864e-01
9.123341739842343312e-01
9.090658909564504064e-01
9.090789153107211584e-01
9.090013668987655393e-01
1.539771847328328391e-01
9.090387631466314566e-01
1.402459566971401839e-01
9.080842485937055120e-01
9.090079206080571295e-01
9.090610855422494030e-01
9.090697901132025471e-01
1.534213386549579672e-01
9.092168077941038540e-01
1.521501978191925619e-01
9.089454892410462339e-01
9.092816193030679450e-01
9.090619613852025660e-01
9.089866761541717244e-01
9.082971322967073879e-01
9.092420654433216454e-01
1.512888595763974275e-01
9.084018527076932470e-01
9.090711870395276062e-01
1.512895625059285099e-01
9.090628064733061731e-01
9.079464454202820223e-01
9.089555918975492643e-01
9.090113432276822891e-01
1.551760393088069401e-01
9.092705710382267270e-01
1.432463932734895085e-01
9.088776277522120361e-01
9.090402078965391652e-01
9.089467775281309114e-01
9.091201881523311989e-01
9.090997096636070918e-01
9.092266420616025302e-01
9.090487376406206632e-01
9.090612252912625424e-01
9.088636939736766118e-01
1.616255829033445834e-01
9.090615185855054348e-01
9.089348443246169085e-01
1.540071124617786447e-01
1.513277860768262040e-01
9.097038987495777995e-01
9.092060668258095113e-01
8.959181950977070930e-01
9.089858907174427349e-01
1.529113122275345960e-01
9.104864424036418491e-01
1.545595410606175057e-01
1.414128108918547011e-01
1.755798746373273822e-01
9.089861272113107793e-01
9.092436673035306782e-01
9.089554000881584495e-01
1.545287598762569437e-01
1.520392119842828016e-01
1.508451807927043142e-01
1.396155769507776701e-01
9.085634470718141342e-01
9.090245648936288170e-01
9.090616535032018941e-01
9.079181984373467795e-01
9.091361166501933377e-01
9.092184042704858360e-01
9.091188576594189108e-01
1.535243959773344713e-01
1.539998738891724950e-01
9.089693111120306090e-01
1.533206586745006206e-01
1.567551038046747502e-01
9.097949392123696466e-01
1.508786870003363811e-01
9.090120081228285631e-01
9.089512773002925705e-01
1.612690200026814791e-01
1.522979962598056403e-01
9.092750495676894529e-01
9.089882714679465847e-01
9.075305516946010620e-01
9.090208772268878468e-01
9.092260228837796276e-01
9.090627778078059773e-01
1.485296417707681615e-01
1.098484385430321536e-01
1.523146969024535280e-01
9.090622139398991663e-01
1.420386736360033653e-01
9.051699480951392873e-01
9.090156413750813957e-01
9.089931662541357316e-01
9.091020368204614233e-01
9.090993223602396034e-01
1.528772747589055847e-01
9.090655624416362768e-01
9.092827556917358889e-01
9.095183994885387424e-01
9.090608862832125769e-01
9.089858067896494642e-01
9.090632322163800794e-01
4.728126866141226653e-02
9.088619868519286493e-01
9.090619746020101033e-01
7.157171831790225258e-02
1.553423436772367883e-01
9.089580759102537932e-01
1.515235704275455231e-01
9.089470464636659752e-01
9.090661017212522399e-01
9.090069730510855761e-01
1.512484367583636635e-01
9.090055458686261414e-01
9.092749309526720891e-01
9.091144920164581089e-01
9.089525074811873884e-01
1.449449539645947249e-01
1.280190622260475863e-01
9.090022077426949121e-01
9.098536417186259273e-01
1.530109635990628270e-01
1.541366864507832946e-01
1.536088229947293049e-01
9.088906635766162978e-01
1.127777068508876573e-01
1.675561250599925944e-01
9.090135406933237405e-01
9.090046120222118331e-01
9.089757753928858763e-01
1.535443899267262269e-01
9.090060453258884676e-01
1.473273143325928847e-01
9.083252249744786511e-01
9.091890884500271053e-01
9.090218968179099024e-01
9.096920380072520684e-01
1.516657775357368176e-01
9.090951595159729726e-01
1.525230746740530441e-01
1.542182628235185260e-01
1.527375248902150817e-01
9.090064782892737227e-01
1.363632470913828942e-01
1.457829724148262396e-01
1.379358361928801902e-01
1.538555329191921284e-01
9.090610282291484712e-01
9.088808168764634932e-01
9.090615738702035875e-01
1.435841286212378720e-01
1.533006201822412207e-01
1.432596451729695464e-01
1.529822056540464381e-01
9.083212589181286489e-01
9.098667151449822965e-01
9.090630741784175850e-01
8.738463300310415904e-02
9.091349090386093845e-01
1.542018725105397114e-01
1.522200794716086769e-01
1.533236567371916992e-01
1.546649740717754851e-01
8.616026525349276821e-02
1.544574058720917797e-01
1.534505082695277745e-01
9.089242986230461341e-01
1.468253136855686702e-01
1.444882439681699215e-01
9.091207610923193183e-01
9.090313069338055163e-01
9.090034573806778928e-01
1.475139179748294060e-01
1.539250162792542842e-01
9.090694619292072343e-01
1.517603417695521373e-01
9.089997086562493500e-01
1.488017300843466895e-01
9.089887427256608810e-01
9.092305800916692382e-01
9.089737012296023044e-01
1.527941175279654007e-01
7.799186184622904083e-02
1.609866871839924218e-01
9.091242673687923714e-01
9.090040891905404319e-01
9.090909114749791131e-01
9.089554298541356880e-01
1.515687220147551306e-01
9.082943698612122585e-01
9.089015660920339856e-01
9.090016515826037091e-01
9.089768469762727898e-01
