2.637701074033738449e-02
9.710725586732514847e-01
9.710525685747666280e-01
2.640805238010364084e-02
9.710762111758866055e-01
9.710269620202575114e-01
2.640998085258127251e-02
2.637260576077917612e-02
2.638234971206279353e-02
9.710963657935949289e-01
2.638104445363777598e-02
9.701195743739573496e-01
2.640499326903343949e-02
9.710839827191115603e-01
9.710691445244853393e-01
9.710606755491058006e-01
9.710850190755977440e-01
9.710598133124969111e-01
9.710683495080055794e-01
2.638022874636855586e-02
2.640745585709222340e-02
2.640749574582869005e-02
9.710664929665445699e-01
2.640885039566514408e-02
2.637340733309753368e-02
2.636221500183046768e-02
2.641491224943180033e-02
9.722666005568947334e-01
2.638162863601575120e-02
2.636813685169427449e-02
9.709825107925890153e-01
9.710354866002918195e-01
9.710607755531369678e-01
2.637364080181562112e-02
9.951605429237446732e-01
2.640793328995055464e-02
9.710797734465411724e-01
2.641887650356913864e-02
2.640637365077110749e-02
9.710796807567774191e-01
2.637109569220648375e-02
9.709910920181000771e-01
2.643198411614874205e-02
2.632493613481792782e-02
9.710735675110725440e-01
2.640982947800195671e-02
2.639464116215262807e-02
9.703808320193421100e-01
9.709247324234393517e-01
9.710790660181709555e-01
2.637874533033482752e-02
9.707681268675365516e-01
2.638034848450688391e-02
9.718568477783283699e-01
2.637910448985572587e-02
9.708124927304215834e-01
9.710753875908798571e-01
9.708930139812511628e-01
2.638615850114920183e-02
2.641727907185506541e-02
2.641900945722124375e-02
2.640803780241876217e-02
9.710966229562884022e-01
2.638556042878820174e-02
9.710740419385320843e-01
2.637835901685160050e-02
9.710241412430234975e-01
2.641818307129547086e-02
2.641573045531307729e-02
9.708746423864206276e-01
9.653022761867829926e-01
9.710674156338577889e-01
9.710880005382924729e-01
2.637260383075344661e-02
9.710487932507325670e-01
2.638626375161631440e-02
9.710084389431578034e-01
9.710311617520955840e-01
9.710931260054264103e-01
2.641332959763048258e-02
2.637252841531709247e-02
9.710884619224156022e-01
2.638551839149087461e-02
9.711025547438626448e-01
9.705928684031499554e-01
2.637665567685240978e-02
2.638813505387064065e-02
2.640841162121146390e-02
9.708981473923757877e-01
2.638387232365071999e-02
9.710892845172314214e-01
2.641742095542754312e-02
2.637230054573982269e-02
9.710770097153289537e-01
9.710821031264641467e-01
2.423710502466143446e-02
9.710786276316748511e-01
9.710021770471436442e-01
2.640842697188843652e-02
2.640758476328093629e-02
2.640882314461915487e-02
2.637980155232410792e-02
2.641735016629552166e-02
2.641725583703128169e-02
9.710787061061962877e-01
2.638345111076581539e-02
2.638154643776901079e-02
2.642307888221662529e-02
2.631455517342013231e-02
2.638172394974051815e-02
9.709212343522054534e-01
2.637885895208495410e-02
2.640736682050866951e-02
2.566654329655634892e-02
2.637870526111798022e-02
2.637904709370205575e-02
2.603016868418294577e-02
2.641639816607613961e-02
2.642630517920841610e-02
9.711186221109429084e-01
9.708204318645689002e-01
9.652248915143296637e-01
9.709789527387884256e-01
2.637883627350146726e-02
2.638378665610886450e-02
9.710034616572007504e-01
2.640680473357962313e-02
2.641035092562574182e-02
2.638591432941304882e-02
0.000000000000000000e+00
2.637689251545392161e-02
2.642151287056455217e-02
2.638085327705343847e-02
9.710594081351067164e-01
2.640848189169402518e-02
9.710761812097726819e-01
9.631164280080922735e-01
9.709978353174112398e-01
9.710654856671986357e-01
2.640925806800102638e-02
2.637643771718582025e-02
9.710811029127293104e-01
2.638068251629032551e-02
9.951605429237446732e-01
1.572989550080966525e-02
9.710713842442180166e-01
9.710490955679350611e-01
2.636631267170352899e-02
9.710652032339588402e-01
2.638550342574282059e-02
9.710751539069218952e-01
9.710677816215620428e-01
9.484969596433914241e-01
2.511646226839087462e-02
9.710350493693334917e-01
9.706577407562103632e-01
2.638201431836026054e-02
2.637639599591609998e-02
8.606528404087022688e-01
2.637018279435287757e-02
9.709799378041512607e-01
9.710780723990879437e-01
2.640877116645228354e-02
9.711213138194656480e-01
9.709228729118613010e-01
9.709621733101188035e-01
2.642449778913251793e-02
2.638540411304757596e-02
2.638081444138703005e-02
2.640966022095453392e-02
9.967863272736922076e-01
9.710026859972307189e-01
2.639051354760633614e-02
2.640599030953445781e-02
9.711251799599306400e-01
2.640755676223750792e-02
9.710909741058653122e-01
2.637793502967944112e-02
2.640850168286221558e-02
2.640882441551150109e-02
9.711486365601843529e-01
2.640729055668450051e-02
2.638577525133123033e-02
9.710575327090920084e-01
2.638222580631000014e-02
9.710953730868145950e-01
2.637501400499993320e-02
2.639846032034963083e-02
9.709333504228460088e-01
2.637044924714694941e-02
9.710872334349859303e-01
2.637607282088417354e-02
9.709391327526155635e-01
2.641845803815031854e-02
9.710351513076317387e-01
2.637989953116508940e-02
2.640833097988721373e-02
2.640331794645786254e-02
2.641811446909361066e-02
9.706531456846502204e-01
9.710705209070243926e-01
2.641008495150711649e-02
9.710858643100136467e-01
9.708882107199573452e-01
9.710905829123749333e-01
9.715788319191168698e-01
9.710771203832476717e-01
9.710434427816158065e-01
9.710508992362386627e-01
2.641043110731769797e-02
2.638274979186865099e-02
2.637820511993937619e-02
9.710792869926849757e-01
2.641141702990917189e-02
9.705055788106656811e-01
9.699130146128152052e-01
9.710731848338687300e-01
9.710434869063047092e-01
2.640851636058163740e-02
2.638764206666330964e-02
9.997559612372893811e-01
9.709249889491882168e-01
2.637438334560262415e-02
9.710833848353626063e-01
2.640774723669087401e-02
9.710941186862270813e-01
9.710688661041118053e-01
2.637701346289204885e-02
9.711507467636868451e-01
2.637894839373443670e-02
2.640755673434337300e-02
2.641844289961182979e-02
2.637278991829680383e-02
2.637681665953874738e-02
9.711482362619391351e-01
9.710443011497434940e-01
9.710963088052044778e-01
3.451295223303822018e-02
9.710521008669322773e-01
2.638151271151298327e-02
2.638383654905808104e-02
2.638324447123259822e-02
9.710966821840372187e-01
9.709016749120797929e-01
9.710982901958334912e-01
9.710925169213956432e-01
2.640833097270749857e-02
9.710717964312658435e-01
2.641415223570593024e-02
2.641832180186768839e-02
0.000000000000000000e+00
2.641849636960933931e-02
2.638274740927606596e-02
9.710663072673985097e-01
2.638209397116048072e-02
9.709188363172692737e-01
2.642315467512800636e-02
9.710789411677349658e-01
2.640736002829351461e-02
2.632337684379169179e-02
2.631794982937463515e-02
2.640471446205063660e-02
9.710604218417298039e-01
9.676811495732967616e-01
9.710769481933947400e-01
2.638308552731706905e-02
9.711643699041627720e-01
9.708047211436454660e-01
9.711141388737095648e-01
2.641925239211267984e-02
9.720635759293251299e-01
9.710894409491861445e-01
2.640914110124482558e-02
9.711591919046753674e-01
9.710619113550873482e-01
9.664974341592149631e-01
2.640856925442031794e-02
2.641989974472675959e-02
9.710749307344327397e-01
2.632231889727561572e-02
9.711543527519421737e-01
2.638483703661656174e-02
9.710852047583681257e-01
9.709025901071819398e-01
2.642116706517775790e-02
9.710233346440410029e-01
9.710010007286147271e-01
9.710669546251666784e-01
9.709216073022718385e-01
9.710655534449605941e-01
9.710894922086192871e-01
2.639881630243478064e-02
9.710806639454238054e-01
2.638539294684942582e-02
2.637917563320992670e-02
2.642506939506155186e-02
0.000000000000000000e+00
9.709354798301390588e-01
9.807098260593919425e-01
2.640831137620178182e-02
2.641707318085104519e-02
2.640775321837646530e-02
2.641779001315767983e-02
2.636715634898692193e-02
2.638979092319292466e-02
2.636705047945045802e-02
2.638508373211334232e-02
9.710331592007528378e-01
2.637367063706628698e-02
2.636701650141180103e-02
2.637988063854451032e-02
2.642287819661918655e-02
9.710524004546230437e-01
2.640639297029182334e-02
2.640859336283501654e-02
2.637489930465895457e-02
2.641876460660515236e-02
2.637955134695990286e-02
2.637295765207500406e-02
2.641453167606227018e-02
2.638300760170409973e-02
2.640307041165242119e-02
2.638062040624395560e-02
9.715166511156989593e-01
2.638180736147859029e-02
2.637674556458890346e-02
9.710187980176145928e-01
9.710640844717302045e-01
2.637654596460077897e-02
9.710927342438657739e-01
2.636802408245270124e-02
9.710622837161897447e-01
2.642170909614937474e-02
9.711064295871955077e-01
9.710664782931078820e-01
2.641573043842199153e-02
9.710465718569840643e-01
2.640914110139261362e-02
2.640990455411481794e-02
9.710794279229014725e-01
2.638298786613302999e-02
2.637376324946962697e-02
9.710805583673227659e-01
9.709519885411709295e-01
9.710742021816892722e-01
9.710572886148700622e-01
9.709496336667274852e-01
9.710573593563083250e-01
2.640921724100112403e-02
9.678006627580397758e-01
9.710721379511576545e-01
9.710960026443852255e-01
9.711091692567614952e-01
9.707597975367625587e-01
9.690059131028257999e-01
2.637100554350912604e-02
9.692836360569864196e-01
2.641764785695003420e-02
9.710577757059093429e-01
2.638002355090463338e-02
2.638294174866970612e-02
2.639095194151327289e-02
9.687576198687979367e-01
2.637798252012207162e-02
9.672326230561418825e-01
2.641812801785109813e-02
2.637440383782998360e-02
2.637904002272644169e-02
9.710522940357528832e-01
2.638318490854545464e-02
2.637908318481236442e-02
9.703000151095809711e-01
2.641366525672928303e-02
2.641943165089383205e-02
2.641912480036940486e-02
9.710462690941887853e-01
2.642150340978025730e-02
2.638129980402639796e-02
2.637405013903365916e-02
9.710754770220828558e-01
9.702605673450697132e-01
9.710772540310503853e-01
9.710981174744652833e-01
2.640933434164785196e-02
9.709875482479805031e-01
9.707097460310543102e-01
2.640882327841818922e-02
2.637943029567830361e-02
9.710510236608833612e-01
9.710573923928714768e-01
2.641544416288160377e-02
2.638562979497702937e-02
9.710721606400521955e-01
2.638280843062577180e-02
2.637991323744421496e-02
9.708328005937776339e-01
2.637267745884822392e-02
2.640977927123450142e-02
2.642582246265829868e-02
9.716937464743538033e-01
2.575038211408211403e-02
9.710980557059375462e-01
2.640610613977886767e-02
9.711338289271795876e-01
9.710404849269973493e-01
9.710725863770164334e-01
2.642078689109006451e-02
9.699821124170636688e-01
2.642596157096929743e-02
9.710660557110801783e-01
9.710870203391533950e-01
2.677922732636879577e-02
9.710757981246300741e-01
2.637989446676507199e-02
9.710647943459951303e-01
2.641008004175829024e-02
2.637024001713835289e-02
2.640594817866258673e-02
2.638395157072337752e-02
9.701409529689112299e-01
2.640465407839862402e-02
9.710010247860542121e-01
2.637982799241310114e-02
9.710220852422871696e-01
2.641803209998032712e-02
9.710957554252975799e-01
2.637547559069643860e-02
9.721215115057161293e-01
2.640860659780874115e-02
2.640921721563622981e-02
9.710810282414116257e-01
9.708193380426382024e-01
2.636480768553457060e-02
2.567876269201517514e-02
9.671922477182659517e-01
9.709407813597754622e-01
9.710698592423762099e-01
9.710798118553248814e-01
9.710741754415087579e-01
2.641633929120610139e-02
