1.159361345241097241e-02
1.111618920509685644e-02
1.111625226378993442e-02
1.116689301949440848e-02
1.111654749726641647e-02
1.111663562552075123e-02
1.122294785454796585e-02
8.540687389634122884e-01
7.823354493063930937e-01
1.111611405527326152e-02
0.000000000000000000e+00
0.000000000000000000e+00
1.106022883028840408e-02
1.111660530265399204e-02
1.111623634569111098e-02
1.111626081640724323e-02
1.111602144849104835e-02
1.111601766044922716e-02
1.111587977040012255e-02
9.614178446780494713e-01
1.132580955335208903e-02
1.020378726613442588e-02
1.111639949022590404e-02
1.120839846902030486e-02
0.000000000000000000e+00
1.113387585864732132e-02
1.124036429802329103e-02
1.111714487914888631e-02
1.110246599378215092e-02
1.120286010631050926e-02
1.111700439542511257e-02
1.111596348377196820e-02
1.111526611306498831e-02
1.102519267213406332e-02
1.111949565007286193e-02
1.119926507167401386e-02
1.111610357026624959e-02
1.114464319401061929e-02
0.000000000000000000e+00
1.111633934773696188e-02
8.460043184115938475e-01
1.111778458997017723e-02
1.111651006815656678e-02
1.119018126083007846e-02
1.111622696362236061e-02
1.112685876501692990e-02
0.000000000000000000e+00
0.000000000000000000e+00
1.111728530013058290e-02
0.000000000000000000e+00
1.109375221586699801e-02
1.111592907326188102e-02
8.685627252629344319e-01
1.111644424768537705e-02
1.113026200214797812e-02
1.111598121096312071e-02
1.111639107087618317e-02
1.111414574821778696e-02
1.090737060301755733e-02
1.116991921828088506e-02
1.113890503428755299e-02
1.114158765946477760e-02
1.111611788796676957e-02
1.113594325448671006e-02
1.111633638245949907e-02
8.058903232579519571e-01
1.111730898610217844e-02
1.136631147080007127e-02
1.121188442508371484e-02
1.111560758756566583e-02
0.000000000000000000e+00
1.111566845216751913e-02
1.111627075613119860e-02
1.138528843572261633e-02
1.111688528976743223e-02
1.103700071706829877e-02
1.111625665720789892e-02
1.111648384095297037e-02
1.111607507212652307e-02
1.122256746974951459e-02
1.108971853197883092e-02
1.111608726840869130e-02
1.114775538853230406e-02
1.111641352853423581e-02
1.111332026051255889e-02
1.125795095181896140e-02
1.117472134086521830e-02
1.116431625552849645e-02
1.111618167086746850e-02
8.460451980725310905e-01
1.111553819942727450e-02
1.088723068370069276e-02
1.116133131266618811e-02
1.111593039293006999e-02
1.111707379655703896e-02
1.111344712965534227e-02
1.111646260724597282e-02
1.111536673436114633e-02
1.116724714615569512e-02
1.131035776514188046e-02
1.118081539363211668e-02
1.124014354370490333e-02
1.121903801919012580e-02
1.108920006468322450e-02
1.111622188781306690e-02
8.694791919275447478e-01
9.733838999052089047e-01
1.111239875485713589e-02
1.144334015141000235e-02
4.527462447700181074e-03
1.111715626392461957e-02
9.981902105574724793e-01
1.113944391233532075e-02
1.112572957965564380e-02
1.034193844254386284e-02
1.028168232672205772e-02
1.042692261351559242e-02
1.105981399260927076e-02
1.115372344232775509e-02
1.111671363159864347e-02
1.111623588893249220e-02
1.111808838867639655e-02
1.111596807608021022e-02
1.111120586951348625e-02
8.154564933259614845e-01
1.111764469742499567e-02
1.076095943509203061e-02
1.120073414714375590e-02
1.140492007257800505e-02
0.000000000000000000e+00
0.000000000000000000e+00
1.121671627332642210e-02
1.113445271758706223e-02
1.111586962361048141e-02
1.088517962507191614e-02
1.111590154588945265e-02
0.000000000000000000e+00
1.111680002213261999e-02
1.111617580321918285e-02
1.121556519517499101e-02
7.759269950958353791e-03
1.111641979266884787e-02
7.350258646207242369e-04
1.111949565007286193e-02
1.111949565007286193e-02
1.111629657243773384e-02
1.111635918973142775e-02
1.105878711646363956e-02
1.111504551262885825e-02
8.396447331225632693e-01
1.111611831729302814e-02
1.111609227371188405e-02
0.000000000000000000e+00
1.111220692334405000e-02
1.111614438422970329e-02
1.111552279652882474e-02
1.094919441339792070e-02
1.140236636996056624e-02
0.000000000000000000e+00
1.125985107942095373e-02
1.111720448121134887e-02
1.111696709031755916e-02
1.130161205579419126e-02
1.111600818754884291e-02
1.111489759953939588e-02
1.111614928558828617e-02
1.110493902884905626e-02
9.014031495545192785e-01
8.529546748833140013e-01
1.121576696315667102e-02
1.111949565007286193e-02
1.111487203829882552e-02
1.111345676513940915e-02
1.108398003961764272e-02
1.111635572637633199e-02
1.106736175351264589e-02
1.111673882796754796e-02
7.679158972682345041e-01
1.129602332140896073e-02
1.126451376002157029e-02
1.111613601234085445e-02
1.118274710361917557e-02
8.437180012751371860e-01
1.111570637860755106e-02
1.108545608658090612e-02
1.111650332933583965e-02
1.116903776262008659e-02
1.114561573854117547e-02
1.111557940991710937e-02
9.934125191558865753e-01
1.111610276397009649e-02
7.882147402674166692e-01
1.111626939870810106e-02
1.115833532014457244e-02
1.111622756424745888e-02
6.794017464317682053e-01
1.120800005113958484e-02
1.116131653068868322e-02
1.110391531378061673e-02
1.111589618735450875e-02
1.111653150928126020e-02
1.130837586388507704e-02
1.111599099879746408e-02
0.000000000000000000e+00
1.111616044185969286e-02
1.111648743947895625e-02
1.111595947085184874e-02
1.111650356609766507e-02
1.111605732548326050e-02
1.111662468169443557e-02
8.394246472815690419e-03
6.610056710632299971e-03
1.111658472692515949e-02
1.119328827750538415e-02
1.111592552844989368e-02
0.000000000000000000e+00
1.111610851521128464e-02
1.111604161387304973e-02
1.120188506899423564e-02
9.132856584343731488e-01
1.111949565007286193e-02
1.111552279652882474e-02
1.331351594192423278e-02
1.111664862387750849e-02
1.120348878904035318e-02
1.111672342913583821e-02
1.111639091679996437e-02
1.104931740905719731e-02
1.111659163583184930e-02
1.114779530513452036e-02
1.111021064628281776e-02
1.124013726517189733e-02
1.116090663378925367e-02
1.108911376697030784e-02
1.111616307266006382e-02
1.111576349247148793e-02
1.111684529551092149e-02
0.000000000000000000e+00
1.111770478551330106e-02
1.109552765738337950e-02
9.488318974900898650e-03
5.712563317022418229e-03
1.111550569153173414e-02
1.111661945972041571e-02
1.111626942754636270e-02
1.111615042218492763e-02
1.119518637184741677e-02
1.111605532267923024e-02
1.116382228828314768e-02
1.119915190200542615e-02
0.000000000000000000e+00
1.110889349877343044e-02
1.075649323044085108e-02
1.111599498522975425e-02
1.112111070616491997e-02
1.111653372448309814e-02
1.090560544153913389e-02
1.111695109384548338e-02
1.119967319701955545e-02
1.107623196941523447e-02
1.112267746232944304e-02
1.113758640515110157e-02
1.111575542136196589e-02
1.111272698890727884e-02
1.111628487930151239e-02
1.110124959202596004e-02
1.111620669132916753e-02
1.111630798163513317e-02
1.111631404475536648e-02
1.115496583761914871e-02
1.111630879862602651e-02
1.111596601757196615e-02
1.117952563130794087e-02
1.111621895840128257e-02
1.111619098315507620e-02
0.000000000000000000e+00
1.114913156873308456e-02
1.119004695041715333e-02
1.111612073868743604e-02
1.115119722705359626e-02
1.111649674575466290e-02
8.125186380280736698e-01
1.111628228708617765e-02
1.111615992042498148e-02
1.111385450774497567e-02
1.111254896207413030e-02
1.111655751144248645e-02
1.111638892322394483e-02
0.000000000000000000e+00
1.111577018894747970e-02
1.111624265467001278e-02
0.000000000000000000e+00
1.111643033853107476e-02
1.127112329088861969e-02
1.086686733900003171e-02
1.114793518996944760e-02
0.000000000000000000e+00
1.111664540397182786e-02
1.111300620006771232e-02
1.128322796627907569e-02
1.114346523829889621e-02
1.118041757645955349e-02
1.109658469781647956e-02
1.118788148207831151e-02
1.113090383033818118e-02
1.116539762727145405e-02
8.396365819025917165e-01
0.000000000000000000e+00
9.414484501733525260e-03
1.124493382457529556e-02
1.105786851010938376e-02
1.107737912956992601e-02
1.111658555852935645e-02
1.107598482877101762e-02
1.120459278886496400e-02
1.112884343856675000e-02
1.103419128931635088e-02
1.073481038435583276e-02
1.111477040537557463e-02
1.108079813972794557e-02
8.413796752286070157e-01
1.114269525577398293e-02
1.040524954339375890e-02
1.111639779591206377e-02
7.236588724449707355e-01
1.105643846368740794e-02
1.111598036809656118e-02
1.111622259451454202e-02
1.123511461310425577e-02
1.111598631785233604e-02
1.112819632672050647e-02
1.111603448906987694e-02
1.118787733457281448e-02
1.111610616376177210e-02
1.111603532840806964e-02
1.079932200839204409e-02
1.111641922139483887e-02
1.115132009530825884e-02
1.113953332166993902e-02
1.111619842960829586e-02
0.000000000000000000e+00
8.514875585972145888e-01
1.111619797628941864e-02
1.111627908986724533e-02
1.111620033025468267e-02
1.111549644062002212e-02
1.111604755509390530e-02
1.111616293526244102e-02
1.092651422913831771e-02
1.111902331267379009e-02
1.111624273534224210e-02
1.111464200756884409e-02
1.111654361616971551e-02
0.000000000000000000e+00
0.000000000000000000e+00
7.825561191528846144e-04
0.000000000000000000e+00
9.981766779620147509e-03
1.111598776618542145e-02
9.807395067725026561e-01
1.115023723428768855e-02
9.132796824336291142e-01
0.000000000000000000e+00
1.742142025590622326e-02
0.000000000000000000e+00
1.106023069662905034e-02
1.106551445788567407e-02
1.109438269549991619e-02
1.111575034805506804e-02
2.743985037529613966e-02
5.760536382101544978e-03
1.111653372448309814e-02
1.106637700377560533e-02
1.107923775600376699e-02
1.091918737840700052e-02
1.111568230913839196e-02
1.114784145173100538e-02
1.125902632306690146e-02
1.122448597438563574e-02
1.111651639056450078e-02
1.111642641363613793e-02
1.111610898157691305e-02
1.111591889112791692e-02
1.115776649212295996e-02
1.111644407388655970e-02
1.111659945898373948e-02
1.118219217567776626e-02
1.113707572106993095e-02
1.111595738427918235e-02
1.111593329500044913e-02
1.120037764569846266e-02
8.170615736363694426e-01
1.111498450915972096e-02
1.113955402819507938e-02
8.396365819025917165e-01
1.111641748133210435e-02
1.103328858169884928e-02
1.115179486403638370e-02
1.114917569403568905e-02
1.111707312680252149e-02
1.126305490212829545e-02
1.111545514849202575e-02
1.125816434123134632e-02
1.111607709498069370e-02
1.111570341309166612e-02
1.111590305286617487e-02
1.123612052666456834e-02
1.111875599096276597e-02
1.111338256066490143e-02
1.111631246866963407e-02
1.111658202502302517e-02
0.000000000000000000e+00
1.111598915131981925e-02
1.116192785822811562e-02
1.111624911386385056e-02
1.102526845383380166e-02
1.124041559088051652e-02
1.113270536584167782e-02
1.117161604125145591e-02
0.000000000000000000e+00
1.114967812168793024e-02
1.111602393244255117e-02
2.506550938870558826e-02
1.111608880512726834e-02
1.130631723757065908e-02
1.111637976002921753e-02
2.661964347429790836e-03
0.000000000000000000e+00
1.113514145129842689e-02
1.110934011042556679e-02
1.111620790039494905e-02
1.111570266042397059e-02
1.108185459574152938e-02
0.000000000000000000e+00
0.000000000000000000e+00
1.111709946271133981e-02
1.111629556379142153e-02
1.111643722725720249e-02
1.111633254056398380e-02
1.111942150644463535e-02
