1.268961023325627935e-01
9.227816035470842726e-01
9.227822435038920412e-01
9.227713602610029264e-01
9.227756620180770364e-01
9.227809006055202046e-01
9.227783675188190315e-01
9.227700083061898262e-01
9.227850975811371370e-01
1.269017031657443673e-01
9.227875138912414732e-01
1.268904322618173153e-01
1.268894766930269424e-01
9.227705132238611663e-01
1.268946295299926974e-01
1.269005276314340569e-01
9.227834911663217454e-01
9.227763523518349720e-01
9.227866042860408680e-01
1.268924039185487518e-01
9.227840707053616143e-01
1.268600041755517660e-01
9.227722020287369986e-01
1.268912577461393520e-01
1.268947429785121650e-01
1.268892239088632301e-01
9.227834965975854065e-01
1.268920996609637919e-01
9.227911477199250978e-01
1.268842536337717875e-01
9.227812028112758469e-01
1.052961913097946040e-01
1.268941437719360577e-01
9.227727211985791156e-01
1.268941048076930589e-01
9.227745741339318242e-01
9.227772397683752237e-01
1.268938263981997383e-01
1.268992168567211754e-01
1.268960678660651931e-01
1.268965201692441314e-01
1.268889884998798678e-01
9.227733411722280898e-01
9.227923848242471916e-01
1.268865380339770088e-01
9.227867122894714003e-01
1.268992095136715625e-01
9.227710068968247858e-01
9.227762059550767004e-01
1.268918573841829045e-01
9.227698054384059212e-01
1.268983311442948014e-01
1.268970377803620708e-01
9.227751052470583026e-01
1.268965934851765676e-01
9.227836840114986838e-01
9.227726977391604857e-01
9.227797044009119487e-01
1.268951268788605646e-01
9.227766818782955349e-01
9.227641642664299315e-01
1.268267738176274417e-01
1.268909234112332030e-01
9.227758332586281087e-01
1.268873392916335385e-01
9.227710840121599034e-01
1.268875369122234031e-01
9.227852340008798615e-01
1.269055604002601867e-01
1.269000844745228895e-01
1.268886944334627342e-01
9.227815562553167705e-01
9.227800976252295007e-01
9.227873666784888185e-01
1.268910859477503927e-01
9.227767439920875336e-01
9.227768803258934449e-01
1.268949966004373486e-01
1.269009979997734461e-01
1.268941322706242658e-01
9.227745949208187026e-01
9.227859736695107618e-01
1.268929331795755067e-01
1.268923294164366333e-01
1.268939465775185682e-01
9.227795671026886026e-01
9.227730801406857086e-01
1.268916216709616851e-01
9.227756439637874175e-01
1.268984533584942009e-01
9.227810466718366911e-01
9.227847506489255114e-01
9.227739855985284123e-01
1.268950541493693018e-01
1.268983596524095314e-01
1.268920475854496410e-01
1.269032187359485364e-01
9.227853856998333715e-01
9.227823128116218188e-01
1.268903036651817806e-01
9.227825098363942047e-01
9.227918136281685335e-01
9.227753475629719704e-01
9.227767968358632222e-01
1.268974724924328279e-01
1.268976498506408923e-01
9.227763577858143496e-01
9.227853940935268895e-01
1.268910756776247539e-01
9.227761969648311524e-01
1.268968896140359737e-01
1.268944927639541198e-01
1.268864149328675361e-01
9.227730524947903579e-01
9.227682752521132459e-01
9.227697628488769066e-01
1.269038124287475144e-01
1.269024810211892285e-01
9.227846473953298378e-01
1.268915511980703847e-01
1.268912805039632274e-01
9.227764417308828016e-01
9.227817208734984122e-01
9.227853654587543364e-01
1.268963258393687732e-01
1.268968290144736888e-01
9.227696711307322719e-01
1.269045284917378058e-01
9.227694143074539612e-01
9.227737715028172527e-01
1.268990483010704884e-01
1.268929015474440924e-01
9.227721630465310909e-01
1.268890856596649463e-01
9.227824337755548001e-01
9.227871280954174082e-01
9.227743687441016807e-01
1.269019263346086168e-01
9.227832132598782211e-01
9.227849493755504451e-01
1.269017711945797100e-01
9.227819611063252658e-01
1.268933720580884272e-01
1.268950101700464794e-01
9.227727381213162161e-01
9.227759238156363342e-01
9.227892354635842675e-01
1.268987868821147558e-01
9.227789473236353013e-01
1.268936917835879474e-01
1.268952152229985419e-01
1.268988531272537412e-01
1.269040300848222613e-01
9.227856620511953878e-01
9.227860365940195875e-01
9.227803412840258623e-01
1.268968422777635996e-01
9.227893961028004188e-01
1.268941546676705112e-01
9.227711956473076960e-01
9.227864417420037491e-01
9.227860148920274952e-01
1.269046053606380231e-01
9.227860797377482882e-01
1.269021777620577829e-01
9.227764091784531608e-01
9.227790892548186630e-01
1.268975199022107370e-01
9.227828362774969095e-01
9.227819872271088020e-01
9.227779817917014515e-01
9.227803288907745483e-01
1.268984802754689334e-01
9.227780413396791115e-01
1.269042326253105868e-01
1.001109914104906101e-01
1.269000012085600426e-01
9.227863729239375035e-01
1.268938964655176860e-01
9.227837799646642081e-01
1.268977583169538514e-01
9.227749705526704371e-01
9.227782445320653615e-01
9.227750670904053543e-01
1.269038609061844958e-01
9.227845756828981783e-01
9.227844848103997633e-01
9.227807672133712114e-01
9.227828732056275740e-01
1.268783321389810037e-01
1.269019924120733944e-01
1.268887069819201185e-01
9.227667814026756510e-01
9.227796606311599037e-01
9.227835780671115318e-01
9.227812191458695246e-01
9.227799849966731305e-01
9.227709432316276716e-01
9.227871971616075086e-01
1.268943358114602016e-01
9.227862083219572353e-01
9.227823085929210967e-01
9.227817208734984122e-01
9.227781488936621646e-01
9.227762571834683403e-01
9.227862243648325968e-01
9.227789665703588495e-01
9.227825204590800467e-01
9.227827508040197246e-01
9.227816862561931677e-01
9.227714150114096903e-01
9.227860838197448068e-01
1.268876408097482922e-01
9.227734385802359718e-01
9.227858723227565507e-01
9.227833715160447259e-01
9.227760604571813019e-01
1.268587424055079016e-01
9.227728705777129559e-01
9.227858313355621345e-01
9.227753421030808756e-01
9.227734385802359718e-01
9.227737906351467512e-01
1.268910654352671252e-01
9.227823125541523286e-01
9.227768980994133230e-01
9.227700414112107730e-01
9.227772385725232507e-01
9.227732788308986578e-01
9.227754970903783160e-01
1.269038240419777530e-01
1.268970108297544086e-01
9.227791413644650387e-01
1.268941750984798611e-01
1.269015855580727381e-01
9.227831726919510924e-01
9.227759119098080109e-01
9.227703391320137838e-01
9.227838867162345693e-01
8.726966845969963416e-01
9.227824250011329443e-01
9.227895311666791667e-01
9.227900781930049590e-01
9.227779144717173088e-01
9.227812617494598468e-01
9.227706850265389171e-01
1.268968475737540513e-01
9.227735592914072527e-01
1.268833634706424962e-01
9.227702962831738631e-01
9.227730711342336800e-01
9.227833191836324334e-01
9.227900376181077391e-01
1.268832748853691295e-01
9.227874323439521076e-01
1.268912804627137236e-01
9.227801291737229850e-01
9.227717503064487570e-01
9.227822923826570767e-01
9.227705730809108164e-01
9.227790429733491173e-01
9.227721821478274133e-01
1.268924909261623934e-01
9.227736281951761654e-01
9.227862133629572972e-01
1.268864190592097485e-01
9.227879066050415080e-01
9.227795747850472408e-01
9.227731265879399736e-01
9.227807668120298068e-01
1.269064894426209233e-01
9.227885432797955367e-01
1.268910942323332181e-01
9.227705199025525440e-01
9.227719499891874344e-01
9.227738695551978010e-01
9.227930113340762075e-01
9.227817658382460042e-01
9.227735309880540360e-01
9.227737733460384950e-01
9.227729065734300296e-01
9.227727591112470096e-01
1.269010776052961753e-01
9.227794397490742817e-01
9.227875027837355582e-01
1.268917926105095073e-01
1.268915475825102002e-01
9.227773419135346655e-01
9.227853553546434551e-01
9.227737074653538096e-01
9.227829279020498543e-01
1.268970732645697264e-01
9.227827900815516182e-01
1.269051248442608915e-01
1.268937318371685385e-01
1.268983177290498310e-01
9.227766981267523372e-01
9.227888053921632361e-01
9.227724881592325179e-01
1.269033122540645375e-01
1.269043999434611714e-01
1.268969933578656950e-01
1.268981385176921051e-01
9.227735472887258483e-01
9.227813771097495010e-01
9.227880198608148232e-01
9.227839191742419622e-01
9.227739554670812971e-01
9.227733036575487269e-01
9.227789668744006413e-01
1.268942416551463725e-01
1.269045894712248768e-01
9.227826023184295678e-01
1.268941073525515773e-01
1.269006047732040288e-01
9.227740842952326661e-01
1.268919886121581408e-01
9.227839928276444503e-01
9.227835311226110226e-01
1.268979388839893141e-01
1.268918348236595106e-01
9.227875217831610355e-01
9.227817363763564096e-01
9.227721240702505545e-01
9.227786552260637265e-01
9.227755905790993030e-01
9.227739787581503705e-01
1.268989415811421495e-01
1.268893383926062435e-01
1.268919191412361258e-01
9.227898287309064251e-01
1.269074792235568572e-01
9.227702731928879576e-01
9.227807916839496638e-01
9.227829784524368417e-01
9.227875170402274341e-01
9.227718990864531845e-01
1.268985081621431532e-01
9.227870832976988735e-01
9.227903649280001508e-01
9.227729747052398901e-01
9.227767265278153941e-01
9.227733856243165445e-01
9.227853043455834792e-01
1.134521138412915714e-01
9.227861934852205072e-01
9.227878946563694562e-01
1.268692630845991709e-01
1.268967942788065129e-01
9.227862017716890186e-01
1.268979947291415666e-01
9.227800592101309540e-01
9.227780695237253195e-01
9.227760247462227783e-01
1.268887990311566849e-01
9.227805012428116349e-01
9.227729811192337817e-01
9.227809127226686003e-01
9.227773834423289578e-01
1.268910088845620066e-01
1.269058719268569557e-01
9.227865872668113978e-01
9.227701529684966264e-01
1.269011919540773969e-01
1.268972381913778813e-01
1.269003581529340452e-01
9.227792876018998669e-01
1.012473826129705740e-01
1.268893476451594116e-01
9.227739635255260975e-01
9.227782527919177191e-01
9.227861579965193073e-01
1.268898578037513936e-01
9.227744073754332588e-01
1.268983694389961836e-01
9.227745329292500465e-01
9.227799394133644473e-01
9.227841040007779272e-01
9.227881867567597762e-01
1.269002530179044463e-01
9.227731608148700415e-01
1.269031971144420623e-01
1.268943963589576895e-01
1.269008630422340800e-01
9.227823484318573577e-01
1.268943971790576219e-01
1.268935257224960145e-01
1.268911150651996500e-01
1.269037398661552185e-01
9.227822923826570767e-01
9.227794288633331954e-01
9.227742635579202490e-01
1.269036012826057769e-01
1.268903323413054507e-01
1.269014515890224681e-01
1.268958152963204356e-01
9.227727320177734338e-01
9.227731315797060851e-01
9.227851096127417385e-01
1.269206821484193393e-01
9.227811419878277910e-01
1.268989872823453879e-01
1.268989720065597793e-01
1.269017608780105832e-01
1.268922321429930278e-01
1.268999109378306234e-01
1.269031558601512177e-01
1.268906978172455458e-01
9.227744564219741985e-01
1.269025150918913492e-01
1.268901428560479105e-01
9.227873161929771584e-01
9.227832518447758314e-01
9.227696792018965644e-01
1.268974535637431011e-01
1.268953422662905950e-01
9.227838604927739441e-01
1.268953561038884958e-01
9.227854449187432584e-01
1.268890236684961648e-01
9.227730280943523544e-01
9.227722730703604714e-01
9.227966559243347966e-01
1.269007739439586557e-01
1.268852958444734724e-01
1.268940348145335684e-01
9.227741576860687411e-01
9.227799437990398257e-01
9.227867249645596015e-01
9.227735305612165817e-01
1.268886016851828447e-01
9.227774946138922463e-01
9.227721693449382201e-01
9.227864039357068782e-01
9.227763062835491192e-01
