9.535852795657687730e-01
2.943991921408112625e-02
2.943174373208125652e-02
2.943937805947798372e-02
2.943199913658459815e-02
2.944241133540596855e-02
2.942591619158264546e-02
2.944379634403993320e-02
2.944001321776370736e-02
9.535800583575749778e-01
2.943824799227942948e-02
0.000000000000000000e+00
9.535883872609195455e-01
2.943511458340446890e-02
9.535818788035079763e-01
9.535885583218749462e-01
2.943236107540602234e-02
2.943265295057013314e-02
2.944057253434523638e-02
9.849463946995080654e-01
2.943516374105354869e-02
9.849348785709440834e-01
2.943361158417435314e-02
9.535891179083240132e-01
9.535870020612577935e-01
9.535810855497031113e-01
2.943924639287499173e-02
9.535752518543045841e-01
2.944123823379754534e-02
9.849520034775441912e-01
2.943990874472919919e-02
9.849426449164707664e-01
9.535790757282128771e-01
2.943159253524833124e-02
9.535813620067218332e-01
2.943658728545516315e-02
2.943077203072547859e-02
9.535855781958273436e-01
9.535767808251418565e-01
9.535845291542974778e-01
9.535815189844063511e-01
9.535827007506254560e-01
2.942914299448309498e-02
2.943998819131761827e-02
9.535799593682683373e-01
2.943898095031584686e-02
9.535779097244221347e-01
2.943894236113825044e-02
2.943763283388037971e-02
9.535874779593830342e-01
2.942925092020333075e-02
9.535836562356738710e-01
9.535788325529576115e-01
2.943880558502165803e-02
9.535672902642107207e-01
2.943885796185379336e-02
2.944381290301383014e-02
2.944139524048637949e-02
9.535843419635725571e-01
2.943578166343588376e-02
2.943236101735881641e-02
9.849501460398202290e-01
9.535762488650696422e-01
2.944404396954276512e-02
9.535794056736494051e-01
2.943550216856789109e-02
9.790286547167906805e-01
2.942281609771109710e-02
9.536139498812296056e-01
9.535867014087225924e-01
9.849801212148344698e-01
2.943053020501427627e-02
2.943438439090600642e-02
2.943463365866488476e-02
9.535774197092447002e-01
2.943699804100100362e-02
2.942790549277747233e-02
9.535802288978018071e-01
9.536023318184209119e-01
9.535968771662264309e-01
2.943765571273026724e-02
2.943006994373477750e-02
9.535837635114396971e-01
9.535927032533214609e-01
9.535832679311906368e-01
2.943425661050450004e-02
2.943433402730635806e-02
9.535702216380100849e-01
2.943369334079577043e-02
9.535850530064224895e-01
2.944814565443867188e-02
2.943918965649318029e-02
2.943662422008235663e-02
9.535980261063700114e-01
9.535760485990814050e-01
9.535978844776533681e-01
9.535901697421836909e-01
2.943224239729835129e-02
2.943666606455926787e-02
9.535820278585817045e-01
2.944358656821718240e-02
9.849608180048268213e-01
2.943086249161434159e-02
2.942505522748270833e-02
9.535863572191773940e-01
9.790383563698198399e-01
2.943646273551806664e-02
2.943362672231729371e-02
9.535903225639400516e-01
2.943582318530747061e-02
9.535949693115941539e-01
9.535808718738340017e-01
9.535934642394336969e-01
2.942997744665894547e-02
2.944073750871124828e-02
2.944256496950954996e-02
9.535859949673368696e-01
9.535885889260107273e-01
2.944173565364585632e-02
9.535881056060264704e-01
9.535900992174235480e-01
2.943266908713797550e-02
2.944038880230120253e-02
2.943243359532787123e-02
9.535822053769408280e-01
9.535863105408057816e-01
2.943358371620255487e-02
9.535833830762096008e-01
2.943162471428258098e-02
2.943811870636581923e-02
9.535925583641164938e-01
9.535897175270774406e-01
2.943900408693837789e-02
9.535801601742824873e-01
2.943061972363939308e-02
2.943180610784426263e-02
2.944185672780105789e-02
9.535925861022451766e-01
2.944057167214603546e-02
2.943608028730970716e-02
9.535903013270702333e-01
2.944058692297592955e-02
9.535878048465237233e-01
9.535879610337951728e-01
2.943970636239719857e-02
2.942715630752388775e-02
2.945433384989104564e-02
9.535869826332815657e-01
2.944174839921908857e-02
9.535882464632825517e-01
9.535888527002388537e-01
9.535994766469750861e-01
9.535915218174455532e-01
2.943983671266560756e-02
2.942761256651239832e-02
2.943542437948983709e-02
9.535864621244236616e-01
2.943688253264736474e-02
9.535846065134784277e-01
2.943878002647772746e-02
2.943438215628599308e-02
2.943444631751189824e-02
9.849561624710814201e-01
2.944014063244637311e-02
9.535758153195156295e-01
2.943560839759862963e-02
2.943470992718218160e-02
9.535854966790920928e-01
2.943014164148461537e-02
2.943615181432295003e-02
2.943120704115241570e-02
2.943087579701165329e-02
9.535916752567165089e-01
2.942784453160995906e-02
9.535900532160135334e-01
9.849675530103874088e-01
6.408472049491897859e-01
2.944132741688320135e-02
9.535796348198337657e-01
2.944046004583686024e-02
9.535804479234504250e-01
2.943534351373363819e-02
2.942495166647110180e-02
2.943629487578515794e-02
9.535808070826883309e-01
2.943923973081577494e-02
2.944094493269458837e-02
2.943092653045428428e-02
2.943379420634967270e-02
9.535917225371136619e-01
9.535859178095413835e-01
9.535818147266860167e-01
2.944216071836644466e-02
2.943274532765564888e-02
2.943505065581244334e-02
2.944182866144267122e-02
2.943379878156887619e-02
2.943980784234377299e-02
2.942776951578632977e-02
9.535819208541749248e-01
2.944459140632281480e-02
2.944262588406725695e-02
2.944181917840226967e-02
2.942892912304093458e-02
2.942941814829303643e-02
2.943083142019931736e-02
2.943271165632225378e-02
2.943634588736604787e-02
2.943255778701964545e-02
2.942983122987567410e-02
2.943785862422269861e-02
2.944200418092661475e-02
9.535880844754330843e-01
2.943289989046042610e-02
2.942280543667017551e-02
2.943793432893702239e-02
2.944232710148811730e-02
9.849526434005699826e-01
2.943434675386472424e-02
2.943387078622214728e-02
2.943971209884353388e-02
2.944158889836832535e-02
2.943047195015132539e-02
9.535827827259428791e-01
2.943973942426239207e-02
2.944437148695146222e-02
2.942915821649915234e-02
2.943498081067343758e-02
2.942752154907349663e-02
2.944365767574834078e-02
9.535830353068828202e-01
9.535764076148519619e-01
2.943911376566923227e-02
9.535869571368181807e-01
9.535917577159568337e-01
2.944321240391193500e-02
2.943073368748650928e-02
2.943338530556499980e-02
2.943698553867099554e-02
2.944525829347443766e-02
2.944209487556878960e-02
2.944334369929523659e-02
2.943675390463727434e-02
2.943302769150290751e-02
2.943663381199715726e-02
2.942892648424343810e-02
9.535775132806248999e-01
2.943082001485979732e-02
9.535965744639955943e-01
2.943227496593308137e-02
2.943669689499250897e-02
2.943851963673642033e-02
2.943907359561720796e-02
9.535928685050528708e-01
2.941824014434442011e-02
9.535872990909901592e-01
2.943897397783435885e-02
2.943492654578700948e-02
2.944808376772177147e-02
2.943490350908944606e-02
2.942858099342829381e-02
2.943707236264094321e-02
9.535887594842680226e-01
2.943560801085871870e-02
2.943633256781104032e-02
9.536023554912659295e-01
2.943616115413893314e-02
2.944379597130617268e-02
2.943360374160373938e-02
2.943615706602510998e-02
9.535655168310784857e-01
2.943804205123655079e-02
9.535856161730091873e-01
2.943458664541431791e-02
2.943711173813198800e-02
2.943221228994291616e-02
2.943247787116987785e-02
2.943868015253500378e-02
2.944375257934197729e-02
2.944036886426900160e-02
2.942090512575279079e-02
2.944112798331324082e-02
9.535863546579010919e-01
2.943100871737891130e-02
2.943290902746124177e-02
9.535785270902773503e-01
9.535778475408792643e-01
2.944019846109711958e-02
2.943560622657089010e-02
2.944250964726004977e-02
2.944223299875912275e-02
9.535849871099101316e-01
2.943897818046498777e-02
9.535710039274022387e-01
9.535801707720954479e-01
9.535901805595305980e-01
2.943572232332652971e-02
2.943901191297894002e-02
2.944315267683682638e-02
0.000000000000000000e+00
9.535821833440141226e-01
9.535854951001284663e-01
0.000000000000000000e+00
2.942816649360633502e-02
2.943420353058260122e-02
2.943499118878559195e-02
2.943257973410155076e-02
2.943962749167198037e-02
2.944435152300143438e-02
2.943032284032293805e-02
9.536011499509999823e-01
9.535772869889950210e-01
2.944242205966590697e-02
9.535799717422985822e-01
9.535746291688272924e-01
2.944204605301040112e-02
9.535935240123166734e-01
2.944084634258230249e-02
2.943582695372046198e-02
9.535817627514447947e-01
9.535758702211603044e-01
2.943727338675608540e-02
2.943720279984350652e-02
2.943854294631239460e-02
2.943911369199873201e-02
2.943188140197996669e-02
2.943955579426424385e-02
9.535934848760896365e-01
9.535933844921635760e-01
9.535887098469306711e-01
2.943283279214867210e-02
0.000000000000000000e+00
2.943170566465058008e-02
2.943423206028308176e-02
2.943078393432944223e-02
2.943798931027106699e-02
2.943270522812947709e-02
9.535808747453838885e-01
2.944472708609757045e-02
2.943083773637720363e-02
2.943392785552535751e-02
2.944391402190075710e-02
2.944093189760135787e-02
2.943941135080355154e-02
9.849739142599621688e-01
2.943169473065340019e-02
2.943412185776313889e-02
9.849479706869971318e-01
9.535879787946549557e-01
2.943003731726551164e-02
9.535896654214143231e-01
2.944453794680789230e-02
2.944468456968519360e-02
2.944048359690607311e-02
9.535874864383616645e-01
2.943008339479942156e-02
2.943702708748972829e-02
2.943348001849969975e-02
2.943065324924667645e-02
9.535806461327474004e-01
9.692837373852710714e-01
2.943826739191911235e-02
2.943617495763517847e-02
9.535908124378851269e-01
9.535820030258260749e-01
9.535920363159797741e-01
2.943141656988390933e-02
9.849484319128573029e-01
9.535939539420676958e-01
2.943538504750562584e-02
2.943612919025635072e-02
2.943801949077717861e-02
9.535847487343080964e-01
2.944420693415747067e-02
9.535877289016307934e-01
2.943632873907521541e-02
2.944110700303642636e-02
2.942680709592116958e-02
2.943738744394695794e-02
9.535853599686132664e-01
2.943792076592461476e-02
9.535935537899310477e-01
9.535864342811332106e-01
8.960991236766762125e-01
2.943087312927350832e-02
9.535876663553697341e-01
9.535880498923655635e-01
9.535856913468632179e-01
9.535765179653303836e-01
2.943538428222802414e-02
2.943533224175986021e-02
2.943503972795206980e-02
9.535787239375088653e-01
9.535830905561066828e-01
9.535937343707083791e-01
9.535934446988320046e-01
2.944135272637802073e-02
2.943735696794322343e-02
2.943597082307141191e-02
9.849462876255962174e-01
2.945420579824245891e-02
9.535807027969182004e-01
9.535909207004615862e-01
9.535664931701927083e-01
9.535788698567506660e-01
4.237033999088838862e-03
9.535824496038949327e-01
9.535877019708980384e-01
2.943044891646603989e-02
9.535805960711174478e-01
9.535950782076677568e-01
2.943713145851541840e-02
2.943418990829711757e-02
2.943523182473740604e-02
9.535886185259306869e-01
9.535850349606492804e-01
2.945170108483465346e-02
9.535847317906420706e-01
2.943203434149641029e-02
9.535769158277401791e-01
2.943432245947379469e-02
2.943479588709236455e-02
2.946036839605421440e-02
9.535883828156505038e-01
9.849380917678133285e-01
9.535852762079869427e-01
2.942585813743331738e-02
2.943729031771002980e-02
2.944449739278993602e-02
2.942680114544514794e-02
9.535818379741060058e-01
2.943496660167294401e-02
2.942849181617554141e-02
2.943178440844580399e-02
2.942845503822053704e-02
