2.200122352309224760e-01
7.610307777246982930e-01
2.203403957522906687e-01
7.610311138406029574e-01
2.199699167736639260e-01
7.610307569407741557e-01
2.199689730035692403e-01
2.204492686280087599e-01
7.610289490552308855e-01
7.610302778605767537e-01
7.610289671645287246e-01
7.610292370023152841e-01
2.199921625461313535e-01
2.200241694208180387e-01
2.200067046772243295e-01
7.610289493793951365e-01
2.200227714662933709e-01
2.199738148330394882e-01
2.200210081922396865e-01
2.200095058708405604e-01
2.196833374582827514e-01
2.200249198232460124e-01
2.200140158251586431e-01
7.610308293843026650e-01
2.882867427897275459e-01
2.203682047940729860e-01
7.610301011489004619e-01
2.203764851418006931e-01
2.200196202273261015e-01
2.203921181116754169e-01
2.203950578167570284e-01
2.200091323882483463e-01
2.200191993945077307e-01
7.610267500432831289e-01
2.203697241340954738e-01
2.200205137966998459e-01
7.610304184744707268e-01
2.196235960361734574e-01
2.200127676823076528e-01
7.610301756046260468e-01
7.610290940297950169e-01
2.200162811082088943e-01
2.200072099022259142e-01
7.610311138406029574e-01
7.610287370771596782e-01
2.199734112357780158e-01
7.610294419227906504e-01
2.200095924200397013e-01
7.610278425671823666e-01
7.610291313787181933e-01
2.200239222657379146e-01
2.200253171117034501e-01
7.610300873882394068e-01
7.610309416292926343e-01
7.610296264557666612e-01
2.200110220536780625e-01
2.200181774154194303e-01
7.610301601642718294e-01
2.199923617051965652e-01
2.200186722606363443e-01
2.200562617239685825e-01
7.610287341347934387e-01
7.610288120852320981e-01
2.200569195286986579e-01
2.196851639654401056e-01
2.196692696958176816e-01
0.000000000000000000e+00
7.610307120212135290e-01
2.200122978068598523e-01
7.610269275351949636e-01
7.610289880063022538e-01
2.196166481811405169e-01
7.610311721963168852e-01
2.200797238278204282e-01
7.610311721963168852e-01
7.610269311998762998e-01
2.196647368762783270e-01
2.199725366525888681e-01
7.610303344918387669e-01
2.200545113070547509e-01
7.610290874770517799e-01
2.203409688728122096e-01
2.200159740720419865e-01
2.200226996562375248e-01
2.203819326865112393e-01
7.610309207636523077e-01
7.610295699079161480e-01
2.200220338675966947e-01
2.229181484992672768e-01
2.200160825124644060e-01
7.610297387840836425e-01
7.610314170505650955e-01
7.949309213473932934e-01
2.203641449692523568e-01
2.200131261120625015e-01
7.610293380124111273e-01
2.196794768734282310e-01
2.200153396481677459e-01
2.200181540982685258e-01
2.200123116521551514e-01
2.196586682653689226e-01
7.610269057897085521e-01
7.610306358865107645e-01
7.610280737955943398e-01
7.610295403409529369e-01
7.610308123085653964e-01
2.203502026300294958e-01
7.610295915113571841e-01
7.610298415971274988e-01
7.610319125794671180e-01
2.199864527188322427e-01
7.610298087166331715e-01
7.610280312249674273e-01
7.610302239957864590e-01
2.200189841213405217e-01
7.610308975385213781e-01
7.610288036136577672e-01
7.610291790260315103e-01
2.200095656611546768e-01
7.610293481675862726e-01
2.196354686522139499e-01
2.200144467243357882e-01
7.610268210960662305e-01
7.610275104218205966e-01
2.203589675890395561e-01
7.610278425671823666e-01
2.200615921145205600e-01
7.610276716178994150e-01
7.610322511166680570e-01
2.196641981602722726e-01
2.204165951867021467e-01
7.610296282207641427e-01
2.200406534145879223e-01
2.200220647862523859e-01
2.200245349857585520e-01
2.203338666443581118e-01
2.200194198581519323e-01
7.610290175173282101e-01
7.610298151876810913e-01
7.610302894550848851e-01
7.610306180667480991e-01
2.200079616104772817e-01
7.610302001007724915e-01
2.200169533387083542e-01
2.200365353842030636e-01
2.200199724448903271e-01
7.610307866895559270e-01
2.199693880965290782e-01
2.200646167164329037e-01
7.610296349739414934e-01
2.200213798685228539e-01
2.200257809416061583e-01
1.494024464220704840e-01
7.610292436375826197e-01
7.610299623171342676e-01
7.610286366207297259e-01
7.610303936644819967e-01
2.200502525434906986e-01
2.199791875396882035e-01
7.610308703413528608e-01
2.200397509821060693e-01
7.610276530449933130e-01
2.200911333697997962e-01
2.151963468929633527e-01
7.610297214922787656e-01
2.203487384907881763e-01
2.199720398104326180e-01
2.200148004576339134e-01
2.200556716769297427e-01
7.610308055599785959e-01
7.610264643175623789e-01
2.203606276823963372e-01
7.610302396731070118e-01
7.610307852105847592e-01
2.196903972035641195e-01
2.200219023734762136e-01
2.200552485354387022e-01
7.610304820255054947e-01
7.610306699382110018e-01
2.200531352673628371e-01
2.196649670285692191e-01
7.610289158020464573e-01
7.610289490552308855e-01
2.200123902532462594e-01
7.610301498333491566e-01
7.610298434624771513e-01
7.610281005087859985e-01
7.610299148645078837e-01
2.199740306613700014e-01
7.610306358865107645e-01
2.203522263165711981e-01
7.610318299628701100e-01
7.610289110885253283e-01
2.200190329972954439e-01
2.195159605911246037e-01
2.200694621901532755e-01
2.200113886977326239e-01
7.610243204774493897e-01
2.179011399479898192e-01
2.200252703175520075e-01
2.203712241271599537e-01
2.200500412529252936e-01
2.200197337410405296e-01
2.196830817881139652e-01
7.610293183488252566e-01
2.201044182574581898e-01
7.610276260536434911e-01
2.196760768738238168e-01
2.196852395199359320e-01
7.610310753536619899e-01
7.610306998051524774e-01
2.200259845057889185e-01
7.610296431353693603e-01
7.610300505553287964e-01
7.610301548156326312e-01
7.610293087333245277e-01
7.610291495625276514e-01
2.203355909861544337e-01
7.610295967476607970e-01
7.610301342211021058e-01
2.196838148548156677e-01
7.610282157012173698e-01
7.610302034576266195e-01
7.610307304504712045e-01
7.610289732292245812e-01
2.200237563519931716e-01
2.200127037358053372e-01
2.200045160045025205e-01
2.200243024768382960e-01
7.610306696042031804e-01
2.200281010961038231e-01
2.199865706875231142e-01
7.610299309878377771e-01
2.201376924567510218e-01
7.610300671707473930e-01
7.610304184744707268e-01
2.196876003644596398e-01
2.200121042939708893e-01
7.610306998051524774e-01
2.200217346895040893e-01
7.610297539800821021e-01
7.610289968576838815e-01
2.200240724379429191e-01
7.610274420600691148e-01
2.200105683682828661e-01
7.610300356402768251e-01
2.200188569160178298e-01
2.199988922244636436e-01
7.610298978971085093e-01
7.610290522842795280e-01
2.199701379879115404e-01
2.199969154747904443e-01
7.610312161069069381e-01
2.200143644122227737e-01
7.610295665981744451e-01
7.610306102277979434e-01
7.610304495676348813e-01
2.200015451519468090e-01
2.200909742345051046e-01
7.610298962659607369e-01
2.203442477466196758e-01
7.610297735398725560e-01
2.203665957665556507e-01
7.610304356979826768e-01
7.610290063020932472e-01
7.610282797458913784e-01
2.196756578128742365e-01
2.200189483778013655e-01
7.610302590848423421e-01
2.196493060730779767e-01
2.200143471134973494e-01
2.200076163135194496e-01
7.610301756046260468e-01
7.610308993115633136e-01
2.200527515204282469e-01
2.200276178840001873e-01
7.610281626032224800e-01
2.199878778444014082e-01
7.610295099501656058e-01
2.203779496410468441e-01
7.610311138406029574e-01
7.610287006721740966e-01
7.610308055599785959e-01
2.200197953928269279e-01
7.610310124220718286e-01
2.199911361659110665e-01
7.610278189275270222e-01
7.610289490552308855e-01
7.610300847978872518e-01
7.610314125069447266e-01
7.610290692215093689e-01
7.610270313592204516e-01
7.610289170559931815e-01
2.200045819676946512e-01
2.200505679799124870e-01
2.200059708565846872e-01
2.200211367062007151e-01
2.200217858776432611e-01
2.203321481709825669e-01
2.199886934442636666e-01
7.610295942828372295e-01
2.203506108726679402e-01
7.610291794250134689e-01
2.199799149356005956e-01
7.610292778566400962e-01
7.610310753536642103e-01
2.200161482075770614e-01
7.610305356490778550e-01
7.610306998051524774e-01
7.610310461868866616e-01
2.199591024474151224e-01
2.200146120021856666e-01
2.200121438780636707e-01
7.610325151613417383e-01
2.196664455243828029e-01
7.610299643794574687e-01
7.610306358865107645e-01
2.196775820693306069e-01
7.610292013562274249e-01
7.610295403409529369e-01
2.203668879913612544e-01
7.610323135288497021e-01
7.610284701655931627e-01
2.203567568301008361e-01
2.200120941962728782e-01
7.610303532018540817e-01
2.200135754423842849e-01
7.610307562758330535e-01
2.203404950442277854e-01
2.200129496931643724e-01
7.610288212816354037e-01
2.200149791930922916e-01
2.199673117473840145e-01
2.196675566998709805e-01
7.610297214922787656e-01
7.610286670540302723e-01
2.200216891619093118e-01
7.610302899957004374e-01
7.610287753016741208e-01
2.199815057968888266e-01
2.200153645709174155e-01
2.203696233493901147e-01
7.610289490552308855e-01
0.000000000000000000e+00
2.200217795873687932e-01
7.610288973293215520e-01
7.610296650386155770e-01
7.610259823884005792e-01
2.200098199293415158e-01
2.203433394150233204e-01
7.610297581527376565e-01
7.610326034219994096e-01
7.610287600425483800e-01
2.200223961859806565e-01
2.200215442890690598e-01
2.200192106081004240e-01
2.199906534901174826e-01
2.200146716564086169e-01
7.610306998051524774e-01
2.200242355405749028e-01
2.203314674831533537e-01
7.610308335367871324e-01
2.200185453508104461e-01
2.200078269162412670e-01
7.610306998051524774e-01
2.200231133774737946e-01
2.200513750643796340e-01
7.610297494487338055e-01
7.610288038900793195e-01
7.610307163981129275e-01
2.196705662486027610e-01
7.610298294322043189e-01
2.203468351988288054e-01
7.610306152069428176e-01
2.200106893556746657e-01
2.200230243485754300e-01
7.610308233875782147e-01
2.200357058278628042e-01
7.610296945056573836e-01
7.610315814208734597e-01
2.200110221110174458e-01
7.610293477061508272e-01
2.200155055395532633e-01
2.200059416455884265e-01
2.200080095941800429e-01
2.203307884900000957e-01
2.196783025914092469e-01
7.610306998051524774e-01
7.610289597660275795e-01
7.610306998051524774e-01
2.203733745919866371e-01
7.610297959205596374e-01
2.196826823474158086e-01
2.200109660947048018e-01
2.203306983131250729e-01
2.200026856433446587e-01
7.610298137387523365e-01
2.200239690000367621e-01
7.610297214922787656e-01
7.610287670210345023e-01
2.200006030052508166e-01
2.207486233190794067e-01
7.610297413518554155e-01
7.610315802332172641e-01
7.610312762442913437e-01
7.610289490552308855e-01
8.114931374935396846e-01
2.200099101077368779e-01
7.610286268287271838e-01
2.199288401695645434e-01
7.610312762452180468e-01
7.610266461199868271e-01
2.200231199214260080e-01
2.201160441678132185e-01
7.610297214922787656e-01
7.610301756046260468e-01
2.200236570180322815e-01
7.610303532696583995e-01
2.201477984865410353e-01
7.610307562758330535e-01
2.200546570477555086e-01
7.610297214922787656e-01
2.204151951324787029e-01
2.200985966753059575e-01
2.205000227807612234e-01
7.610298705161160360e-01
7.610290617589485773e-01
2.200510785227184907e-01
2.199704208428146235e-01
2.200130471486158312e-01
7.610291772573150038e-01
2.203553621917766492e-01
2.200216925233675902e-01
7.610307120212135290e-01
2.204219530276532169e-01
7.610290506563370805e-01
7.610290965336100610e-01
2.196660057454236092e-01
