1.510906322566124838e-01
9.091289917384374197e-01
9.091274267946285459e-01
9.091262740196146552e-01
9.091242690495463519e-01
9.091164604452405262e-01
9.091330360489001672e-01
9.091290014139317144e-01
9.091314872798078595e-01
1.510808260746223930e-01
9.091175131102180451e-01
1.510791898400974387e-01
1.510831204013836082e-01
9.091172236795675987e-01
1.510966438366128928e-01
1.510873887826939821e-01
9.091158600858355587e-01
9.091129172347148790e-01
9.091221364102228808e-01
1.510333692477074663e-01
9.091293920382561566e-01
1.510870258807898714e-01
9.091257794261857761e-01
1.510938388503134111e-01
1.510894768798669296e-01
1.510869402064565492e-01
9.091313067267252634e-01
1.510915381517988765e-01
9.091265249486275568e-01
1.510030912948940318e-01
9.091326081215493904e-01
1.595272148508698473e-01
1.510866984094641485e-01
9.091385128636471080e-01
1.510898423113821443e-01
9.091307814518381214e-01
9.091239070922026988e-01
1.510780242036061094e-01
1.510852569874159279e-01
1.510904471082238076e-01
1.510827585315974719e-01
1.510954318678941477e-01
9.091279585120302098e-01
9.091312205656838508e-01
1.510883024776512595e-01
9.091180132664571367e-01
1.510795077439821554e-01
9.091256064427282180e-01
9.091313922685627658e-01
1.510889293017813328e-01
9.091175048117150492e-01
1.510790497748653038e-01
1.510786799858249152e-01
9.091225978975321365e-01
1.510793974695492092e-01
9.091243638763446544e-01
9.091270350999666183e-01
9.091237197753710975e-01
1.510881795807252626e-01
9.091200715212085504e-01
9.091300348681660148e-01
1.509636111577275785e-01
1.510881862142613996e-01
9.091316392866927165e-01
1.510748622185648093e-01
9.091239121656414790e-01
1.510847346035218697e-01
9.091297010652649169e-01
1.510749751962417731e-01
1.510911298772624201e-01
1.510661996302306853e-01
9.091180812159183056e-01
9.091249613173497668e-01
9.091207698364661693e-01
1.510897231370631755e-01
9.091252075682496603e-01
9.091254323213597832e-01
1.510923546884913038e-01
1.510955973632270299e-01
1.510968644867694832e-01
9.091166029405772786e-01
9.091329248478640102e-01
1.510848662545753174e-01
1.510817297526378666e-01
1.510850024485506093e-01
9.091308195544132165e-01
9.091183089941485829e-01
1.510871447593637451e-01
9.091169008054912348e-01
1.510877736349696687e-01
9.091194037646945780e-01
9.091258832271585932e-01
9.091193482557657912e-01
1.510902793136698619e-01
1.510913299510368568e-01
1.510874286219587581e-01
1.510794553940651153e-01
9.091298884611312969e-01
9.091179368493101931e-01
1.510814739454169053e-01
9.091217893055880683e-01
9.091319659246708262e-01
9.091298548052052508e-01
9.091219846543058258e-01
1.510823051144885854e-01
1.511073966742980945e-01
9.091212535053315724e-01
9.091243525527225033e-01
1.510855840817664220e-01
9.091280792727481908e-01
1.510880100257616099e-01
1.510789599956968154e-01
1.510793281538975463e-01
9.091280050691094017e-01
9.091293883443103407e-01
9.091162504981082915e-01
1.510838778549229988e-01
1.510802877316747006e-01
9.091231981577223564e-01
1.510868589812302820e-01
1.510854162912397269e-01
9.091307900618265103e-01
9.091309947635339839e-01
9.091258502709803624e-01
1.510850500947565067e-01
1.510773987336440083e-01
9.091260947217164601e-01
1.510943734761522328e-01
9.091291069057896301e-01
9.091220979706493566e-01
1.510705366267897365e-01
1.510871155851689629e-01
9.091243801141598579e-01
1.510873712962117754e-01
9.091269823921356297e-01
9.091116133922717557e-01
9.091198377210619741e-01
1.510900548461511783e-01
9.091325919724234650e-01
9.091191177378065147e-01
1.510920862187181968e-01
9.091239361073538694e-01
1.510927299888947806e-01
1.510824445590387699e-01
9.091136734741865899e-01
9.091198420143693504e-01
9.091503239390521518e-01
1.510939904374621889e-01
9.091288470909673070e-01
1.510908237164478030e-01
1.510967516349302486e-01
1.510784757563374547e-01
1.510873607487487058e-01
9.091310614532169820e-01
9.091164393549496792e-01
9.091322722312814575e-01
1.510907517550368062e-01
9.091281102670386582e-01
1.510952964775452434e-01
9.091226881446408115e-01
9.091243189916644596e-01
9.091392126229825843e-01
1.510401646478641002e-01
9.091302437963821870e-01
1.510963926830530824e-01
9.091307235106771412e-01
9.091314838070388982e-01
1.510808398169902200e-01
9.091239158443653601e-01
9.091293920382561566e-01
9.091215601143936009e-01
9.091181127893823710e-01
1.510920163294270924e-01
9.091212550957338268e-01
1.510870283851614704e-01
1.131918057881765027e-01
1.510875170002332346e-01
9.091328002818300780e-01
1.510980100356619504e-01
9.091319528152838059e-01
1.510901114689958691e-01
9.091260267641930737e-01
9.091179067366312871e-01
9.091289839246670113e-01
1.510948195011480033e-01
9.091174126379353293e-01
9.091276385228082013e-01
9.091299993752289810e-01
9.091247901505851159e-01
1.510692791660051271e-01
1.510945993498589435e-01
1.510899679833674347e-01
9.091294295976574125e-01
9.091257578332767597e-01
9.091265023445848081e-01
9.091292884042699862e-01
9.091278600070505922e-01
9.091212982790161101e-01
9.091249454543127717e-01
1.510954596227978008e-01
9.091342101621263661e-01
9.091252332620691767e-01
9.091300752834391430e-01
9.091193325662414448e-01
9.091203572645872866e-01
9.091278119818453352e-01
9.091297913737563796e-01
9.091323046853854173e-01
9.091269991636770076e-01
9.091177715151687044e-01
9.091182966600263038e-01
9.091164300470241377e-01
1.510864419378686041e-01
9.091273455248964908e-01
9.091229463656544940e-01
9.091278189032000467e-01
9.091310462820938465e-01
1.510407869420038740e-01
9.091284984287382187e-01
9.091202001068366956e-01
9.091214735195664032e-01
9.091193681264118087e-01
9.091191861341746394e-01
1.510896850075035547e-01
9.091308315287156550e-01
9.091353474133091472e-01
9.091145852687656514e-01
9.091222713425721746e-01
9.091295111150723418e-01
9.091239575832218422e-01
1.510818843266507616e-01
1.510824400356493846e-01
9.091178224760573245e-01
1.510891566603314584e-01
1.510902799835860955e-01
9.091166615849300969e-01
9.091290869176280598e-01
9.091205403025492959e-01
9.091317265539177184e-01
8.508938682570107437e-01
9.091175687848287446e-01
9.091273829636357107e-01
9.091245586665188672e-01
9.091287327141873709e-01
9.091282374415268208e-01
9.091192373817315042e-01
1.510760022461397067e-01
9.091339278544237068e-01
1.510831457992465876e-01
9.091284968142335776e-01
9.091201119703690159e-01
9.091293920382561566e-01
9.091254686892662473e-01
1.510901606000442376e-01
9.091235340688030853e-01
1.510780059674920184e-01
9.091316341558024483e-01
9.091192779451455763e-01
9.091298815385412402e-01
9.091267202126762648e-01
9.091192734902433514e-01
9.091156537004554394e-01
1.510916761320558743e-01
9.091254098601228018e-01
9.091194019324287945e-01
1.510930469410599053e-01
9.091267969469656318e-01
9.091201557014335632e-01
9.091287370400685797e-01
9.091332026421385937e-01
1.510858654886543806e-01
9.091282294819773568e-01
1.510765306460455093e-01
9.091158957882360392e-01
9.091135590752059681e-01
9.091193402931664336e-01
9.091292790966964965e-01
9.091255343022845992e-01
9.091287083412109560e-01
9.091297942922098585e-01
9.091318017250662464e-01
9.091282700990279686e-01
1.510833974310692163e-01
9.091287962216827445e-01
9.091176987346475391e-01
1.510917054499231749e-01
1.510929688932804438e-01
9.091263339799031673e-01
9.091159758297739923e-01
9.091313823077015188e-01
9.091301995376125378e-01
1.510798682508081581e-01
9.091240364892027026e-01
1.510878695797301940e-01
1.510930255704676650e-01
1.510889938258012377e-01
9.091256478564604393e-01
9.091159587421613342e-01
9.091252871157713411e-01
1.510951648045915918e-01
1.510884128150483119e-01
1.510833946891593504e-01
1.510762308949282762e-01
9.091189420939652654e-01
9.091279962410530047e-01
9.091298548052052508e-01
9.091211805558538916e-01
9.091232374878421840e-01
9.091177301716868442e-01
9.091211681437428860e-01
1.510844763412687586e-01
1.510944863112080039e-01
9.091270870787866443e-01
1.510877375093887254e-01
1.510933782630244915e-01
9.091299397204868349e-01
1.510890642886910940e-01
9.091166706408503329e-01
9.091340852510296777e-01
1.510929228628958843e-01
1.510865129732343326e-01
9.091259666150959262e-01
9.091302725823801056e-01
9.091266281807424132e-01
9.091178479523991385e-01
9.091149782447955907e-01
9.091295205483377329e-01
1.510886551526244292e-01
1.510796200173464832e-01
1.510908378062190138e-01
9.091318622520108139e-01
1.510741465665762784e-01
9.091176300928254239e-01
9.091270902563176604e-01
9.091181022031410430e-01
9.091342631243032324e-01
9.091254233353773806e-01
1.510930586539707965e-01
9.091253743760148165e-01
9.091219534249916912e-01
9.091316339310564487e-01
9.091200780919944657e-01
9.091200446538757474e-01
9.091194130154687247e-01
1.458323148996568119e-01
9.091173285651557023e-01
9.091175687848287446e-01
1.510314365476836396e-01
1.510921676883749676e-01
9.091196372442166274e-01
1.510793462798127040e-01
9.091163925642540278e-01
9.091326004135701355e-01
9.091255688865113038e-01
1.510843745656655079e-01
9.091179988997485362e-01
9.091213119942473941e-01
9.091277934980500630e-01
9.091238305554609767e-01
1.510865904948102134e-01
1.510858732911859736e-01
9.091144610447465801e-01
9.091277730347028241e-01
1.510909017917877462e-01
1.510978555079973140e-01
1.510819093691357085e-01
9.091184927236878321e-01
1.482824500871318674e-01
1.510893308889155184e-01
9.091276729387876010e-01
9.091195957906286207e-01
9.091218909666424208e-01
1.510827470248653770e-01
9.091174080442991912e-01
1.510812719862246467e-01
9.091229748018361256e-01
9.091292911945255684e-01
9.091204366976527451e-01
9.091223473666764088e-01
1.510969772322999227e-01
9.091195796520571415e-01
1.510937264972592453e-01
1.510839433816599797e-01
1.510847330689573942e-01
9.091176018821349736e-01
1.510833014277042918e-01
1.510846954006261622e-01
1.510886336203385583e-01
1.510830540908665309e-01
9.091331756056485469e-01
9.091196781420899375e-01
9.091244072697384215e-01
1.510893713958227358e-01
1.510903382389828797e-01
1.510888205271298801e-01
1.510955382430653193e-01
9.091165782779740967e-01
9.091181567726233093e-01
9.091159378389495060e-01
1.510612876940105598e-01
9.091312980235338737e-01
1.510913014566372670e-01
1.510833399748952866e-01
1.510867578927959087e-01
1.510893831656124342e-01
1.510607931236660761e-01
1.510870236037955561e-01
1.510886915511450990e-01
9.091186511538952297e-01
1.510844940729818842e-01
1.510797411271039004e-01
9.091149516756761306e-01
9.091275360535686634e-01
9.091263302934879942e-01
1.510817531543853787e-01
1.510880149160835073e-01
9.091511104757036277e-01
1.510870353776856412e-01
9.091146823160463075e-01
1.510835214132264237e-01
9.091153070482446141e-01
9.091234161845245243e-01
9.091405831925398751e-01
1.510816655346427229e-01
1.510819017775396345e-01
1.510952197363617244e-01
9.091205053817416060e-01
9.091226416028412860e-01
9.091229101030129378e-01
9.091293810138695308e-01
1.510857029271534258e-01
9.091178862705572294e-01
9.091294841028284557e-01
9.091238987751752987e-01
9.091297687313102394e-01
