0.000000000000000000e+00
9.932914384715109124e-01
0.000000000000000000e+00
9.932918472958219835e-01
0.000000000000000000e+00
9.932966132591630748e-01
0.000000000000000000e+00
0.000000000000000000e+00
9.932985791253496899e-01
0.000000000000000000e+00
9.933039569632116095e-01
9.933004506133412681e-01
0.000000000000000000e+00
0.000000000000000000e+00
0.000000000000000000e+00
9.691776370747368086e-01
0.000000000000000000e+00
0.000000000000000000e+00
0.000000000000000000e+00
0.000000000000000000e+00
0.000000000000000000e+00
0.000000000000000000e+00
0.000000000000000000e+00
9.932924131310010285e-01
0.000000000000000000e+00
0.000000000000000000e+00
9.932966471571340605e-01
0.000000000000000000e+00
0.000000000000000000e+00
0.000000000000000000e+00
0.000000000000000000e+00
0.000000000000000000e+00
0.000000000000000000e+00
9.933030437633443288e-01
0.000000000000000000e+00
0.000000000000000000e+00
9.932873054316324613e-01
0.000000000000000000e+00
0.000000000000000000e+00
9.932979048719008386e-01
9.691710725547987293e-01
0.000000000000000000e+00
0.000000000000000000e+00
9.933017572580653543e-01
9.932865580859456811e-01
0.000000000000000000e+00
0.000000000000000000e+00
0.000000000000000000e+00
9.932922707941372886e-01
9.932978080411427602e-01
0.000000000000000000e+00
0.000000000000000000e+00
9.933001693348147976e-01
9.933012481580653086e-01
9.933028234874745621e-01
0.000000000000000000e+00
0.000000000000000000e+00
9.933041065907451950e-01
0.000000000000000000e+00
0.000000000000000000e+00
0.000000000000000000e+00
9.932944842656735718e-01
9.932933465403918083e-01
0.000000000000000000e+00
0.000000000000000000e+00
0.000000000000000000e+00
0.000000000000000000e+00
9.932999643040079096e-01
0.000000000000000000e+00
9.932913428824367008e-01
0.000000000000000000e+00
0.000000000000000000e+00
9.932906573394616467e-01
0.000000000000000000e+00
9.933011822555473103e-01
9.933005524086014892e-01
0.000000000000000000e+00
0.000000000000000000e+00
9.933114809018410707e-01
0.000000000000000000e+00
0.000000000000000000e+00
0.000000000000000000e+00
0.000000000000000000e+00
0.000000000000000000e+00
0.000000000000000000e+00
9.932977683410517677e-01
0.000000000000000000e+00
0.000000000000000000e+00
0.000000000000000000e+00
0.000000000000000000e+00
0.000000000000000000e+00
9.932851109754565755e-01
0.000000000000000000e+00
0.000000000000000000e+00
0.000000000000000000e+00
9.932911073734050911e-01
0.000000000000000000e+00
0.000000000000000000e+00
0.000000000000000000e+00
0.000000000000000000e+00
0.000000000000000000e+00
9.933030814563554856e-01
9.932927137770936055e-01
9.932974182459204382e-01
9.933118834353210636e-01
9.932986923817861413e-01
0.000000000000000000e+00
0.000000000000000000e+00
0.000000000000000000e+00
9.933041279409264845e-01
0.000000000000000000e+00
0.000000000000000000e+00
9.932975429049099025e-01
9.932829383648122956e-01
0.000000000000000000e+00
0.000000000000000000e+00
3.235568027230567023e-01
0.000000000000000000e+00
0.000000000000000000e+00
9.691857988199973351e-01
0.000000000000000000e+00
0.000000000000000000e+00
9.933033310773338176e-01
9.932876644001595867e-01
0.000000000000000000e+00
9.932998211089623108e-01
0.000000000000000000e+00
9.932999291510842266e-01
9.932902374855165917e-01
0.000000000000000000e+00
0.000000000000000000e+00
9.932928767815598636e-01
0.000000000000000000e+00
0.000000000000000000e+00
0.000000000000000000e+00
0.000000000000000000e+00
0.000000000000000000e+00
9.932892516080235046e-01
0.000000000000000000e+00
9.932998180590155712e-01
9.932974432039709534e-01
0.000000000000000000e+00
9.932932992067668998e-01
0.000000000000000000e+00
0.000000000000000000e+00
0.000000000000000000e+00
9.933046426672933471e-01
0.000000000000000000e+00
0.000000000000000000e+00
9.932961736385184093e-01
0.000000000000000000e+00
0.000000000000000000e+00
0.000000000000000000e+00
9.932945501486500905e-01
0.000000000000000000e+00
9.932882182391441495e-01
9.932969054011473453e-01
0.000000000000000000e+00
0.000000000000000000e+00
0.000000000000000000e+00
0.000000000000000000e+00
9.932967858108632253e-01
0.000000000000000000e+00
0.000000000000000000e+00
9.932955158446473698e-01
0.000000000000000000e+00
0.000000000000000000e+00
0.000000000000000000e+00
0.000000000000000000e+00
9.933023873537085713e-01
9.932860443775161086e-01
0.000000000000000000e+00
0.000000000000000000e+00
9.932971726656929512e-01
0.000000000000000000e+00
0.000000000000000000e+00
0.000000000000000000e+00
9.932949639812466147e-01
9.932918560973650335e-01
0.000000000000000000e+00
0.000000000000000000e+00
9.933049941489078272e-01
9.932993222611777862e-01
0.000000000000000000e+00
9.932912909586439909e-01
9.933025327220269540e-01
9.932996999405598881e-01
0.000000000000000000e+00
0.000000000000000000e+00
9.932871191473215955e-01
0.000000000000000000e+00
9.933046331791540728e-01
9.933094115349376807e-01
0.000000000000000000e+00
0.000000000000000000e+00
0.000000000000000000e+00
0.000000000000000000e+00
9.933008430125621624e-01
0.000000000000000000e+00
0.000000000000000000e+00
0.000000000000000000e+00
0.000000000000000000e+00
0.000000000000000000e+00
0.000000000000000000e+00
9.691960912879260537e-01
0.000000000000000000e+00
9.932804264105308256e-01
0.000000000000000000e+00
0.000000000000000000e+00
9.932903365660026296e-01
9.933004451042658500e-01
0.000000000000000000e+00
9.932912754266624011e-01
9.932968115008330434e-01
9.932867031744379016e-01
0.000000000000000000e+00
3.235718553732340741e-01
0.000000000000000000e+00
9.932911737523000273e-01
9.932962497418381664e-01
0.000000000000000000e+00
9.932931300569551869e-01
9.932962933761230184e-01
9.932883226474990002e-01
9.933061043698299120e-01
0.000000000000000000e+00
0.000000000000000000e+00
0.000000000000000000e+00
0.000000000000000000e+00
0.000000000000000000e+00
0.000000000000000000e+00
0.000000000000000000e+00
9.933017083918621593e-01
0.000000000000000000e+00
0.000000000000000000e+00
9.932992856550408867e-01
0.000000000000000000e+00
0.000000000000000000e+00
9.932905229592278173e-01
0.000000000000000000e+00
9.933013080384257565e-01
9.691451028809756618e-01
0.000000000000000000e+00
9.932970137774370656e-01
0.000000000000000000e+00
9.933005415019958706e-01
0.000000000000000000e+00
0.000000000000000000e+00
9.933004689637212614e-01
0.000000000000000000e+00
0.000000000000000000e+00
0.000000000000000000e+00
9.932917522151958334e-01
0.000000000000000000e+00
9.932961872054162367e-01
9.933012379609605924e-01
9.932950128926320010e-01
0.000000000000000000e+00
0.000000000000000000e+00
9.932938871041061546e-01
0.000000000000000000e+00
9.932976039701811866e-01
0.000000000000000000e+00
9.932946244049897233e-01
5.701858755614569452e-02
9.932996024607447794e-01
0.000000000000000000e+00
0.000000000000000000e+00
9.932945910784454213e-01
0.000000000000000000e+00
0.000000000000000000e+00
0.000000000000000000e+00
9.932971619753874215e-01
9.932977963932746457e-01
0.000000000000000000e+00
0.000000000000000000e+00
9.932979157821816285e-01
0.000000000000000000e+00
9.933009210903321895e-01
0.000000000000000000e+00
9.933085561771755057e-01
9.933001574462509975e-01
9.932905452418944181e-01
0.000000000000000000e+00
9.933037655054030024e-01
0.000000000000000000e+00
9.932921933414999849e-01
9.932986326146377998e-01
9.932983042882480573e-01
9.932942066707117768e-01
9.932927364778441071e-01
9.933003444024155471e-01
9.932945996502197117e-01
0.000000000000000000e+00
0.000000000000000000e+00
0.000000000000000000e+00
0.000000000000000000e+00
0.000000000000000000e+00
0.000000000000000000e+00
0.000000000000000000e+00
9.932890076061506868e-01
0.000000000000000000e+00
9.932979518179569922e-01
0.000000000000000000e+00
9.932986521516053990e-01
9.933011280408915455e-01
0.000000000000000000e+00
9.932952010103994755e-01
9.933005706911205435e-01
9.933074229636719155e-01
0.000000000000000000e+00
0.000000000000000000e+00
0.000000000000000000e+00
9.933045450686635025e-01
0.000000000000000000e+00
9.932943403262562976e-01
9.933005925408198156e-01
0.000000000000000000e+00
9.691704007354053907e-01
9.932900547221208409e-01
0.000000000000000000e+00
9.932993271570498273e-01
0.000000000000000000e+00
0.000000000000000000e+00
0.000000000000000000e+00
9.932948859228067917e-01
0.000000000000000000e+00
9.932974980680578936e-01
0.000000000000000000e+00
0.000000000000000000e+00
9.932999511188793651e-01
0.000000000000000000e+00
0.000000000000000000e+00
0.000000000000000000e+00
9.932944756635824213e-01
9.932955026764456186e-01
0.000000000000000000e+00
0.000000000000000000e+00
9.933005220047425032e-01
0.000000000000000000e+00
0.000000000000000000e+00
0.000000000000000000e+00
9.932990650084476680e-01
0.000000000000000000e+00
0.000000000000000000e+00
9.932800812505593324e-01
0.000000000000000000e+00
9.932867497403005119e-01
0.000000000000000000e+00
0.000000000000000000e+00
9.932993456028123003e-01
9.932893552080097610e-01
9.932942412091081419e-01
0.000000000000000000e+00
0.000000000000000000e+00
0.000000000000000000e+00
0.000000000000000000e+00
0.000000000000000000e+00
9.933070580309190101e-01
0.000000000000000000e+00
0.000000000000000000e+00
9.932999714995927043e-01
0.000000000000000000e+00
0.000000000000000000e+00
9.932974048633016473e-01
0.000000000000000000e+00
0.000000000000000000e+00
0.000000000000000000e+00
9.932800812505593324e-01
9.912488069322387130e-01
0.000000000000000000e+00
9.933017564827650858e-01
0.000000000000000000e+00
9.933000510039390329e-01
0.000000000000000000e+00
0.000000000000000000e+00
9.933033487827267471e-01
0.000000000000000000e+00
9.932966660379268786e-01
9.932955443876452239e-01
0.000000000000000000e+00
3.235192077916580478e-01
0.000000000000000000e+00
0.000000000000000000e+00
0.000000000000000000e+00
0.000000000000000000e+00
0.000000000000000000e+00
9.932914103613114110e-01
9.932947713909632270e-01
9.932855291046039925e-01
0.000000000000000000e+00
9.933125285293858964e-01
0.000000000000000000e+00
0.000000000000000000e+00
0.000000000000000000e+00
0.000000000000000000e+00
0.000000000000000000e+00
0.000000000000000000e+00
9.932986672001554718e-01
9.932928497154018821e-01
0.000000000000000000e+00
0.000000000000000000e+00
0.000000000000000000e+00
9.932997629294166853e-01
0.000000000000000000e+00
9.933016418389062352e-01
0.000000000000000000e+00
0.000000000000000000e+00
9.933024769721070513e-01
0.000000000000000000e+00
0.000000000000000000e+00
9.932987490292424226e-01
0.000000000000000000e+00
0.000000000000000000e+00
9.932977977698894678e-01
9.933019163042838828e-01
0.000000000000000000e+00
9.932920750803980736e-01
0.000000000000000000e+00
9.932927626913289343e-01
0.000000000000000000e+00
9.932852325657499648e-01
0.000000000000000000e+00
0.000000000000000000e+00
0.000000000000000000e+00
9.933019282709795172e-01
3.235398605299556474e-01
0.000000000000000000e+00
0.000000000000000000e+00
0.000000000000000000e+00
9.931638889416721794e-01
0.000000000000000000e+00
0.000000000000000000e+00
9.932897626997015950e-01
0.000000000000000000e+00
9.933075406505023075e-01
0.000000000000000000e+00
0.000000000000000000e+00
