2.200220445526395452e-01
7.610442318536237982e-01
2.200361772966135110e-01
7.610528072065361194e-01
2.200313113093347317e-01
7.610561310192012208e-01
2.200291155122350295e-01
2.200379452027422522e-01
7.610556537306079061e-01
7.610557102890158632e-01
7.610568173005023418e-01
7.610537989154021465e-01
2.200315252617661421e-01
2.200300120326275366e-01
2.200354954076535197e-01
7.610547021650768684e-01
2.200350887354144136e-01
2.200228519011386830e-01
2.200258495076755361e-01
2.200160173894930848e-01
2.200335923992209064e-01
2.200214285906952616e-01
2.200300306967196695e-01
7.610532602450009731e-01
2.200269546114306252e-01
2.200352318551896114e-01
7.610627219232966034e-01
2.200230714537492194e-01
2.200294930617590072e-01
2.200255044806318505e-01
2.200330057102917458e-01
2.200360225714290408e-01
2.200287336705889496e-01
7.610547445632337427e-01
2.200368806127964982e-01
2.200296480949794076e-01
7.610541112743234304e-01
2.200333607607401487e-01
2.200324499754675311e-01
7.610439342230221893e-01
7.610581559417571862e-01
2.200319626569802456e-01
2.200257985918685766e-01
7.610528072065361194e-01
7.610508371091327939e-01
2.200360773542165693e-01
7.610730442789358507e-01
2.200248887639771334e-01
7.610571378412032129e-01
7.610617525829339591e-01
2.200297069656859117e-01
2.200268887690052244e-01
7.610498845494837461e-01
7.610612460284031933e-01
7.610607826426041278e-01
2.200221190721882714e-01
2.200293369321355552e-01
7.610516535137461513e-01
2.200273062514559730e-01
2.200236468979880344e-01
2.200223896763546239e-01
7.610578203563853616e-01
7.610524381973137187e-01
2.200313445820717972e-01
2.200359723324256944e-01
2.200282021084151163e-01
0.000000000000000000e+00
7.610498403588367156e-01
2.200271253876789346e-01
7.610508763135477306e-01
7.610482665798263824e-01
2.200261488422493306e-01
7.610624789154266656e-01
2.200277314806163287e-01
7.610624789154266656e-01
7.610465887415001074e-01
2.200249448436842614e-01
2.200273274227481368e-01
7.610545187386043020e-01
2.200374011428123111e-01
7.610600257059865204e-01
2.200309277746383685e-01
2.200225988161323143e-01
2.200244268512185353e-01
2.200366529933573401e-01
7.610490163560416077e-01
7.610631412442740995e-01
2.200341435602456153e-01
2.200361298972481616e-01
2.200320791297731282e-01
7.610511282616775341e-01
7.610495288650476198e-01
7.610883352584745243e-01
2.200213646023122804e-01
2.200244488457466507e-01
7.610539088972214650e-01
2.200298479870093638e-01
2.200294297875509120e-01
2.200267845466692962e-01
2.200265009771746327e-01
2.200256069933905767e-01
7.610523324310405346e-01
7.610526975424479756e-01
7.610618147692078672e-01
7.610634545316072863e-01
7.610551743792254298e-01
2.200371712240835609e-01
7.610526586591004339e-01
7.610588570061529445e-01
7.610484811409624628e-01
2.200269974853418242e-01
7.610590971200603683e-01
7.610563366973923660e-01
7.610553606899845835e-01
2.200336959846289631e-01
7.610428276452324559e-01
7.610481331997834831e-01
7.610502790945889995e-01
2.200237567482430101e-01
7.610565005364331448e-01
2.200240470642387258e-01
2.200302254497429888e-01
7.610622317044825058e-01
7.610557054407051103e-01
2.200282557387029381e-01
7.610571378412032129e-01
2.200344259512109213e-01
7.610589740695967720e-01
7.610469044293024510e-01
2.200369492144663430e-01
2.200362228504372797e-01
7.610536229990820800e-01
2.200323471453745905e-01
2.200265180570593337e-01
2.200324323665488746e-01
2.200305122494812804e-01
2.200328693786253731e-01
7.610530610347652214e-01
7.610517085917374303e-01
7.610614535815106718e-01
7.610548462914138446e-01
2.200244214334125814e-01
7.610592254839354531e-01
2.200269361204545693e-01
2.200271002414368737e-01
2.200265051260369698e-01
7.610632232246875573e-01
2.200332379832324325e-01
2.200321838165818777e-01
7.610496213260647957e-01
2.200360404137050307e-01
2.200215082573831193e-01
2.200340493866689839e-01
7.610630677517475906e-01
7.610457949130883248e-01
7.610505820574691160e-01
7.610506350370412898e-01
2.200230892255476134e-01
2.200259679432866322e-01
7.610609767545268856e-01
2.200238406897915833e-01
7.610569649559076888e-01
2.200321797998872619e-01
2.200267470144406934e-01
7.610506500302745003e-01
2.200278083960947317e-01
2.200266704033128629e-01
2.200292883931374011e-01
2.200367906505210636e-01
7.610495444683404997e-01
7.610500092882949152e-01
2.200367152499782819e-01
7.610545671808921497e-01
7.610471177891819927e-01
2.200382081371766441e-01
2.200392092649100240e-01
2.200252383379044108e-01
7.610626718084219089e-01
7.610562173706522104e-01
2.200268125558511312e-01
2.200230506252751350e-01
7.610488781748010467e-01
7.610556537306079061e-01
2.200303543189492117e-01
7.610469981301595244e-01
7.610527854099626843e-01
7.610460501566922442e-01
7.610465453463686192e-01
2.200257360135976781e-01
7.610526975424479756e-01
2.200300978476034675e-01
7.610496136016882129e-01
7.610543784957288782e-01
2.200332405023464333e-01
2.200343197570496512e-01
2.200347644187727325e-01
2.200296807397308652e-01
7.610597339790684535e-01
2.200301546683575138e-01
2.200355161954141436e-01
2.200229719481635315e-01
2.200231151502239912e-01
2.200287972991817331e-01
2.200199301500712634e-01
7.610580768884745995e-01
2.200324204103750736e-01
7.610561416405707824e-01
2.200279466611482215e-01
2.200348563295683735e-01
7.610570957126528979e-01
7.610508797183989094e-01
2.200305915599397033e-01
7.610530562946143940e-01
7.610545634841364704e-01
7.610485734795136015e-01
7.610565502883051003e-01
7.610540689417609750e-01
2.200381920884134923e-01
7.610542046326578269e-01
7.610508124159953702e-01
2.200274234466723378e-01
7.610469790211153995e-01
7.610542682756924471e-01
7.610632351976875931e-01
7.610516004025684733e-01
2.200334087041866948e-01
2.200348389197906429e-01
2.200303378934894971e-01
2.200253887044628653e-01
7.610429379627898783e-01
2.200340832884320474e-01
2.200317476789178939e-01
7.610636784264487309e-01
2.200297515729119635e-01
7.610366056844812821e-01
7.610541112743234304e-01
2.200284055573373532e-01
2.200227689126833530e-01
7.610508797183989094e-01
2.200269830225660139e-01
7.610519938719810806e-01
7.610620380872470392e-01
2.200332614724119229e-01
7.610555217222112478e-01
2.200306747692071518e-01
7.610512072975162967e-01
2.200300740896607155e-01
2.200406901373279656e-01
7.610518716785854565e-01
7.610593246690559033e-01
2.200341878384787231e-01
2.200250104598076295e-01
7.610603385484597805e-01
2.200235881777649338e-01
7.610458155700541294e-01
7.610535149384589637e-01
7.610608151625113393e-01
2.200355912283580018e-01
2.200313096493380915e-01
7.610566814122949886e-01
2.200258889394022810e-01
7.610529868861040104e-01
2.200277344051548567e-01
7.610526416962463125e-01
7.610591059565670058e-01
7.610566151252333711e-01
2.200284958616493813e-01
2.200301490323392228e-01
7.610497738719390615e-01
2.200282133849846278e-01
2.200284392580593162e-01
2.200319244839237798e-01
7.610439342230221893e-01
7.610616682297998148e-01
2.200310457273560449e-01
2.200195107013411255e-01
7.610626828259896559e-01
2.200295638467963943e-01
7.610489512754294861e-01
2.200204383681302611e-01
7.610528072065361194e-01
7.610508127002519885e-01
7.610495444683404997e-01
2.200366620942295071e-01
7.610432448563921870e-01
2.200208051433227008e-01
7.610512098021405825e-01
7.610556537306079061e-01
7.610570729844795546e-01
7.610498453449273670e-01
7.610625904844134926e-01
7.610525137347470270e-01
7.610551293338840839e-01
2.200264279793741617e-01
2.200239482819571213e-01
2.200288965249184159e-01
2.200336873176984565e-01
2.200275047420864327e-01
2.200300981380337029e-01
2.200414651281951128e-01
7.610557918429049495e-01
2.200230958570083828e-01
7.610613411347866286e-01
2.200294188382350968e-01
7.610637544728338089e-01
7.610570957126528979e-01
2.200344357437808984e-01
7.610619162667161541e-01
7.610508797183989094e-01
7.610597585241386520e-01
2.200236909562994780e-01
2.200243593098603900e-01
2.200361622475024426e-01
7.610500876474314280e-01
2.200263829517035696e-01
7.610582561786417566e-01
7.610526975424479756e-01
2.200267183425812512e-01
7.610566090771492265e-01
7.610634545316072863e-01
2.200368663556148408e-01
7.610531884104658751e-01
7.610555061777781738e-01
2.200367618477567511e-01
2.200312694844122896e-01
7.610443486529940849e-01
2.200366822505976649e-01
7.610528134322788185e-01
2.200298734111912624e-01
2.200283346588439437e-01
7.610600894683637874e-01
2.200298177168430458e-01
2.200245709429171082e-01
2.200245853419549869e-01
7.610506500302745003e-01
7.610617706099567226e-01
2.200231746537429922e-01
7.610588297033018534e-01
7.610486846395883020e-01
2.200281339998355901e-01
2.200332577894681396e-01
2.200329480359237422e-01
7.610556537306079061e-01
0.000000000000000000e+00
2.200221528129897297e-01
7.610589745992577537e-01
7.610545571200565407e-01
7.610572535325286214e-01
2.200279475915989380e-01
2.200304131191882784e-01
7.610515437964406882e-01
7.610585180259153981e-01
7.610505604854740369e-01
2.200298989386750559e-01
2.200180985700703196e-01
2.200365766370059317e-01
2.200290761610071144e-01
2.200279283362951976e-01
7.610508797183989094e-01
2.200351677555782703e-01
2.200270770041207469e-01
7.610626337768511274e-01
2.200318242103384003e-01
2.200267685049904498e-01
7.610508797183989094e-01
2.200271245808360088e-01
2.200259233071351905e-01
7.610478863927878646e-01
7.610617944258006862e-01
7.610497040868676732e-01
2.200279681119395592e-01
7.610535344574416161e-01
2.200306249637082601e-01
7.610463818586226115e-01
2.200238174543722725e-01
2.200360131343605252e-01
7.610625118859625227e-01
2.200377799548209889e-01
7.610536737498310167e-01
7.610554513492662210e-01
2.200297423991923740e-01
7.610591500094278095e-01
2.200310668725303231e-01
2.200356980793191364e-01
2.200240156776935574e-01
2.200281207853199972e-01
2.200298673220150714e-01
7.610508797183989094e-01
7.610595547351312051e-01
7.610508797183989094e-01
2.200267362938603255e-01
7.610600558663939141e-01
2.200245328177224957e-01
2.200274058709275615e-01
2.200221517838393537e-01
2.200262558164049198e-01
7.610457988014858177e-01
2.200289084891741964e-01
7.610506500302745003e-01
7.610543973022576569e-01
2.200348093507264735e-01
2.200358640060358917e-01
7.610592706148325837e-01
7.610508196881722309e-01
7.610507314476696594e-01
7.610556537306079061e-01
7.610613327202822020e-01
2.200363233655054374e-01
7.610523642976377845e-01
2.200371814222598921e-01
7.610801279208398995e-01
7.610443230658581193e-01
2.200255708265430044e-01
2.200283346685005248e-01
7.610506500302745003e-01
7.610439342230221893e-01
2.200342672605701544e-01
7.610493450024689022e-01
2.200295478002832206e-01
7.610528134322788185e-01
2.200246867474158485e-01
7.610506500302745003e-01
2.200277213361319373e-01
2.200383598976056454e-01
2.200334301821406657e-01
7.610608308115611731e-01
7.610462853156236829e-01
2.200370782248558255e-01
2.200250060459617851e-01
2.200355988134826968e-01
7.610526676573168281e-01
2.200367357516104516e-01
2.200278722124156261e-01
7.610498403588367156e-01
2.200340477748786994e-01
7.610621372181671784e-01
7.610618045585483271e-01
2.200180911456236788e-01
