9.713243632902922586e-01
4.178301898870055361e-03
4.185141285518778620e-03
4.183049261292363930e-03
4.184685750395945522e-03
4.183041890209323113e-03
4.186385889691708259e-03
4.177645538959772441e-03
4.181873790310290315e-03
9.713167582348855023e-01
4.183528222311451959e-03
0.000000000000000000e+00
9.713199692243893457e-01
4.182766914558999800e-03
9.713160367370845538e-01
9.713249867514751612e-01
4.178421395307745610e-03
4.186644852225628391e-03
4.187223054190029534e-03
9.714977650048092217e-01
4.182915795783038147e-03
9.714290518694979060e-01
4.187008448948185795e-03
9.713276326323705412e-01
9.713210978522111017e-01
9.713235884124736819e-01
4.185170748843789271e-03
9.713194091107197892e-01
4.179632607468462650e-03
9.714767884576303025e-01
4.188268271331651790e-03
7.792058310913776431e-01
9.713348953123824847e-01
4.175231375316322026e-03
9.713326593341644610e-01
4.176572904630210074e-03
4.190558332424570119e-03
9.713229765313113884e-01
9.713308831740486982e-01
9.713238626512047391e-01
9.713349663757638863e-01
9.713243128511938052e-01
4.189489094835100076e-03
4.181311385847609127e-03
9.713113710507530474e-01
4.182273038743632675e-03
9.713140741909783715e-01
4.183169352467154024e-03
4.183114769521306849e-03
9.713131448414544789e-01
4.184783976162034964e-03
9.713170195527345285e-01
9.713161339746367862e-01
4.187528986193123949e-03
0.000000000000000000e+00
4.185101808662232761e-03
4.189164962355735461e-03
4.181661201519599330e-03
9.713200503555742271e-01
4.187847821702110618e-03
4.187992637418464122e-03
9.715200425634316073e-01
9.713081922335229379e-01
4.190201394199673940e-03
9.713050388663309054e-01
4.184934946255519650e-03
9.713528812553540170e-01
4.185751874192952110e-03
9.714197686116514685e-01
9.713229564000739336e-01
1.478305067697091302e-01
4.188972466382995599e-03
4.190169224293781997e-03
4.182670137718563427e-03
9.713309903512336030e-01
4.180965167818483964e-03
4.184250863457896798e-03
9.713172218593015828e-01
9.713238773896669676e-01
9.713206460400336528e-01
4.182024497504262944e-03
4.174021776380503271e-03
9.713277697768452068e-01
9.713193500894958810e-01
9.713177495568211528e-01
4.174552319379510462e-03
4.177559814385650890e-03
0.000000000000000000e+00
4.176118200287536920e-03
9.713292120174537025e-01
4.179167962251405417e-03
4.187165299955025732e-03
4.180848218899915585e-03
9.713314776651200688e-01
9.713155000830324681e-01
0.000000000000000000e+00
9.713268546181155205e-01
4.180761505887788977e-03
4.175482049045865784e-03
9.713134189919638839e-01
4.183758345926591286e-03
9.715961959098491363e-01
4.181363546812835903e-03
4.183954496262274475e-03
9.713165025967206434e-01
9.713801610022706479e-01
4.189831063362917975e-03
4.184204256871599040e-03
9.713167363850399028e-01
4.185260614570155725e-03
9.713357905701759387e-01
9.713237715107437831e-01
9.713235185363354729e-01
4.185355085011425828e-03
4.177144349427452073e-03
4.185429073010050322e-03
9.713217873257666835e-01
9.713280307890012066e-01
4.184413189222954688e-03
9.713179276570753640e-01
9.713262226185526149e-01
4.182333235200614077e-03
4.178473062806463412e-03
4.183936995556299804e-03
9.713317804662623400e-01
9.713219849378119664e-01
4.187018015856550264e-03
9.713186915312977954e-01
4.184337540026871957e-03
4.174807635796567301e-03
9.713376362002823505e-01
9.713077001762996376e-01
4.190323223350311474e-03
9.713179617687290879e-01
4.183122693207874838e-03
4.187980607824602283e-03
4.179679882075386203e-03
9.713242815897830118e-01
4.179872743084448415e-03
4.176964072421479428e-03
9.713254247565226152e-01
4.179533781307608921e-03
9.713177678898833323e-01
9.713229486406675939e-01
4.176651126875862222e-03
4.175047049804292074e-03
4.187014119101948977e-03
9.713249472938620954e-01
4.187829617233999706e-03
9.713270789545913608e-01
9.713170691858730166e-01
9.713274330302203996e-01
9.713251936742959280e-01
4.183830236342779042e-03
4.186247701834178159e-03
4.181243866811848280e-03
9.713158531107531912e-01
4.184579102492102382e-03
9.713179804779565885e-01
4.183819721448626613e-03
4.176788204065228112e-03
4.188414912902067855e-03
9.715894886131544173e-01
4.177183997681030783e-03
9.713116109998897185e-01
4.179715814566350648e-03
4.190091652117239503e-03
9.713243423985200575e-01
4.177814349282476386e-03
4.181615355195802096e-03
4.183937250717721310e-03
4.178864041378172606e-03
9.713215781809529936e-01
4.185722099296817524e-03
9.713245613551044766e-01
9.716344600837291123e-01
9.713213471122634779e-01
4.173577914729591914e-03
9.713296926656173058e-01
4.187332763618277325e-03
9.713325816151028302e-01
4.182984525023161065e-03
4.181508831617017016e-03
4.182896965251983561e-03
9.713228618017701876e-01
4.178898426656270544e-03
4.172340155529649132e-03
4.188465241668380343e-03
4.183476000084923596e-03
9.713561162832849982e-01
9.713147307051571699e-01
9.713252249999914101e-01
4.182723801055983869e-03
4.184246486483063007e-03
4.186102962553972864e-03
4.175269230573305790e-03
4.187165448744689482e-03
4.190732593025422136e-03
4.187194120932790677e-03
9.713169631287759120e-01
4.183761116245138766e-03
4.183035375430762745e-03
4.184973627059242890e-03
4.176671061179525711e-03
4.188083138309499701e-03
4.183112416627511251e-03
4.184498436122130634e-03
4.184061034990433497e-03
4.184365672451373884e-03
4.186471018433213925e-03
4.190211325711912412e-03
4.186747050005603168e-03
9.713441960307835910e-01
4.190752854082299521e-03
4.177634227769812941e-03
4.181643416226316946e-03
4.190583334732564912e-03
7.723520853169815181e-01
4.188150279429551405e-03
4.174504169753809855e-03
4.178417163566643978e-03
4.186467834334855684e-03
4.189772633759720512e-03
9.713322943439559598e-01
4.182549715449252609e-03
4.173685488897167437e-03
4.188263236599859725e-03
4.176928159782069411e-03
4.176144785925859672e-03
4.170574290602613830e-03
9.713273506804418478e-01
9.713273760609889562e-01
4.182755633373530513e-03
9.713202295058069868e-01
9.713256080225916023e-01
4.187961852160811994e-03
4.184008656556122314e-03
0.000000000000000000e+00
4.184173875947608083e-03
4.189105924445681722e-03
4.178348466885230261e-03
4.183746015501870960e-03
4.171831984384448064e-03
4.189193582878047821e-03
4.180119141429277513e-03
4.189248389077459937e-03
9.713285382706765558e-01
4.177042112475957102e-03
9.713392791004290538e-01
4.172644064939288848e-03
4.175511187103778457e-03
4.189682431477163155e-03
4.187196974593995584e-03
9.713227708906196911e-01
4.188502420952638396e-03
9.713236575286569030e-01
4.177285675849135536e-03
4.186950300023631853e-03
4.177258801007745909e-03
4.181027697056141461e-03
4.191571495702973299e-03
4.177032113432126333e-03
9.713174995164516323e-01
4.183932045902145382e-03
4.182949014643380301e-03
9.713288219699218740e-01
4.177812183431684270e-03
4.182550150135189160e-03
4.184228302023702828e-03
4.183766076334517921e-03
9.713198084096670293e-01
4.183609996181201357e-03
9.713329526241581968e-01
4.185967611803829459e-03
4.182511903896751586e-03
4.185978144014884141e-03
4.184232191473380956e-03
4.192605850629462123e-03
4.176580925908114118e-03
4.183302307433009459e-03
4.179176610361808562e-03
4.183751371881336799e-03
9.713156226035436491e-01
4.183853372879412641e-03
4.187852226490638465e-03
9.713160166726459988e-01
9.713165155758249902e-01
4.176372182310423946e-03
4.190495118485208434e-03
4.175878510511551490e-03
4.180468809968002943e-03
9.713198724849194665e-01
4.184633220884314414e-03
9.713263559450426854e-01
9.713243459282514536e-01
9.713233636617231159e-01
4.181225418451784727e-03
4.188749379784857500e-03
4.185333557292172761e-03
0.000000000000000000e+00
9.713207711157935131e-01
9.713302215439124643e-01
0.000000000000000000e+00
4.178330664370973231e-03
4.184620795555098367e-03
4.187977405602399603e-03
4.181751673701651802e-03
4.188698725749811190e-03
4.176660553620873545e-03
4.189716712330218695e-03
9.713274288469802009e-01
9.713179887794028966e-01
4.190932375809094425e-03
9.713241910964328651e-01
9.713142811562590628e-01
4.177332061324319501e-03
9.713367140869360039e-01
4.187891222738521213e-03
4.178933372976289737e-03
9.713154973298024908e-01
9.713180082555412653e-01
4.177571395399025736e-03
4.190188971205274261e-03
4.180269971969062873e-03
4.183323644511699295e-03
4.173288070679938289e-03
4.175584557890670706e-03
9.713110954093704397e-01
6.414007957623804471e-04
9.713169900622885544e-01
4.178170647308350298e-03
0.000000000000000000e+00
4.177674922659676236e-03
4.184078630832023700e-03
4.183718298776895918e-03
4.175174201549667827e-03
4.187104881146455800e-03
9.713287708353833816e-01
4.182160722413555930e-03
4.184642217977351149e-03
4.187084471415763835e-03
4.181256701011689184e-03
4.176800028512243391e-03
4.186901847883851488e-03
9.539991577092595820e-01
4.177123314914003328e-03
4.175533290614207547e-03
9.715462684017560635e-01
9.713181285039996782e-01
4.178783524903141935e-03
9.713340699461434635e-01
4.174788000082912433e-03
4.177486177797896418e-03
4.190609533330330941e-03
9.713260346843577420e-01
4.184303657072068090e-03
4.179096341692542516e-03
4.190966142512207726e-03
4.189953747711545190e-03
9.713239303230194466e-01
9.871540472026270052e-01
4.173929531218948871e-03
4.177423923080022562e-03
9.713265887937408971e-01
9.713184467732527416e-01
9.713266539368807795e-01
4.188055095730515952e-03
9.535580691852418855e-01
9.713224703337518529e-01
4.174706487680320856e-03
4.177897450015869915e-03
4.177600664698514175e-03
9.713213943903904468e-01
4.188471199397932228e-03
9.713350600011158020e-01
4.180740322013126731e-03
4.183544532750851225e-03
4.179436803338709705e-03
4.179722181711397096e-03
9.713266882011244441e-01
4.178376837802594800e-03
9.713140529336156126e-01
9.713134493618880150e-01
9.713231331867886453e-01
4.179396043043822132e-03
9.713265563030876182e-01
0.000000000000000000e+00
9.713217429642326817e-01
9.713131171571367517e-01
4.175763228299129472e-03
4.185795034378958848e-03
4.183415028060528083e-03
9.713189744184699270e-01
9.713293121045154521e-01
9.713243029933762429e-01
9.713224783482856672e-01
4.188764443712129741e-03
4.181297547239874561e-03
4.183767482579309541e-03
1.478304957232893790e-01
4.171140563211650325e-03
9.713292043830505929e-01
9.713233726669802115e-01
9.713203783160817562e-01
9.713235465335046115e-01
9.801336251791703535e-01
9.713306106122356898e-01
9.713308565515086368e-01
4.183949416361595550e-03
9.713218890407775419e-01
9.713196616843747799e-01
4.181032159477219949e-03
4.175620930698795488e-03
4.179188970698644208e-03
9.713125275893818023e-01
9.713182611247099807e-01
4.190306750236968449e-03
9.713275387821866946e-01
4.176050093036803683e-03
9.713221245372757329e-01
4.182377816936435309e-03
4.184801501795619091e-03
0.000000000000000000e+00
9.713227969658786431e-01
9.714726430501434695e-01
9.713126217498925241e-01
4.185398901096747462e-03
4.188099887688364470e-03
4.177709336552492408e-03
4.177507396031622001e-03
9.713234283785081580e-01
4.186899391806855192e-03
4.192628227383301751e-03
4.178178069514358953e-03
4.184198681599232000e-03
