9.697333266431459320e-01
4.222230586123926731e-03
4.282159388389476622e-03
4.220237094310013738e-03
4.229946689817382088e-03
4.215197286581862796e-03
4.337401223172018469e-03
4.147734909524370892e-03
4.159431193287002615e-03
9.693356593973677660e-01
4.222455916554216163e-03
0.000000000000000000e+00
9.711975194312324478e-01
4.285368837025468371e-03
9.712159541874940683e-01
9.714018595790515631e-01
4.158648032116905521e-03
4.230082601572498872e-03
4.221862370792958674e-03
9.479514973150144908e-01
4.121097529911183291e-03
9.301524583674761759e-01
4.181347726990750774e-03
9.726376021125759941e-01
9.713098487697946481e-01
9.712428386390701274e-01
4.218258518601196612e-03
9.714365418922755735e-01
4.188696513445657084e-03
8.965906545687634122e-01
4.110633197774737381e-03
6.792060145700948848e-01
9.715680437713405393e-01
4.184541911168017728e-03
9.712595467044136122e-01
4.230494718898550506e-03
4.313541001050305405e-03
9.689752559850717262e-01
9.713128061166580451e-01
9.704086358082832930e-01
9.692227277480058856e-01
9.716340163401923080e-01
4.167353477308966166e-03
4.197666841496027444e-03
9.713153282180710946e-01
4.409172630750367999e-03
9.713469286508797929e-01
4.117196302142678115e-03
4.157981256724714234e-03
9.716499434783200106e-01
4.229824783630247581e-03
9.716021252565417710e-01
9.706174972244004939e-01
4.186299383925901584e-03
0.000000000000000000e+00
4.230843939729421639e-03
4.365045909798489707e-03
4.253845270775236456e-03
9.713946459282617463e-01
4.261408393025585550e-03
4.152996172833631899e-03
8.948323161943054771e-01
9.619935256316527461e-01
4.220524829143355340e-03
1.423507162223678658e-02
4.209173831397861228e-03
9.654601875339553496e-01
4.222480495144756603e-03
8.941794282702633101e-01
9.717369239077889853e-01
2.478285960638061114e-01
4.230260101911836185e-03
4.128933560962455736e-03
4.155424398411696439e-03
9.710514745484317700e-01
4.183005403114723082e-03
4.188177387830646463e-03
9.725584543349345967e-01
9.695292910046737767e-01
9.715418645739241077e-01
4.130752061441205110e-03
4.249902706215642235e-03
9.714184273140390458e-01
9.717634130947567783e-01
9.698189040362531488e-01
4.234329258640384501e-03
4.230399470254353825e-03
0.000000000000000000e+00
4.112991723107528586e-03
9.733554897513515547e-01
4.213759753410289098e-03
4.230077085453980319e-03
4.194784058415909275e-03
9.706400268288031263e-01
9.719120142956001462e-01
0.000000000000000000e+00
9.716263251903817233e-01
4.189643488446792401e-03
4.730412839705406582e-03
9.711385439563622324e-01
4.216478213708268162e-03
9.477272141830357377e-01
4.219405529917253164e-03
4.356821472275904453e-03
9.717370363535383637e-01
9.766635488253613273e-01
4.370281787301305045e-03
4.181437514029514788e-03
9.711206120208911718e-01
4.227891417505201532e-03
1.608205898474199605e-02
9.694611762400838773e-01
9.712303920440439331e-01
4.266935350934868316e-03
4.582452386779991595e-03
4.204340920959327016e-03
9.709925722534809012e-01
9.733612035583004696e-01
4.223736843400402105e-03
9.711897229256368780e-01
9.715999826297515574e-01
4.303402607871347450e-03
4.259132296228315857e-03
4.506720259319680830e-03
9.715115571119519178e-01
9.712269623293894316e-01
4.235987044819756499e-03
9.082108332422502706e-01
4.254939436031546056e-03
9.948094676872037967e-01
9.712642532925565009e-01
9.667203328500376669e-01
4.212430753626560977e-03
9.714296969909222979e-01
4.254231410031328146e-03
4.115015593995778424e-03
4.237129778472333540e-03
9.634691995880346749e-01
4.246547667545363426e-03
4.189656318626582519e-03
9.712703061824538020e-01
4.216027928016997245e-03
9.729368813732750532e-01
9.712902968508000390e-01
4.344627828176178021e-03
9.686881140535510415e-01
4.284239744096584278e-03
9.665339016107599157e-01
4.232560547781184790e-03
9.712985564583995757e-01
9.701250064342111790e-01
9.761803873537817644e-01
9.648053039511281792e-01
4.175919254243881315e-03
4.220056798878867380e-03
4.230538191169024020e-03
9.712962952489999635e-01
4.399235327711714140e-03
9.669267509675802952e-01
4.115606582367429406e-03
4.117015744255515634e-03
4.187679280050171995e-03
9.993928941571273983e-01
4.223882518055347736e-03
9.795686281154131203e-01
4.247486010866097922e-03
4.221801768612773106e-03
9.712507476254987893e-01
4.353790127039388301e-03
4.158821361960809461e-03
4.228720037595887389e-03
4.220831778289840103e-03
9.743474619993096608e-01
4.279570193125567523e-03
9.716536795643269109e-01
9.344030014556140573e-01
9.673284093678351514e-01
4.302705853794387171e-03
9.711085301355845134e-01
4.211013118864569658e-03
9.973074025930722675e-01
4.185457722019845887e-03
4.222564477533313938e-03
4.231502684251000311e-03
9.650358386018303980e-01
4.276792605305456546e-03
4.254353153175757449e-03
4.231802891486859813e-03
4.231061773084108385e-03
3.801050113747293097e-02
9.717785040288957621e-01
9.712664409282053546e-01
4.223206854103578843e-03
4.260537248137762946e-03
4.109445245146462790e-03
4.228806764486533858e-03
4.227696098114037265e-03
5.842173314628231438e-03
4.116893039252145746e-03
9.712523619933561836e-01
4.235532732211371582e-03
4.222919727448181879e-03
4.117720119630418479e-03
4.224045678766266340e-03
4.227177172621924064e-03
4.198821934973028837e-03
4.228619055192377879e-03
3.983798636041512194e-03
4.227185918210001579e-03
4.235022931710131534e-03
4.179097795745832615e-03
4.228344080622684076e-03
9.575815760426916734e-01
4.159008945037631980e-03
4.413454775798119137e-03
4.196074553301216634e-03
1.052632489354254387e-02
6.723505252852385317e-01
4.232726693580129117e-03
4.396010025287208633e-03
4.217348982255383905e-03
4.229438624232215692e-03
4.220916229215084317e-03
9.717924682942369330e-01
4.219255201484525993e-03
4.830646416641567673e-03
4.216844643413423209e-03
4.369477421472567867e-03
4.218799840260884816e-03
9.901352268752101615e-01
9.718360673247011805e-01
9.713008358301700174e-01
4.430479499936651293e-03
9.711736706438744982e-01
9.668408495494107413e-01
4.264056885774501933e-03
4.216431622401797287e-03
0.000000000000000000e+00
4.266026362732439590e-03
6.348309560272986929e-02
4.183508849600843515e-03
4.183161679589320059e-03
4.353372409519331090e-03
4.153644685516727324e-03
4.179817981077689308e-03
4.182398903761597175e-03
9.714052104200606719e-01
4.250871238973362616e-03
9.652159079838367184e-01
4.947360609351064004e-03
4.229126549759659390e-03
4.229386216641915254e-03
4.230633867021821662e-03
9.713583570006637524e-01
4.219320284168010665e-03
9.714623333096706892e-01
4.230166293461924513e-03
4.227784431824864117e-03
4.159424839573228755e-03
4.208914332339494697e-03
4.239751132198470857e-03
4.336144535002924016e-03
9.671846216207403701e-01
4.118077813474417537e-03
4.228164150826058641e-03
9.708295205678133533e-01
4.227270634906534451e-03
5.578545524543874340e-03
4.229773932259676614e-03
4.230543513346802370e-03
9.715444117162578275e-01
4.125850181998257094e-03
9.526608570873142945e-01
4.230861693875262626e-03
4.252752755398524383e-03
4.230176387779111327e-03
4.267534796515478485e-03
4.251265096501892146e-03
4.381930531138983516e-03
4.260404237372802591e-03
4.159083716324422572e-03
4.233020162220130223e-03
9.713248568827131946e-01
4.162464747536725497e-03
4.231053153586779823e-03
9.712852515628398464e-01
9.736837977376276987e-01
4.178853391548176428e-03
4.392126543636065521e-03
4.054091160169571995e-02
4.226556090622980710e-03
9.714961649935629495e-01
4.174208628954255429e-03
9.712243116234687834e-01
9.687464667773333371e-01
9.711457796562574796e-01
4.222847139749896610e-03
4.331228975892735013e-03
4.224437174724972495e-03
0.000000000000000000e+00
9.715246135886563827e-01
9.679303288204983424e-01
0.000000000000000000e+00
4.178294459749338358e-03
4.156318049875725069e-03
4.228217496785917351e-03
1.603217687403882610e-02
4.264983964176788725e-03
4.178058353789631391e-03
4.268264751399314209e-03
9.694325010942341780e-01
9.712479811018585041e-01
4.222670256724416447e-03
9.714611921019268292e-01
9.706364456875786750e-01
4.241827253929777476e-03
9.728637148732429685e-01
4.231412498942873496e-03
4.169374654572712870e-03
9.713624097489397258e-01
9.718819703970963397e-01
4.118405263220306124e-03
4.208682101052607302e-03
6.598955470522712904e-03
4.188126803964908884e-03
4.348722452960649201e-03
4.221389612491806276e-03
9.658820611399702161e-01
1.006395324456253321e-01
9.716488046753291030e-01
4.117133379156819040e-03
0.000000000000000000e+00
4.908478079469250598e-03
4.219683828554537594e-03
4.216689770169050090e-03
4.253763463320291670e-03
4.208187546376359472e-03
9.715165403540075850e-01
4.229392398416678342e-03
4.175329812757537680e-03
3.937568422624351111e-03
4.261360654366066168e-03
4.198498258445335606e-03
4.194974608531016128e-03
8.541581010304958310e-01
4.236324095028768354e-03
4.179929617555614915e-03
8.884933851733171073e-01
9.711946803140584228e-01
4.202268981916744417e-03
9.685587101560458878e-01
4.231230736211189121e-03
4.220192151568815005e-03
4.232016294435881829e-03
9.722745421085984274e-01
4.217670744372545126e-03
4.227466255991113760e-03
4.261626813251009199e-03
4.192229966340358001e-03
9.735805406805964068e-01
8.715324286083638017e-02
4.202704784186449098e-03
4.190167559250649980e-03
9.692132711476814100e-01
9.713664239432280301e-01
9.714135770209050280e-01
4.277923050869937051e-03
8.541596786404646036e-01
9.780472525049724863e-01
4.230617392353679812e-03
4.227560059322347380e-03
4.227562800647783128e-03
9.713551509236224568e-01
4.245226793647614155e-03
9.694138038210593500e-01
4.441182292367456749e-03
4.194038167090820973e-03
4.215577723887740415e-03
4.208364068792731956e-03
9.708196290379725868e-01
4.220201455382336687e-03
9.712457875873052870e-01
9.711169848983455255e-01
9.681292487113342116e-01
4.212263381533924191e-03
9.625844743804430337e-01
0.000000000000000000e+00
9.686231087169702159e-01
9.714322530127704747e-01
4.152521517270018649e-03
4.229894340859618844e-03
4.220433802415994758e-03
5.025316107150714674e-03
9.711256800702505743e-01
9.698859037785019233e-01
9.713945076868036876e-01
4.233500949847389394e-03
3.944137230411444602e-03
4.229486827812777711e-03
2.478305018701700835e-01
4.225578782965687744e-03
9.712940511364147600e-01
9.722862785495277604e-01
9.684247903662643875e-01
9.710323439700695447e-01
9.801309443711728742e-01
9.711979616043471264e-01
9.715345122830508773e-01
4.209750936703985161e-03
9.658697599165485537e-01
9.625844460656648449e-01
4.223889113180526352e-03
4.222278967272967767e-03
4.227406338050214950e-03
9.801256007819629801e-01
9.712734655523288518e-01
4.267082199362508439e-03
9.714259049200336671e-01
4.230585013457073378e-03
9.762845464295213382e-01
4.201260234428201741e-03
4.127123544281849528e-03
0.000000000000000000e+00
9.709245031005702131e-01
9.301170263475376787e-01
9.713993879402762488e-01
4.856252212146445514e-03
4.191716444468305755e-03
4.300125044298898878e-03
4.216343750184735513e-03
9.671818555963398456e-01
4.431585979230342684e-03
4.223673661181401133e-03
4.221420503031572159e-03
4.221332116937951892e-03
