1.926524679864309369e-03
1.925174454272184955e-03
1.922527799508792117e-03
1.932836594290083566e-03
1.929399629227663724e-03
1.938869178436966557e-03
1.933759925968097509e-03
1.941311233797665724e-03
1.924489816686087177e-03
1.934985801867597456e-03
1.923729960919669680e-03
1.930205319575536982e-03
1.928669713711961319e-03
1.937795141484313817e-03
1.922600616163624683e-03
1.921546892618191922e-03
1.928086457407287039e-03
1.932646446654381119e-03
1.932440569582986574e-03
1.935347730583121583e-03
1.931549342244229554e-03
1.932220062557596157e-03
1.930633166547856844e-03
1.926135925063373819e-03
1.921465300437755425e-03
1.940003407822794889e-03
1.937876919285323697e-03
1.919345445788255521e-03
1.924457265440436202e-03
1.935442594386738938e-03
1.937630669217782183e-03
1.931746133988133766e-03
1.930187099397344831e-03
1.925713454883710898e-03
1.940516822336309927e-03
1.927321736347052195e-03
1.925308627952484423e-03
1.923899220218287147e-03
0.000000000000000000e+00
1.936356996962932970e-03
1.928905224813387597e-03
1.931993354925884594e-03
1.926711676932564045e-03
1.934965518882328242e-03
1.939466383157943457e-03
1.927671501956456810e-03
0.000000000000000000e+00
1.933278366857940590e-03
1.922078193921540959e-03
1.930660377737502577e-03
1.936092803608629445e-03
1.932037339366836229e-03
1.932517665331412058e-03
1.937312884025180811e-03
1.932767897401496378e-03
1.935286882495216047e-03
1.931257452336117590e-03
1.935447791659820026e-03
1.926893514562331815e-03
1.933797901690934495e-03
1.930694986152581196e-03
1.928183226964219317e-03
1.933628690824534466e-03
1.924661792298232700e-03
1.931135010701477304e-03
1.923776326542781185e-03
1.929009150235559645e-03
1.927571186868585812e-03
1.928024337356354628e-03
1.936025858874603454e-03
1.945170348484130630e-03
1.927014798777851702e-03
1.925936049074323218e-03
1.934191772975088269e-03
1.924741610601961132e-03
1.939263754813766926e-03
1.919336320664980899e-03
1.925192470966207488e-03
1.923786354499630634e-03
1.929016535852313020e-03
1.926853262405276183e-03
1.927638937796180302e-03
1.938742729100927879e-03
1.923765341907761025e-03
1.932952149269578186e-03
1.931366700303921088e-03
1.940584409204675325e-03
1.928785612695662352e-03
1.927402434893624736e-03
1.920733563293085125e-03
1.936798812301690530e-03
1.940310119550279393e-03
1.939498307871717273e-03
1.921012526368836041e-03
1.924328669260064791e-03
1.908016693158309405e-03
1.934327020578619763e-03
1.925623923891829799e-03
1.936247306095452685e-03
1.932252933752213325e-03
1.935925660833997999e-03
1.931979491784537257e-03
1.932129765240149771e-03
1.938214739719388343e-03
1.930957234952630558e-03
1.931736207564570436e-03
1.940450944591645384e-03
1.933935394463260357e-03
1.932277675962567210e-03
1.938237883477724344e-03
1.926348339286820463e-03
1.926745194497488317e-03
1.930155473210403609e-03
1.941492807836851190e-03
1.928089965131469337e-03
1.932938815189232671e-03
1.935189721199905922e-03
1.925038601516266493e-03
1.940309429502470135e-03
1.933959059508890072e-03
1.925771017018628644e-03
1.944620653627465289e-03
1.933775214725499091e-03
1.926454145031299657e-03
1.933516785408271113e-03
1.935564506015912409e-03
1.932246423131659145e-03
1.931272966402884520e-03
1.924683650884533069e-03
0.000000000000000000e+00
0.000000000000000000e+00
1.928124129679094747e-03
1.944929699686534161e-03
1.926140831005894536e-03
1.932196532027676645e-03
1.934033631767847388e-03
1.922213347561230103e-03
1.930622566863870191e-03
1.934069538718750881e-03
1.925612529533910801e-03
1.933978728894299778e-03
1.926002974166698923e-03
1.930243741064661348e-03
1.940516822336309927e-03
1.936053522654260879e-03
1.929076127697352747e-03
1.930776057483066634e-03
1.937438180993130950e-03
1.924969844681843250e-03
1.938314752472328380e-03
1.923715919299352891e-03
1.937175359011193351e-03
1.936204945232117584e-03
1.922767062985433631e-03
1.931399047123805385e-03
1.939462760874056339e-03
1.936228377199964963e-03
1.931796135633615397e-03
1.938898649199522796e-03
1.938198441463136364e-03
1.936957778926110679e-03
1.937389375839728345e-03
1.935753199118300317e-03
1.931402193094780432e-03
1.937867403122979460e-03
1.925431283628864770e-03
1.938174144722231351e-03
1.929251252154026708e-03
1.936723103788868779e-03
1.926949958358191266e-03
1.940516822336309927e-03
1.942418477086950684e-03
1.925164560483971993e-03
1.934913018709970983e-03
1.935920404164947215e-03
1.932979310583880696e-03
1.932684800231600003e-03
1.938520624933429007e-03
1.931262899143576864e-03
1.935035853653805510e-03
1.937640341432989542e-03
1.926601343242862309e-03
1.918136859694034684e-03
1.928970292264439333e-03
1.940133995861307399e-03
1.935861432252187694e-03
1.935327837425594288e-03
1.934397673665574956e-03
1.937415229293560541e-03
1.925963989674757447e-03
1.926860682498961717e-03
1.936356834383945805e-03
1.936276938225122389e-03
1.932537487334713179e-03
1.923934441864151362e-03
1.928972975983677708e-03
1.939809556674840793e-03
1.928433375841174168e-03
1.932312606901818780e-03
1.927527236128724706e-03
1.923363962867252275e-03
1.938820984361710152e-03
1.932480435681283026e-03
1.925416045258254716e-03
1.925177841697549254e-03
1.926813229745246575e-03
1.929513101023848463e-03
1.923554920716111271e-03
1.934974783857182400e-03
1.933511923365550424e-03
1.926524596375620534e-03
1.939363350858060208e-03
1.934401052755746258e-03
1.938040405735324927e-03
1.938468258618055622e-03
1.933800947641660948e-03
1.932448596057716877e-03
1.924788739039783774e-03
1.935786926203035812e-03
1.943124048656285447e-03
1.940516822336309927e-03
1.926742585699504256e-03
1.925026783779509431e-03
1.926031121144992182e-03
1.929706532369513490e-03
1.924429625272344388e-03
1.938481978696651861e-03
1.933824999136090923e-03
1.926374397989029548e-03
1.928534911958135504e-03
1.937334300795417194e-03
1.931983386006590588e-03
1.939619410513389189e-03
1.940637117833721777e-03
1.935162076643130681e-03
1.934296109274337904e-03
1.933641809918832354e-03
1.933088485491227639e-03
1.924145139955853265e-03
1.930181476858168618e-03
1.934028801778955257e-03
1.937368786259580306e-03
1.935492603615778049e-03
1.922532419957961002e-03
1.934795285225067527e-03
1.928812749672318165e-03
1.934730128526171216e-03
1.927530146438354930e-03
1.928823638237406584e-03
1.932121127095685507e-03
0.000000000000000000e+00
1.934389694903448703e-03
1.936799016286655517e-03
1.928516804973075087e-03
1.937308656999830406e-03
1.928598709634835604e-03
1.929077570987722560e-03
1.924457831637777601e-03
1.934803443528868927e-03
1.925480986677019632e-03
1.929359819924194577e-03
1.928512581616509576e-03
1.936869877334758362e-03
1.925093882107026646e-03
1.931271372572129861e-03
1.927203894514083193e-03
1.923357837758750497e-03
1.931117036316112217e-03
1.936635958732651130e-03
1.928668865365086582e-03
1.931940759561485586e-03
1.925336672871285314e-03
1.935235031691720639e-03
1.934514961988806781e-03
1.933030976210965875e-03
1.920206976903427549e-03
1.933621267251544196e-03
1.938891246641273906e-03
1.928859163450657955e-03
1.937642189401442717e-03
1.927602244391644123e-03
1.947974556406186853e-03
1.923769385400770412e-03
1.923767277404995297e-03
1.941089252023990444e-03
1.931202880041799335e-03
1.929470939531547150e-03
1.936063628278460094e-03
0.000000000000000000e+00
1.938288855416981857e-03
1.935136695619498479e-03
1.935029587265369800e-03
1.937366110379344164e-03
1.926464604651406112e-03
1.938553138431626599e-03
1.943463815698465895e-03
0.000000000000000000e+00
1.933264904889739604e-03
1.938512615701926166e-03
1.936180792554054522e-03
1.940611350330843400e-03
1.932612443346959407e-03
1.926913288580275711e-03
1.932774972329488359e-03
1.927043546786894436e-03
1.929846330934481893e-03
1.927685567756449656e-03
1.930646117901637293e-03
1.936052844450631772e-03
1.930218561858201712e-03
1.928427677775124572e-03
1.927500008991458146e-03
1.932272462449089508e-03
1.936278141532951852e-03
1.940783500811611327e-03
1.933965241401605683e-03
1.932544784239777734e-03
1.933303000411134166e-03
1.928975874327530388e-03
1.935455210118547115e-03
1.940290447349882728e-03
1.927079435282666410e-03
1.935524130587934228e-03
1.938576927572066263e-03
1.938590788180590257e-03
1.933884185391976157e-03
1.929741769256480789e-03
1.924494028331743753e-03
1.932035975327308416e-03
1.931205390785323229e-03
1.935963340279025840e-03
1.927908950018026799e-03
1.937557454083668794e-03
1.925371867164766800e-03
1.928139524379481398e-03
1.933221242809434826e-03
1.923873308103089038e-03
1.930638968751676246e-03
1.932042449597272957e-03
1.931147330414866286e-03
1.932453147597303512e-03
1.939636764515151497e-03
1.922523098474395939e-03
1.927846998305243146e-03
1.935283029884948781e-03
1.924895451381409281e-03
1.924871312777795508e-03
1.936700727803605110e-03
1.924716978327627821e-03
1.937062034613267576e-03
1.932186680230566335e-03
1.927245204626592970e-03
1.924052306669210089e-03
2.854060094376263956e-01
1.937778712987772147e-03
1.935901452555653180e-03
1.922105409867076601e-03
1.933083828902206359e-03
1.934479707330231295e-03
1.926360461617133198e-03
1.937300980708136968e-03
1.933454938247578404e-03
1.919207684940317385e-03
1.932623797585621096e-03
1.934098926285270038e-03
1.926890232366714958e-03
1.938164478855552248e-03
1.925483818889180609e-03
1.936632607887779373e-03
1.930520510452473932e-03
1.939294772169070048e-03
1.931292105964522565e-03
1.930759820935838830e-03
1.928133609778664688e-03
1.937544510766753790e-03
1.936151345698856148e-03
1.930906314666635875e-03
1.938543480690206209e-03
1.930257141467110272e-03
1.929222297558769693e-03
1.924194624594269482e-03
1.927205016966361886e-03
1.926254036794890125e-03
1.935407881694542129e-03
1.926135479267413559e-03
1.924908634596105613e-03
1.934739717796087532e-03
1.937901326423689848e-03
1.933039930021899664e-03
1.933835190784868440e-03
1.924430624839375747e-03
1.919364207236319260e-03
1.932132775971251914e-03
1.935837995296599626e-03
1.929322988643718999e-03
1.928284341657070852e-03
1.925226686563777552e-03
1.922329512787407336e-03
1.939389519542741641e-03
1.936709616396472926e-03
1.926188463393522891e-03
1.929400664033239588e-03
1.924070749222973756e-03
1.924057464809365110e-03
1.932439590701392085e-03
1.925647004933712459e-03
1.940119624661781634e-03
1.924629067213110044e-03
1.929963998069768143e-03
1.932151397041911509e-03
1.927937294903652506e-03
0.000000000000000000e+00
1.929365016928439496e-03
1.935910778265342034e-03
1.935602046138216320e-03
1.953527924086848316e-03
1.939802811831855232e-03
1.927932639806867248e-03
1.937622176781733305e-03
1.919514615910625655e-03
1.935005490296534117e-03
1.932432960619174687e-03
1.930363881980725694e-03
1.925244553387649290e-03
1.935664516539638020e-03
1.920191269667931777e-03
1.940049081095242180e-03
1.930254848627938058e-03
1.928422580939428890e-03
1.930457141559084122e-03
1.935306190579021016e-03
1.924920849161394949e-03
1.925688021209064071e-03
1.933856331773179532e-03
0.000000000000000000e+00
1.923003720609599071e-03
1.922648596338782934e-03
1.926482214568294750e-03
1.938898512126155165e-03
1.923949239951808958e-03
