0.000000000000000000e+00
9.984602795160284483e-01
0.000000000000000000e+00
9.985806112924398015e-01
0.000000000000000000e+00
9.986439265996023273e-01
0.000000000000000000e+00
0.000000000000000000e+00
9.985202268919323165e-01
9.986347521423786233e-01
9.985962378987658372e-01
9.981764755999839034e-01
0.000000000000000000e+00
0.000000000000000000e+00
0.000000000000000000e+00
9.652584118914491196e-01
0.000000000000000000e+00
0.000000000000000000e+00
0.000000000000000000e+00
0.000000000000000000e+00
0.000000000000000000e+00
0.000000000000000000e+00
0.000000000000000000e+00
9.985403185275375515e-01
0.000000000000000000e+00
0.000000000000000000e+00
9.986087591067341895e-01
0.000000000000000000e+00
0.000000000000000000e+00
0.000000000000000000e+00
0.000000000000000000e+00
0.000000000000000000e+00
0.000000000000000000e+00
9.986446788056260182e-01
0.000000000000000000e+00
0.000000000000000000e+00
9.986740384426975314e-01
0.000000000000000000e+00
0.000000000000000000e+00
9.984902224342873112e-01
9.816041950778243708e-01
0.000000000000000000e+00
0.000000000000000000e+00
9.984701596748399854e-01
9.953769129859869613e-01
0.000000000000000000e+00
0.000000000000000000e+00
0.000000000000000000e+00
9.986431844680365710e-01
9.986655663266258420e-01
0.000000000000000000e+00
0.000000000000000000e+00
9.986295690035946748e-01
9.983609998539046959e-01
9.986414591010701614e-01
0.000000000000000000e+00
0.000000000000000000e+00
9.985741030253940664e-01
0.000000000000000000e+00
0.000000000000000000e+00
0.000000000000000000e+00
9.986037270516553432e-01
9.986544742208425252e-01
0.000000000000000000e+00
0.000000000000000000e+00
0.000000000000000000e+00
0.000000000000000000e+00
9.986964609288677686e-01
0.000000000000000000e+00
9.986406669338955266e-01
9.867711469775205524e-01
0.000000000000000000e+00
9.986293537291819344e-01
0.000000000000000000e+00
9.986232980262780279e-01
9.986014536473351022e-01
0.000000000000000000e+00
0.000000000000000000e+00
9.980475179606254077e-01
0.000000000000000000e+00
9.834959896395176759e-01
0.000000000000000000e+00
0.000000000000000000e+00
0.000000000000000000e+00
0.000000000000000000e+00
4.936451252981266698e-03
9.985007702928285767e-01
0.000000000000000000e+00
0.000000000000000000e+00
0.000000000000000000e+00
9.758164066044400231e-01
9.986429147205230228e-01
0.000000000000000000e+00
0.000000000000000000e+00
0.000000000000000000e+00
9.986535406212676547e-01
0.000000000000000000e+00
0.000000000000000000e+00
0.000000000000000000e+00
0.000000000000000000e+00
0.000000000000000000e+00
9.986414613351580760e-01
9.984790110932576512e-01
9.986646403408471206e-01
9.986025704118176582e-01
9.983631001052412079e-01
0.000000000000000000e+00
0.000000000000000000e+00
9.674602236049989479e-01
9.987440372097160513e-01
0.000000000000000000e+00
0.000000000000000000e+00
9.986296042394365857e-01
5.225399169285808998e-02
0.000000000000000000e+00
0.000000000000000000e+00
9.944865606170903982e-01
6.402804444607496440e-03
0.000000000000000000e+00
9.878883230847512742e-01
0.000000000000000000e+00
0.000000000000000000e+00
9.985917286902055157e-01
9.986364243824700226e-01
0.000000000000000000e+00
9.986462958697605030e-01
0.000000000000000000e+00
9.985145584748561509e-01
9.985286980524690215e-01
0.000000000000000000e+00
0.000000000000000000e+00
9.983526824891452156e-01
0.000000000000000000e+00
0.000000000000000000e+00
0.000000000000000000e+00
0.000000000000000000e+00
0.000000000000000000e+00
9.985764070049173435e-01
9.730306642486518109e-01
9.984796193400220510e-01
9.981209173518179600e-01
0.000000000000000000e+00
9.986180531664308191e-01
0.000000000000000000e+00
0.000000000000000000e+00
0.000000000000000000e+00
9.983713759451104952e-01
0.000000000000000000e+00
0.000000000000000000e+00
9.986350836406884257e-01
0.000000000000000000e+00
0.000000000000000000e+00
0.000000000000000000e+00
9.986505793197801850e-01
9.762209321260931771e-01
9.982674829016041640e-01
9.985481510779480319e-01
0.000000000000000000e+00
0.000000000000000000e+00
9.748207808082681725e-01
0.000000000000000000e+00
9.986463718764360120e-01
0.000000000000000000e+00
0.000000000000000000e+00
9.985538863764013007e-01
0.000000000000000000e+00
0.000000000000000000e+00
0.000000000000000000e+00
0.000000000000000000e+00
9.987905904875629126e-01
9.986659501727380706e-01
0.000000000000000000e+00
0.000000000000000000e+00
9.990207014432135324e-01
0.000000000000000000e+00
0.000000000000000000e+00
0.000000000000000000e+00
9.987150178156463110e-01
9.986127465383631829e-01
0.000000000000000000e+00
0.000000000000000000e+00
9.986031238338630711e-01
9.986068220155797093e-01
0.000000000000000000e+00
9.986219589351839065e-01
9.986086938909360944e-01
9.986279490352119037e-01
0.000000000000000000e+00
0.000000000000000000e+00
9.985981059993336295e-01
0.000000000000000000e+00
9.986721082162892671e-01
9.986699425612373116e-01
0.000000000000000000e+00
0.000000000000000000e+00
0.000000000000000000e+00
0.000000000000000000e+00
9.986289248216149161e-01
0.000000000000000000e+00
0.000000000000000000e+00
0.000000000000000000e+00
0.000000000000000000e+00
0.000000000000000000e+00
0.000000000000000000e+00
9.890292015663576519e-01
0.000000000000000000e+00
9.986035797055285990e-01
0.000000000000000000e+00
0.000000000000000000e+00
9.986706574994731467e-01
9.983741064437967605e-01
0.000000000000000000e+00
9.986666125939122063e-01
9.985941003461978882e-01
9.986664126995169477e-01
9.983739289094122338e-01
9.878937688198202727e-01
0.000000000000000000e+00
9.986533584838841460e-01
9.985871085762917376e-01
0.000000000000000000e+00
9.985907355292120702e-01
9.983990218313920639e-01
9.985651293466024647e-01
9.985967897611024435e-01
0.000000000000000000e+00
0.000000000000000000e+00
0.000000000000000000e+00
0.000000000000000000e+00
0.000000000000000000e+00
0.000000000000000000e+00
0.000000000000000000e+00
9.986315034406153535e-01
0.000000000000000000e+00
0.000000000000000000e+00
9.986697437541535161e-01
0.000000000000000000e+00
0.000000000000000000e+00
9.987965728729738535e-01
0.000000000000000000e+00
9.986551892399502250e-01
8.967166079793527089e-01
0.000000000000000000e+00
9.986262130383014579e-01
0.000000000000000000e+00
9.984973159735953674e-01
0.000000000000000000e+00
0.000000000000000000e+00
9.985794813694053307e-01
0.000000000000000000e+00
0.000000000000000000e+00
0.000000000000000000e+00
9.984635158166039748e-01
0.000000000000000000e+00
9.986063693254899620e-01
9.992875850825367889e-01
9.920671407792622798e-01
0.000000000000000000e+00
0.000000000000000000e+00
9.986234458623900467e-01
0.000000000000000000e+00
9.985939573052421414e-01
0.000000000000000000e+00
9.985954419057107012e-01
9.913127859612235193e-01
9.986296251377445587e-01
0.000000000000000000e+00
0.000000000000000000e+00
9.985676677801866852e-01
0.000000000000000000e+00
0.000000000000000000e+00
0.000000000000000000e+00
9.986095073856043891e-01
9.985747114368233035e-01
0.000000000000000000e+00
0.000000000000000000e+00
9.986026318512734035e-01
0.000000000000000000e+00
9.986626285875328524e-01
0.000000000000000000e+00
9.985948462891383048e-01
9.986030934720711016e-01
9.985605116958874428e-01
0.000000000000000000e+00
9.981144628984265355e-01
0.000000000000000000e+00
9.986477938376601138e-01
9.985905395214337288e-01
9.987703058302108694e-01
9.986239775240597361e-01
9.986095470265541341e-01
9.986420117928493934e-01
9.985987880776681092e-01
0.000000000000000000e+00
0.000000000000000000e+00
0.000000000000000000e+00
0.000000000000000000e+00
0.000000000000000000e+00
0.000000000000000000e+00
0.000000000000000000e+00
9.986188767926881260e-01
0.000000000000000000e+00
9.986163391369259346e-01
0.000000000000000000e+00
9.981531687327038771e-01
9.986080720454313386e-01
0.000000000000000000e+00
9.985405079564794173e-01
4.464357483469445428e-03
9.976514375267351298e-01
0.000000000000000000e+00
0.000000000000000000e+00
0.000000000000000000e+00
9.986907038138945758e-01
0.000000000000000000e+00
9.985880610048056827e-01
9.984732893315571012e-01
0.000000000000000000e+00
9.873714351973027492e-01
9.986663417940870868e-01
0.000000000000000000e+00
9.985764530991152466e-01
9.998976268608961160e-01
0.000000000000000000e+00
0.000000000000000000e+00
9.985310682457158027e-01
0.000000000000000000e+00
9.983707704781569214e-01
0.000000000000000000e+00
0.000000000000000000e+00
9.985963647364615170e-01
0.000000000000000000e+00
0.000000000000000000e+00
0.000000000000000000e+00
9.985166165998671239e-01
9.986040602706727221e-01
0.000000000000000000e+00
9.985248463020430787e-01
9.986067114052121774e-01
0.000000000000000000e+00
0.000000000000000000e+00
0.000000000000000000e+00
9.986005207854624643e-01
0.000000000000000000e+00
0.000000000000000000e+00
2.932258031392613942e-02
9.719425145830986601e-01
9.986637479481010882e-01
0.000000000000000000e+00
0.000000000000000000e+00
9.983339046677792705e-01
9.985298615564046631e-01
9.921310114197025021e-01
0.000000000000000000e+00
0.000000000000000000e+00
0.000000000000000000e+00
0.000000000000000000e+00
0.000000000000000000e+00
9.987973796505316137e-01
0.000000000000000000e+00
0.000000000000000000e+00
9.986916313942713064e-01
0.000000000000000000e+00
0.000000000000000000e+00
9.985652487628118301e-01
0.000000000000000000e+00
0.000000000000000000e+00
0.000000000000000000e+00
6.509536539995135485e-01
9.966962995582421270e-01
0.000000000000000000e+00
9.983545033487993825e-01
0.000000000000000000e+00
9.983628539378444078e-01
0.000000000000000000e+00
0.000000000000000000e+00
9.984859396047239821e-01
0.000000000000000000e+00
9.986668217286296390e-01
9.982620980616063733e-01
0.000000000000000000e+00
9.961521050810916433e-01
0.000000000000000000e+00
0.000000000000000000e+00
0.000000000000000000e+00
0.000000000000000000e+00
0.000000000000000000e+00
9.983178165687685013e-01
9.986631622841548594e-01
9.984504271016840793e-01
0.000000000000000000e+00
9.987181501362559777e-01
0.000000000000000000e+00
0.000000000000000000e+00
0.000000000000000000e+00
0.000000000000000000e+00
9.742100158177251501e-01
0.000000000000000000e+00
9.985650615835773847e-01
9.986316526215260891e-01
0.000000000000000000e+00
0.000000000000000000e+00
0.000000000000000000e+00
9.985826831318356245e-01
0.000000000000000000e+00
9.985982758619926791e-01
0.000000000000000000e+00
0.000000000000000000e+00
9.986041256314294179e-01
0.000000000000000000e+00
0.000000000000000000e+00
9.986236139595654482e-01
0.000000000000000000e+00
0.000000000000000000e+00
9.985647802246406801e-01
9.986590751495545426e-01
0.000000000000000000e+00
9.920319835791465701e-01
0.000000000000000000e+00
9.984444041836583184e-01
0.000000000000000000e+00
9.985622342512606719e-01
0.000000000000000000e+00
0.000000000000000000e+00
0.000000000000000000e+00
9.985763187124193641e-01
9.629888742850254424e-01
0.000000000000000000e+00
0.000000000000000000e+00
0.000000000000000000e+00
9.911936911467530420e-01
0.000000000000000000e+00
0.000000000000000000e+00
9.984681314055849910e-01
0.000000000000000000e+00
9.986317212184154801e-01
9.937829474759908299e-01
0.000000000000000000e+00
