0.000000000000000000e+00
5.689714227899963020e-03
5.579926745545228661e-03
5.579078774358119629e-03
5.565732651822754944e-03
5.587580670503375022e-03
5.580358304921406373e-03
5.591687329519395844e-03
5.592850549633757683e-03
0.000000000000000000e+00
5.582300740471482850e-03
0.000000000000000000e+00
0.000000000000000000e+00
5.491023047623205117e-03
0.000000000000000000e+00
0.000000000000000000e+00
5.591379823765967386e-03
5.592777786713817520e-03
5.556547398033830076e-03
0.000000000000000000e+00
5.592532873173928012e-03
0.000000000000000000e+00
5.579623168242690313e-03
0.000000000000000000e+00
0.000000000000000000e+00
0.000000000000000000e+00
5.589198752986611514e-03
0.000000000000000000e+00
5.574814700805786651e-03
0.000000000000000000e+00
5.591676886324005794e-03
0.000000000000000000e+00
0.000000000000000000e+00
5.592369754508377463e-03
0.000000000000000000e+00
5.616014167560830564e-03
5.580588582861654816e-03
0.000000000000000000e+00
0.000000000000000000e+00
0.000000000000000000e+00
0.000000000000000000e+00
0.000000000000000000e+00
5.560424381620852549e-03
5.573778939345123105e-03
0.000000000000000000e+00
5.578444038361378421e-03
0.000000000000000000e+00
5.579746442836708287e-03
5.608277662643153944e-03
0.000000000000000000e+00
5.572055719605993954e-03
0.000000000000000000e+00
0.000000000000000000e+00
5.587000927329305311e-03
0.000000000000000000e+00
5.592501721139589606e-03
5.579436489532383497e-03
5.578340259546532912e-03
0.000000000000000000e+00
5.681076337569971289e-03
5.682235238493588483e-03
0.000000000000000000e+00
0.000000000000000000e+00
5.681280332820405274e-03
0.000000000000000000e+00
5.584177169593477347e-03
0.000000000000000000e+00
5.596350011148249794e-03
0.000000000000000000e+00
0.000000000000000000e+00
0.000000000000000000e+00
5.451836090029638093e-03
5.566765361823976591e-03
5.579830285937349352e-03
0.000000000000000000e+00
5.579047854080043840e-03
5.579699447014552574e-03
0.000000000000000000e+00
0.000000000000000000e+00
0.000000000000000000e+00
5.578002205409959315e-03
5.578423226794672340e-03
0.000000000000000000e+00
0.000000000000000000e+00
0.000000000000000000e+00
5.568703741581112858e-03
5.592615232833426583e-03
0.000000000000000000e+00
5.579954130084822939e-03
0.000000000000000000e+00
5.562132465456255150e-03
5.691430661211755414e-03
5.579218114259255207e-03
0.000000000000000000e+00
0.000000000000000000e+00
0.000000000000000000e+00
0.000000000000000000e+00
5.579105862099453458e-03
3.059681020105988348e-03
0.000000000000000000e+00
5.586775800580258758e-03
5.578961276023011208e-03
5.499446711553813115e-03
5.590389471877037740e-03
0.000000000000000000e+00
0.000000000000000000e+00
5.579907872157058649e-03
5.677366630435048446e-03
0.000000000000000000e+00
5.581380460399629380e-03
0.000000000000000000e+00
0.000000000000000000e+00
0.000000000000000000e+00
5.580224299155223978e-03
5.577582189669814776e-03
5.580137323529281261e-03
0.000000000000000000e+00
0.000000000000000000e+00
5.579989874390759927e-03
0.000000000000000000e+00
0.000000000000000000e+00
5.579652778667829917e-03
5.591251374786661982e-03
5.582497057045813886e-03
0.000000000000000000e+00
0.000000000000000000e+00
5.580163505474711530e-03
0.000000000000000000e+00
5.580246707475275056e-03
5.577176878798520594e-03
0.000000000000000000e+00
0.000000000000000000e+00
5.581100107890302892e-03
0.000000000000000000e+00
5.580318061100560285e-03
5.506254974282313169e-03
5.570476241512142303e-03
0.000000000000000000e+00
5.579859956267871693e-03
5.579296439663362223e-03
0.000000000000000000e+00
5.584500828952471824e-03
0.000000000000000000e+00
0.000000000000000000e+00
5.579411360441511106e-03
0.000000000000000000e+00
0.000000000000000000e+00
0.000000000000000000e+00
5.686132138848054574e-03
0.000000000000000000e+00
0.000000000000000000e+00
0.000000000000000000e+00
0.000000000000000000e+00
5.591952105948333300e-03
5.580344406352477811e-03
5.703909720598879241e-03
0.000000000000000000e+00
5.580045478499170465e-03
0.000000000000000000e+00
5.495240464201170752e-03
5.513836286874435055e-03
5.576610669952192754e-03
5.579180765188536222e-03
5.565349852283549108e-03
0.000000000000000000e+00
5.580178766451893146e-03
5.684482902934389834e-03
0.000000000000000000e+00
5.581809755761664264e-03
5.592746917966415557e-03
5.592475025362826820e-03
5.589131850232831843e-03
0.000000000000000000e+00
5.579354977052545551e-03
0.000000000000000000e+00
5.577255861067667402e-03
0.000000000000000000e+00
5.580169986893410150e-03
0.000000000000000000e+00
5.591874469050203342e-03
0.000000000000000000e+00
5.592035278429525504e-03
5.579356894352262113e-03
5.594064751806687372e-03
0.000000000000000000e+00
5.580984359663468050e-03
5.582437576283695232e-03
5.592860896295271354e-03
5.580509479396407978e-03
0.000000000000000000e+00
0.000000000000000000e+00
0.000000000000000000e+00
5.500273877813974255e-03
5.593859776008320607e-03
5.665210469478466036e-03
5.677272425907373306e-03
5.662448135917142605e-03
5.579947637011373369e-03
5.604089587030507136e-03
0.000000000000000000e+00
5.577222063894925544e-03
5.586836286399386384e-03
5.580661099413714021e-03
5.577187408116593414e-03
5.591529313260788434e-03
5.587417396540457493e-03
5.712070215481709380e-03
5.607543511010256235e-03
5.578909243061374798e-03
5.576749752487035125e-03
5.566383000178907504e-03
5.581006937715730053e-03
0.000000000000000000e+00
5.592187223667513529e-03
5.591894696349997661e-03
5.583127819294321850e-03
6.004608433582667715e-01
0.000000000000000000e+00
5.676961607163743227e-03
5.580273368374610507e-03
5.597396812992447811e-03
5.592489442519714415e-03
5.578802032090927031e-03
0.000000000000000000e+00
5.572278101667767908e-03
3.129290003564611129e-03
5.612774433696559630e-03
5.580729044867347236e-03
5.568697992665658063e-03
5.579187704982808450e-03
0.000000000000000000e+00
0.000000000000000000e+00
5.594687604145185365e-03
0.000000000000000000e+00
0.000000000000000000e+00
5.683475466364949595e-03
5.572387821509169545e-03
0.000000000000000000e+00
5.580591291822470899e-03
6.565459246941585114e-01
5.662952211458306337e-03
5.579800776176976201e-03
0.000000000000000000e+00
5.590610478396407755e-03
5.579039928513760717e-03
5.580225912846881707e-03
0.000000000000000000e+00
5.579082466491325568e-03
0.000000000000000000e+00
2.242711268143913680e-02
5.581514489489129011e-03
5.606133948600289588e-03
5.671231423641097565e-03
0.000000000000000000e+00
5.590983552115936193e-03
0.000000000000000000e+00
5.561396201825243718e-03
5.592407510741452363e-03
5.607741929657778131e-03
5.578794510515556679e-03
5.587697418968842235e-03
0.000000000000000000e+00
0.000000000000000000e+00
5.592111082042479017e-03
5.591910036197337945e-03
0.000000000000000000e+00
5.671840114367142534e-03
8.421488219541428677e-01
5.682323088264245280e-03
5.593053265643333459e-03
0.000000000000000000e+00
5.579642127535428507e-03
0.000000000000000000e+00
5.595235361181978909e-03
5.578628449963011701e-03
5.595061689000938032e-03
5.581233949772462614e-03
5.580727326515128907e-03
5.580701105858229712e-03
5.580532393727403138e-03
5.591112618653752871e-03
5.806056782310198804e-03
0.000000000000000000e+00
5.592606495240487474e-03
5.687498133052167407e-03
0.000000000000000000e+00
0.000000000000000000e+00
5.580120317730159069e-03
5.580056104245514036e-03
7.966364727984774907e-01
5.579521825471586531e-03
0.000000000000000000e+00
5.587377360999479584e-03
0.000000000000000000e+00
0.000000000000000000e+00
0.000000000000000000e+00
5.588041348766891424e-03
5.578923316536445881e-03
5.579647031245140235e-03
0.000000000000000000e+00
0.000000000000000000e+00
0.000000000000000000e+00
0.000000000000000000e+00
5.578325940852338176e-03
5.578062687028786243e-03
5.592104802958086825e-03
6.845485321418098845e-01
5.581501529007918197e-03
5.661077464859240113e-03
5.580798033651905576e-03
0.000000000000000000e+00
0.000000000000000000e+00
5.578855635082127264e-03
0.000000000000000000e+00
0.000000000000000000e+00
5.580786738900105938e-03
0.000000000000000000e+00
5.676547090010398110e-03
5.575941134605055458e-03
0.000000000000000000e+00
0.000000000000000000e+00
5.592341285627946447e-03
5.609348454387769710e-03
5.579636416570671852e-03
5.577740730778775469e-03
5.579963830575995418e-03
5.512567860278573539e-03
0.000000000000000000e+00
0.000000000000000000e+00
0.000000000000000000e+00
5.591751742691287649e-03
0.000000000000000000e+00
9.930554382139735736e-01
5.589678339080897743e-03
5.581741542437879643e-03
5.580096962680828818e-03
5.586092518747746115e-03
0.000000000000000000e+00
5.592714049312357515e-03
5.591338657364526912e-03
5.597442324115706712e-03
5.605457723668693867e-03
5.598008967892159453e-03
5.585477243235054644e-03
5.579076404590739037e-03
5.624079311917413483e-03
5.566974237125348578e-03
0.000000000000000000e+00
0.000000000000000000e+00
0.000000000000000000e+00
0.000000000000000000e+00
5.606410221467306339e-03
5.563666157651080656e-03
5.593032729836572639e-03
0.000000000000000000e+00
5.593688556794817156e-03
5.580315577257434316e-03
5.580537469763007137e-03
5.592216549951759159e-03
0.000000000000000000e+00
0.000000000000000000e+00
5.576842621495763097e-03
5.588019496145499310e-03
0.000000000000000000e+00
0.000000000000000000e+00
0.000000000000000000e+00
5.681800564317110273e-03
0.000000000000000000e+00
0.000000000000000000e+00
5.592993458057084546e-03
5.582546245080326555e-03
5.560825505544172639e-03
0.000000000000000000e+00
5.581949561344444130e-03
0.000000000000000000e+00
5.561141152855893222e-03
5.587969630390540038e-03
5.586179987130298653e-03
5.576676052503465146e-03
0.000000000000000000e+00
5.590150950621627750e-03
0.000000000000000000e+00
0.000000000000000000e+00
0.000000000000000000e+00
5.580421394362157853e-03
0.000000000000000000e+00
0.000000000000000000e+00
0.000000000000000000e+00
0.000000000000000000e+00
5.683663831171422744e-03
5.569075201159017982e-03
5.669719228637700066e-03
0.000000000000000000e+00
0.000000000000000000e+00
0.000000000000000000e+00
0.000000000000000000e+00
5.685068613109073646e-03
5.578147369300667617e-03
5.594296298980637461e-03
5.577170168899857859e-03
0.000000000000000000e+00
0.000000000000000000e+00
0.000000000000000000e+00
0.000000000000000000e+00
0.000000000000000000e+00
0.000000000000000000e+00
0.000000000000000000e+00
0.000000000000000000e+00
5.585134614759138839e-03
0.000000000000000000e+00
0.000000000000000000e+00
5.593682189891538252e-03
5.600462756389279831e-03
5.592236128111604219e-03
0.000000000000000000e+00
0.000000000000000000e+00
5.579983018109976357e-03
0.000000000000000000e+00
5.565331046020577724e-03
0.000000000000000000e+00
5.586402868130951535e-03
5.578876214204850879e-03
0.000000000000000000e+00
0.000000000000000000e+00
0.000000000000000000e+00
0.000000000000000000e+00
5.580219286850742789e-03
5.576838455952986065e-03
5.579879096717514468e-03
5.592937546882697196e-03
0.000000000000000000e+00
5.577543221466228947e-03
5.582235227303061417e-03
5.569354284666897144e-03
5.577204735896347000e-03
