4.354288617645356574e-01
7.682213447593960742e-01
7.682169795828568404e-01
7.682256332710737379e-01
7.682245891622734302e-01
7.682236186565387648e-01
7.682131369862363890e-01
7.682179198926808450e-01
7.682199860798220037e-01
4.354365445298588599e-01
7.682207986110658471e-01
4.354602924606552072e-01
4.354230977367407607e-01
7.682163182152101921e-01
4.354360886328438873e-01
4.354231659974484026e-01
7.682216004832644884e-01
7.682142853182080122e-01
7.682217185102960810e-01
7.039594634237776871e-01
7.682148401160300288e-01
7.039736493472374956e-01
7.682089593616601153e-01
4.354332766545548350e-01
4.354245879335451042e-01
4.354353604336135830e-01
7.682157766871854365e-01
4.354275327820344987e-01
7.682165327699398416e-01
7.039903973603119924e-01
7.682153870675098029e-01
7.040269302591369849e-01
4.354332130023448877e-01
7.682186604968825883e-01
4.354312687705320650e-01
7.682186679076483671e-01
7.682177506986119786e-01
4.354381207875838711e-01
4.354296146248319843e-01
4.354277872982247888e-01
4.354289718404905640e-01
4.354324303714187105e-01
7.682167398916517342e-01
7.682183177585693024e-01
4.354377626702751192e-01
7.682275181331289504e-01
4.354298981626384957e-01
7.682159203729604924e-01
7.682193628773646976e-01
4.354283563176180039e-01
7.682210559715918485e-01
4.354299695104043022e-01
4.354357876887216539e-01
7.682179211612283343e-01
4.354056547101599617e-01
7.682078780783332395e-01
7.682293029590531175e-01
7.682189208481134957e-01
4.354337313829286793e-01
7.682212658522853399e-01
7.682162477610667839e-01
7.040083573730822053e-01
4.354261548942880977e-01
7.682238427069231212e-01
4.289602489472383318e-01
7.682205779140928170e-01
4.826650815099289282e-01
7.682228601995075845e-01
4.826660915382959827e-01
4.354431229131195402e-01
9.913612458887730572e-01
7.682256684089497911e-01
7.682146807203975580e-01
7.682203442759230061e-01
4.354335085204640299e-01
7.682164617238633753e-01
7.682170183342549308e-01
4.354328297525678626e-01
4.354263806777097789e-01
4.354211434223114741e-01
7.682235825500726145e-01
7.682255743839671025e-01
4.354293975582297915e-01
4.354299881834297059e-01
4.354343617162138025e-01
7.682217571437878201e-01
7.682179640766081397e-01
4.354353022673009832e-01
7.682129193957654145e-01
4.354258661253788687e-01
7.682242997763149006e-01
7.682138174815833498e-01
7.682171628421886611e-01
4.354345382391108243e-01
4.354404661261833676e-01
4.354359402995236494e-01
4.354242976292942990e-01
7.682132961515361069e-01
7.682182021492136581e-01
4.354233434398349645e-01
7.682145344952667765e-01
7.040695392793929752e-01
7.682247770297436773e-01
7.682183048148977234e-01
4.354347999606772990e-01
4.826751521678486756e-01
7.682226629438052568e-01
7.682147686212790205e-01
4.354259838529241922e-01
7.682179527666775920e-01
4.354168075723015563e-01
4.354309031338560732e-01
4.354340394812249437e-01
7.682236068379498795e-01
7.682109310535264468e-01
7.682124460594399462e-01
4.354373728000198729e-01
4.354237233367326265e-01
7.682143192039210255e-01
4.354252347640110155e-01
4.354353632262134566e-01
7.682142079343162733e-01
7.682178773725401033e-01
7.682263737348501431e-01
4.354329928387471460e-01
4.354342318373147225e-01
7.682205066005288741e-01
4.354381508102199705e-01
7.682120657496216420e-01
7.682105098603400073e-01
4.354232603137452862e-01
4.354356988133827322e-01
7.682226279290552684e-01
4.354307271981489591e-01
7.682146433477765601e-01
7.682221671716265021e-01
7.682153801316059516e-01
4.354272777058813548e-01
7.682142588864536714e-01
7.682186112986190141e-01
4.354265185835986540e-01
7.682216366558395348e-01
4.354299102660912357e-01
4.354248544007872090e-01
7.682241340373088256e-01
7.682124104284312471e-01
7.682113923873399308e-01
4.354357456002665439e-01
7.682142816859063306e-01
4.354285646742407367e-01
4.354196894647816563e-01
4.354341164581281287e-01
4.354368730002537435e-01
7.682214734690745450e-01
7.682158004489870740e-01
7.682214651603026523e-01
4.354232494513369245e-01
7.682163413660736406e-01
4.354266901330666184e-01
7.682161595803014276e-01
7.682216234521667131e-01
7.682150837215208083e-01
7.672330967613900654e-01
7.682207645426186726e-01
4.354184727650962095e-01
7.682169525634285900e-01
7.682262953886039858e-01
4.354307395808160175e-01
7.682035576656116582e-01
7.682156562238081632e-01
7.682224967499526880e-01
7.682195392204937967e-01
4.354428722142614228e-01
7.682240447019095253e-01
4.354292635342811302e-01
7.040117811608277432e-01
3.258451799521223657e-01
7.682102107052950490e-01
4.354300612126215109e-01
7.682220734750235813e-01
4.354247616649140618e-01
7.682169151677187280e-01
7.682143604438435025e-01
7.682252264834117383e-01
4.354399660454629228e-01
7.682116854350018453e-01
7.682247582151482401e-01
7.682116204140140292e-01
7.682153754819045499e-01
3.848468470088808879e-01
4.354261162993277035e-01
4.354268913726372370e-01
7.682187817382943873e-01
7.682161637065270110e-01
7.682151362064211231e-01
7.682197959870036286e-01
7.682215455487992894e-01
7.682217547733168894e-01
7.682161558679653224e-01
4.354239442710210461e-01
7.682146850887628942e-01
7.682208551790847828e-01
7.682270139429274725e-01
7.682101748353902249e-01
7.682175784000034868e-01
7.682192782233572270e-01
7.682219633969995520e-01
7.682182910895422046e-01
7.682184016836555163e-01
7.682173469633547525e-01
7.682218222085618331e-01
7.682215047998937063e-01
4.354307143255612966e-01
7.682150472036944899e-01
7.682206360246078836e-01
7.682136375935874062e-01
7.682146531247288079e-01
7.039919220955457302e-01
7.682267369108243260e-01
7.682192044938143116e-01
7.682198269016093928e-01
7.682129777916433255e-01
7.682221909778776947e-01
4.354364956855407698e-01
7.682260233929815163e-01
7.682191435417260461e-01
7.682176047078714820e-01
7.682202793356407433e-01
7.682172854831919029e-01
7.682220801303079050e-01
4.354269608263535707e-01
4.354376876123473572e-01
7.682188412139202560e-01
4.354298706181587431e-01
4.354279827934139924e-01
7.682234640607829013e-01
7.682129802997093027e-01
7.682172187527234186e-01
7.682147131012602159e-01
7.724720289339181978e-01
7.682263558560635808e-01
7.682186001494782923e-01
7.682203605776691813e-01
7.682187053071163341e-01
7.682200797886346022e-01
7.682248388582955112e-01
4.354244473831012652e-01
7.682114825181063367e-01
4.354308674782491062e-01
7.682212859884302025e-01
7.682146082449261559e-01
7.682156976604526122e-01
7.682135985538456335e-01
4.354205422683006255e-01
7.682228518233311654e-01
4.354348808149773320e-01
7.682119610588828973e-01
7.682194173522460812e-01
7.682032739480676442e-01
7.682259809384960336e-01
7.682231608248191179e-01
7.682195310651070974e-01
4.354268849128619667e-01
7.682194407829150418e-01
7.682271075043709541e-01
4.354181368112200468e-01
7.682159288935979102e-01
7.682121543721913692e-01
7.682257273068069381e-01
7.682242633422593503e-01
4.354298412482896508e-01
7.682263537408871024e-01
4.354350222361428324e-01
7.682101182796967631e-01
7.682118459570588254e-01
7.682256015235753299e-01
7.682265235211728216e-01
7.682194874070269464e-01
7.682213430493649575e-01
7.682121374523673829e-01
7.682099923846125167e-01
7.682180786892673918e-01
4.354353509838110869e-01
7.682150375766665373e-01
7.682187455243100205e-01
4.354293667875622775e-01
4.354229990335538591e-01
7.682145977879634158e-01
7.682252776290525720e-01
7.682235719999517265e-01
7.682251084645862482e-01
4.354331618028872697e-01
7.682193219057558142e-01
4.354327305310290441e-01
4.354325620903271576e-01
4.354366003455595324e-01
7.682260443388844173e-01
7.682194721757842348e-01
7.682133548859051420e-01
4.354176765579354513e-01
4.354209820706109180e-01
4.354241390586675031e-01
7.039654534306198919e-01
7.682153211840883067e-01
7.682150901032562818e-01
7.682177164096680722e-01
7.682067729476835805e-01
7.682153498772954503e-01
7.682218008101864282e-01
7.682215433299544038e-01
4.354276977882163835e-01
4.354345946588317195e-01
7.682225706011051036e-01
4.354374837195470471e-01
4.354328755686889818e-01
7.682194269333455505e-01
4.354219705626657944e-01
7.682187091532333145e-01
7.682167309187026838e-01
4.354341422466203038e-01
4.354337853873579967e-01
7.682231058001502966e-01
7.682174273225078620e-01
7.682240876734062196e-01
7.682172937300800752e-01
7.682210315141309032e-01
7.682268320553051755e-01
4.354363318859011955e-01
1.013575111938195550e-01
4.354293181363552145e-01
7.682182295763851920e-01
1.013377390047698334e-01
7.682195974926757653e-01
7.682180370319037221e-01
7.682131588188586546e-01
7.682197946855041648e-01
7.682132795872818054e-01
4.354324794625523687e-01
7.682169130987561712e-01
7.682235765537824834e-01
7.682164754313505206e-01
7.682096589106558460e-01
7.682088377482078068e-01
7.682173198650450452e-01
7.040604500395046816e-01
7.682093765908488692e-01
7.682211905402374086e-01
7.039661628001916416e-01
4.354272920207528097e-01
7.682241465158410332e-01
4.354247211360188219e-01
7.682222314032000066e-01
7.682196159545868763e-01
7.682133735087965931e-01
4.354394671962625307e-01
7.682181122156542807e-01
7.682174867141706720e-01
7.682114420899728291e-01
7.682110121748012554e-01
4.354348105462738094e-01
2.901966558707264610e-01
7.682169462896119017e-01
7.682242416847571143e-01
4.354268979542033069e-01
4.354337035751870144e-01
4.354235300457453550e-01
7.682107467238702414e-01
7.040520460972944372e-01
4.354301299791797919e-01
7.682156747878151615e-01
7.682196657228987924e-01
7.682257264689182907e-01
4.354373153734575896e-01
7.682186109620166015e-01
4.354542527481042313e-01
7.682175273685128980e-01
7.682260291115371453e-01
7.682263512233760139e-01
7.682263547090661948e-01
4.354366367069266719e-01
7.682169846884414621e-01
4.354233909524443114e-01
4.354327667170604932e-01
4.354419909778417530e-01
7.682279651248583585e-01
4.354292428288049632e-01
4.354185727873130518e-01
4.354329564878970382e-01
4.354273247772965094e-01
7.682263148705752442e-01
7.682249508145457817e-01
7.682168637033413017e-01
4.354249012179867151e-01
4.354317459813919489e-01
4.354447487650300319e-01
4.354310567143959143e-01
7.682134496457218020e-01
7.682179994258222511e-01
7.682145731844919334e-01
9.913707706413217302e-01
7.682459826113172685e-01
4.354211529259200963e-01
4.354302349432799257e-01
4.354228775560122222e-01
4.354290139568076645e-01
7.039676180940409589e-01
4.354243616978429321e-01
4.354218909300379137e-01
7.682117163590223008e-01
4.354300799751211204e-01
4.354377945320976884e-01
7.682172025707233454e-01
7.682258163891886316e-01
7.682171001228395024e-01
4.354286038381822155e-01
4.354312603990804220e-01
7.682131915883663176e-01
4.354291214902312190e-01
7.682175254728853542e-01
4.354283467205394831e-01
7.682207672465001247e-01
7.682243495952658652e-01
7.682174122360446722e-01
4.354315950453572226e-01
7.039545657060374273e-01
4.354269892231618089e-01
7.682118850568955271e-01
7.682213540173984390e-01
7.682126353271341301e-01
7.682233639161659688e-01
4.354446352075699855e-01
7.682148696632258300e-01
7.682113974174846760e-01
7.682205565324221608e-01
7.682224552958661912e-01
