2.627611624569766227e-02
9.711634254448683334e-01
9.711647657010520351e-01
2.627107192429026933e-02
9.711488613812815363e-01
9.711525089124540822e-01
2.628031967478936318e-02
2.627704428553234023e-02
2.628093231961468185e-02
9.711652285482663682e-01
2.627647948559155150e-02
9.711585126652848565e-01
2.627194257694791604e-02
9.711613990169251087e-01
9.711634163926443630e-01
9.711587004200833428e-01
9.711674481778633794e-01
9.711566958556993034e-01
9.711519889041593245e-01
2.627669606580748315e-02
2.627832333946268292e-02
2.628668059444583260e-02
9.711653838586973286e-01
2.628754416237797167e-02
2.627644699913578991e-02
2.627873296704449912e-02
2.627867401659791588e-02
9.711525068196038557e-01
2.628460593641222809e-02
2.628042842014774796e-02
9.711603088631290959e-01
9.711628417918440892e-01
9.711745216316829410e-01
2.627255093059548824e-02
9.711845234020102247e-01
2.628387098032458624e-02
9.711544735809357620e-01
2.627889306329924193e-02
2.629246066618113817e-02
9.711639828350702164e-01
2.628476226934517782e-02
9.711551093965727910e-01
2.627882715407116321e-02
2.628021447050248038e-02
9.711585679316565578e-01
2.626919095011399918e-02
2.626597284043724265e-02
9.711489744649095535e-01
9.711515102308744263e-01
9.711542534764495693e-01
2.628585107362550743e-02
9.711593709112625872e-01
2.628634297466080072e-02
9.711584794201129078e-01
2.628278011800970482e-02
9.711556900713198548e-01
9.711625804829026043e-01
9.711627483200150346e-01
2.627992569180642723e-02
2.628068965172411162e-02
2.628089865524790500e-02
2.627560572065990724e-02
9.711528905267404754e-01
2.628042398661740303e-02
9.711598683906278451e-01
2.627603874339184617e-02
9.711545693647523070e-01
2.627345259824412360e-02
2.628341764124647942e-02
9.711687939857136520e-01
9.711625456241135268e-01
9.711548581935819380e-01
9.711580449058185849e-01
2.628378473690992298e-02
9.711630048826015438e-01
2.628146021161728574e-02
9.711601626029474632e-01
9.711654686345531085e-01
9.711610789970268609e-01
2.627691626856890755e-02
2.627428120709423068e-02
9.711638883312163628e-01
2.627588433925424211e-02
9.711590633923989913e-01
9.711550182954297172e-01
2.628190176237283487e-02
2.627778433827340429e-02
2.628370217492139935e-02
9.711626105428211586e-01
2.627666218297186260e-02
9.711676807556297586e-01
2.628486860338052206e-02
2.627376225307051505e-02
9.711698806374265969e-01
9.711536816912546000e-01
2.627630268662214941e-02
9.711519513912884038e-01
9.711581243726803425e-01
2.627757538985966632e-02
2.628474066258588288e-02
2.627983051575507115e-02
2.627925938277330536e-02
2.628595789099328825e-02
2.627346588512702655e-02
9.711567356516415117e-01
2.626955063228215287e-02
2.627319797787337763e-02
2.628028680449385340e-02
2.628371037535979712e-02
2.627414502663610874e-02
9.711672521860048590e-01
2.627726575738499604e-02
2.627321156503677202e-02
2.627236670742101252e-02
2.628495496635041562e-02
2.627016462433660535e-02
2.628093690307799213e-02
2.628436507027177849e-02
2.628314075059411115e-02
9.711657924851363477e-01
9.711549997000746837e-01
9.711611321178479361e-01
9.711670462087930167e-01
2.628258055852913597e-02
2.627782463200876301e-02
9.711598611375495960e-01
2.628001755373651424e-02
2.627201420895916226e-02
2.627042604999948322e-02
0.000000000000000000e+00
2.628402493711002111e-02
2.627706805747299229e-02
2.628078074986663418e-02
9.711594679877105785e-01
2.627509487884816669e-02
9.711607614126019916e-01
9.711631812401222419e-01
9.711623607893919985e-01
9.711668159053332694e-01
2.626970887203858296e-02
2.628027780650335835e-02
9.711548778595264775e-01
2.626946963980065358e-02
9.711589817113885914e-01
2.626023272387167928e-02
9.711680289785582509e-01
9.711588761445758555e-01
2.627778401494705596e-02
9.711529848267002052e-01
2.627408394067768174e-02
9.711590913691108273e-01
9.711604675007714516e-01
9.711629028247219519e-01
2.628577396103874350e-02
9.711606568946972162e-01
9.711656872457803402e-01
2.628005556915296789e-02
2.628485353997851368e-02
9.578385564899994931e-01
2.627337801346800103e-02
9.711620916618183275e-01
9.711536505711048095e-01
2.627294810185631241e-02
9.711615445758324805e-01
9.711597128636284548e-01
9.711576024618439051e-01
2.628515627166130852e-02
2.627465549755007498e-02
2.628287780708359750e-02
2.627601440728114315e-02
9.711956025410550808e-01
9.711566844316134040e-01
2.627427683539508910e-02
2.627021343426632488e-02
9.711608100309677694e-01
2.627580457264741542e-02
9.711535521897348699e-01
2.627061138836877738e-02
2.628768149782950009e-02
2.628499789393991606e-02
9.711658177299569150e-01
2.627771535722069063e-02
2.628433702775546596e-02
9.711608430010261195e-01
2.628430362181981977e-02
9.711593667819380382e-01
2.628450128430296490e-02
2.627259627654422031e-02
9.711648128667152990e-01
2.627451764021612041e-02
9.711658128447090421e-01
2.628332323811057719e-02
9.711712798297016391e-01
2.628182513831306411e-02
9.711644537933005195e-01
2.627986321046976714e-02
2.628032149007258206e-02
2.627950481299683519e-02
2.627763074245169361e-02
9.711586957752473825e-01
9.711650088220324939e-01
2.626963875649319588e-02
9.711572288613113946e-01
9.711586806375549497e-01
9.711710967281255158e-01
9.711658427986621378e-01
9.711543688134399721e-01
9.711579662839896487e-01
9.711585258421432387e-01
2.627223511209320767e-02
2.627074256668874078e-02
2.628495589956432107e-02
9.711669484920586459e-01
2.627991081665584025e-02
9.711607478431720786e-01
9.711718249235007372e-01
9.711611546019776053e-01
9.711605298630833216e-01
2.627803241114617591e-02
2.628456214516261200e-02
9.711884397238882416e-01
9.711590877609627137e-01
2.627458737234622532e-02
9.711648841446092195e-01
2.627290282365757693e-02
9.711568256535029198e-01
9.711616710964974253e-01
2.627800777267493351e-02
9.711537782112213968e-01
2.628749836938599690e-02
2.627453958108220272e-02
2.628310735344741716e-02
2.628594145690635667e-02
2.628267949573818291e-02
9.711637760817982690e-01
9.711667389221358970e-01
9.711555069564580256e-01
2.628259536702148499e-02
9.711550891219205006e-01
2.627293529168212363e-02
2.628001139000263331e-02
2.627242442886756554e-02
9.711598034106826427e-01
9.711615961413023745e-01
9.711590841649682115e-01
9.711548530483357089e-01
2.628504497602385595e-02
9.711603472797574188e-01
2.628304166486961774e-02
2.628813488372808496e-02
0.000000000000000000e+00
2.628434219272848468e-02
2.627028458979476996e-02
9.711607597246256773e-01
2.627948818412202681e-02
9.711534546234188436e-01
2.628544423048143758e-02
9.711635652571708466e-01
2.627281886772044744e-02
2.627342161308986179e-02
2.627658265780135824e-02
2.628078942292734130e-02
9.711668426110418029e-01
9.711685930569124992e-01
9.711587100216231283e-01
2.627239541461675112e-02
9.711582455066051223e-01
9.711576001095105770e-01
9.711705557967057478e-01
2.628660430914465940e-02
9.711607719267768557e-01
9.711647756736906389e-01
2.628060465130882886e-02
9.711547037026243556e-01
9.711609633952821286e-01
9.711543806678964996e-01
2.627977903911424273e-02
2.628634200349144745e-02
9.711615571375046274e-01
2.627567902802454072e-02
9.711616228691312136e-01
2.627243460702919503e-02
9.711650556778040899e-01
9.711550528014685213e-01
2.627372727672133701e-02
9.711620123600775978e-01
9.711552575549406985e-01
9.711654336203121574e-01
9.711615038915741849e-01
9.711642418077721661e-01
9.711578600764395608e-01
2.626959765044403067e-02
9.711505441764107793e-01
2.627969359094032772e-02
2.627321356469759783e-02
2.628496739447580208e-02
0.000000000000000000e+00
9.711647327818568876e-01
9.711709713649656628e-01
2.628484764571989082e-02
2.627673022127745284e-02
2.627321911261169471e-02
2.627177546543055936e-02
2.627803314968226583e-02
2.627299117735571940e-02
2.627911499587050684e-02
2.628681599849948952e-02
9.711543987713893156e-01
2.628424116791867188e-02
2.627693053627390418e-02
2.627397520434701303e-02
2.627622735128375478e-02
9.711615175756178608e-01
2.628478371732055618e-02
2.628448854936444104e-02
2.627528071727293357e-02
2.627935126662702542e-02
2.627125364615042966e-02
2.628633921860806799e-02
2.627330842890313392e-02
2.627186575872685059e-02
2.628302821954884086e-02
2.628257205465322002e-02
9.711600862430203041e-01
2.628266741206031210e-02
2.627562143715678547e-02
9.711610163858582778e-01
9.711581063548765380e-01
2.628310151134273173e-02
9.711681373485385738e-01
2.628603895938872934e-02
9.711642468132116734e-01
2.627403308996443740e-02
9.711638763403461772e-01
9.711633113098671055e-01
2.627126572498433843e-02
9.711703052113087598e-01
2.627637658949587979e-02
2.628367032223622932e-02
9.711586457903115255e-01
2.627805612862244358e-02
2.628161467214750607e-02
9.711657113394138729e-01
9.711627904925649313e-01
9.711595883083623537e-01
9.711622963961246136e-01
9.711671266766778166e-01
9.711661158005323591e-01
2.627865787432268063e-02
9.711693125328277887e-01
9.711645009845124576e-01
9.711669231801506319e-01
9.711631508098260701e-01
9.711485051714101591e-01
9.711554728167616224e-01
2.628284270171699077e-02
9.711534953767123612e-01
2.627392239934016674e-02
9.711617885958661045e-01
2.627523139480551079e-02
2.626987472679807173e-02
2.628626946915628426e-02
9.711714865714878853e-01
2.628344123532243976e-02
9.711623926026988762e-01
2.628288760554886930e-02
2.628409554581839433e-02
2.628731681983995094e-02
9.711531795717864846e-01
2.627525549464211976e-02
2.627311532688189621e-02
9.711578104217349905e-01
2.628266225481480992e-02
2.627422001118372152e-02
2.626963357746660635e-02
9.711632472222895274e-01
2.628791613491320012e-02
2.628116754369600253e-02
2.627724665211542479e-02
9.711539199223709895e-01
9.711504142096668568e-01
9.711548950631431198e-01
9.711539432480229550e-01
2.627411389475576425e-02
9.711550187753325014e-01
9.711508431569033650e-01
2.626972372961442967e-02
2.627917819595204998e-02
9.711645542755735772e-01
9.711688410477649080e-01
2.627094972177404161e-02
2.628386475447314075e-02
9.711517944903610422e-01
2.627146207577168990e-02
2.626740994040925939e-02
9.711574930562331120e-01
2.627825684671507983e-02
2.627664813024381540e-02
2.627787418639162750e-02
9.711666574511594874e-01
2.627718539869283373e-02
9.711577779728652882e-01
2.627067168312731058e-02
9.711569833679545294e-01
9.711637705387771158e-01
9.711598912292684904e-01
2.627005327638567284e-02
9.711615725023460266e-01
2.628330791486208767e-02
9.711598791138501552e-01
9.711575129419638408e-01
2.627256744862731599e-02
9.711553385091213908e-01
2.628094746107081242e-02
9.711719139273362611e-01
2.627076467804828272e-02
2.627959428134558906e-02
2.626893779864340056e-02
2.627551937177920877e-02
9.711622046920177498e-01
2.627755823502616467e-02
9.711615240330878640e-01
2.628769054168000885e-02
9.711580493236360301e-01
2.628675806626866451e-02
9.711649730268249181e-01
2.628237745144204607e-02
9.711511564921774253e-01
2.628437309127119176e-02
2.628060590142259484e-02
9.711658801421638731e-01
9.711611536720236026e-01
2.628776169954335010e-02
2.627228355637292040e-02
9.711774728138218293e-01
9.711609193328796241e-01
9.711575052752488002e-01
9.711674702392484315e-01
9.711608570829418641e-01
2.627775870325637156e-02
