1.157393381236808752e-02
1.654710191245891901e-02
1.654153049485647398e-02
1.653645559429224934e-02
1.654720779381067819e-02
1.654939410188989088e-02
1.653201737183478473e-02
1.653247806292926919e-02
1.654150500047728289e-02
1.158141330246890283e-02
1.653379993407859752e-02
0.000000000000000000e+00
9.386384373487386412e-01
1.654041287836518700e-02
9.386441514594129343e-01
9.386513098903306318e-01
1.653766891199080422e-02
1.654753800490595811e-02
1.653746413723344855e-02
1.652084059683171791e-02
1.654168795528911107e-02
1.652167779898416206e-02
1.654772515569526495e-02
9.386542910131602246e-01
9.386461699712604911e-01
9.386588105928663772e-01
1.654711844320540595e-02
9.386373291880817371e-01
1.653527726293797795e-02
1.652054353943318427e-02
1.654261079571840015e-02
1.653123403536108094e-02
9.386313754918979013e-01
1.653347907635596345e-02
9.386393432659946301e-01
1.653789400067840962e-02
1.654293343325741877e-02
1.159906210115043898e-02
9.386365536449973179e-01
9.386632733296209619e-01
9.563685097261570567e-01
9.386426015459987671e-01
1.653822689638179827e-02
1.654057999981128554e-02
9.386513273411563052e-01
1.654519815775288422e-02
9.386419041447165990e-01
1.654778116696731596e-02
1.654739446124378968e-02
9.386463781316152222e-01
1.653635353957348328e-02
9.386541405101683777e-01
9.386441920565988806e-01
1.655154078756549546e-02
0.000000000000000000e+00
1.655205000018451084e-02
1.654499358856895835e-02
1.653481322767506867e-02
9.386490793081823103e-01
1.655052434741035444e-02
1.654219069927610405e-02
1.653346627326042484e-02
8.498182008807461663e-02
1.654019352452983441e-02
9.386830294885557535e-01
1.654704566442769670e-02
6.103302379216127282e-02
1.653377846697053066e-02
1.651654573794014008e-02
9.386674976127961090e-01
0.000000000000000000e+00
1.653760050904079168e-02
1.654371236618357513e-02
1.653705201577414241e-02
9.386432481114985737e-01
1.654140640856959985e-02
1.654206036291800547e-02
9.386507519822954171e-01
9.386445440088692083e-01
9.386480064418611935e-01
1.655148619207860716e-02
1.654824631775347540e-02
9.386378131675622294e-01
9.386478367338612072e-01
9.386515923342144685e-01
1.654060962914342264e-02
1.654497127188658476e-02
0.000000000000000000e+00
1.654169625580036163e-02
9.386522397862039346e-01
1.654156091965191394e-02
1.653682200433184007e-02
1.654406051978283762e-02
9.386425960416318048e-01
9.386472163471466512e-01
0.000000000000000000e+00
9.386551305514694299e-01
1.653966224395714973e-02
1.653966452445731691e-02
9.386397478958994345e-01
1.654397202066865830e-02
1.654435214202481380e-02
1.654730446584707151e-02
1.653508469877023115e-02
9.386526127033137934e-01
6.107130754473259759e-02
1.653385021467327493e-02
1.653629417719832892e-02
9.386476031416770560e-01
1.653982488556166378e-02
9.386514565243816444e-01
9.386542385863312354e-01
9.386363727526898515e-01
1.653506499858165696e-02
1.653692650805781150e-02
1.653885503409310842e-02
9.386341799538824304e-01
9.386510494327212628e-01
1.653601769806382210e-02
9.386514477856461314e-01
9.386402844973185111e-01
1.654605542438474658e-02
1.653655510329533548e-02
1.654783008360044202e-02
9.386448509725594525e-01
9.386426965325884719e-01
1.654603285268356136e-02
1.649947427465509042e-02
1.654382971729758886e-02
1.654454913487752796e-02
0.000000000000000000e+00
9.778483805676253526e-01
1.653251387421985491e-02
9.386402341111361736e-01
1.654044558292113581e-02
1.654839719913672041e-02
1.653862491749619884e-02
9.386580534480305493e-01
1.654030046762491532e-02
1.654235954274121262e-02
9.386428082992828159e-01
1.654654300319284219e-02
9.386498785643543341e-01
9.386391412328178863e-01
1.654274981459543173e-02
1.652563531782692136e-02
1.653587175435104750e-02
1.086588745257999894e-01
1.653939961312484233e-02
9.386451795843864243e-01
9.386387150130831580e-01
9.386517023712416252e-01
9.386490177303618010e-01
1.655091383808925121e-02
1.653309213397862951e-02
1.653575220134742910e-02
9.386441701748901023e-01
1.654668819163234231e-02
8.498626576505199925e-02
1.654053352535042598e-02
1.653535594020939456e-02
1.653585061894079916e-02
1.652272897674570210e-02
1.654393984743802309e-02
9.386545712254262819e-01
1.654152640918299735e-02
1.654194929678309139e-02
9.386521721562053333e-01
1.654130789292497863e-02
1.654494688014113493e-02
1.654332069050177059e-02
1.654352972775269617e-02
9.386425594927507721e-01
1.653553222884477855e-02
9.386365960630843608e-01
1.652579099949690045e-02
1.158165817161612918e-02
1.654578295809417190e-02
9.386383241931895993e-01
1.653731945135347020e-02
9.386669283571102973e-01
1.654771074430964883e-02
1.654254285089885174e-02
1.653651788008310072e-02
2.308473501818887330e-01
1.653786920478887354e-02
1.654155258789749908e-02
1.654351364212653525e-02
1.654144776682569054e-02
9.386293550131382668e-01
9.386464786222676882e-01
9.386594029166429598e-01
1.653731015024519080e-02
1.654736996812788269e-02
1.654312829758275080e-02
1.653617195354732325e-02
1.654533747316904238e-02
1.654156373875810895e-02
1.653787753976763975e-02
9.386459173406276335e-01
1.654309828304652980e-02
1.653999380728929727e-02
1.653949610882980356e-02
1.654438039536565083e-02
1.653448188238229588e-02
1.654176443192538828e-02
1.653926456534273934e-02
1.654726667558156436e-02
1.653399330263557315e-02
1.654886479313079015e-02
1.653427157467508152e-02
1.655037184505410083e-02
6.872538014143476925e-02
1.654248059392338099e-02
1.654731495351772011e-02
1.653254461649435528e-02
1.653734868313032000e-02
1.650176844278352165e-02
1.653877968813118049e-02
1.653322316380717236e-02
1.654246798378346955e-02
1.654281881279318078e-02
1.654375701166389476e-02
9.386393703264479527e-01
1.653347700369812642e-02
1.654064823856918331e-02
1.653502464325687371e-02
1.654903508863711861e-02
1.653315289691953058e-02
1.652734141886960315e-02
9.386360729588634211e-01
9.386498597053118953e-01
1.654705848173252877e-02
9.386426602021054055e-01
8.497672267017272740e-02
1.654177073638409684e-02
1.653633951052651749e-02
0.000000000000000000e+00
1.654410439151692350e-02
1.653715896520142198e-02
1.655107972447354692e-02
1.653751664298958382e-02
1.652820992960627594e-02
1.654315734426040768e-02
1.654779086179256412e-02
1.654215443656017331e-02
9.386496520262983534e-01
1.653878656142610329e-02
1.160372198138440863e-02
1.654567865914862226e-02
1.653789067530548815e-02
1.654570450407506083e-02
1.653957807900919078e-02
9.386508288116583998e-01
1.654166175605543965e-02
9.386457071268359265e-01
1.654335590263875458e-02
1.653832973053313837e-02
1.653413522833483210e-02
1.653214397594321428e-02
1.654476559653382875e-02
1.654725452002193259e-02
9.386386718267732965e-01
1.654574991143658788e-02
1.653500558336492773e-02
9.386516238480477892e-01
1.654834349403757829e-02
1.653300154990874904e-02
1.654120227407824412e-02
1.653422804491941345e-02
9.386548415130181455e-01
1.654896780097321607e-02
6.106794828885706711e-02
1.654690272260832609e-02
1.655154493100715121e-02
1.654647814364393343e-02
1.654224864985402027e-02
1.654232587557431453e-02
1.655085848518834599e-02
1.654190755472590563e-02
1.654102876232905681e-02
1.654996488833828869e-02
9.386470104620630028e-01
1.653837929249986696e-02
1.654104694736436773e-02
9.386408185889106859e-01
9.386381674334309810e-01
1.654798085983507500e-02
1.654383441040616770e-02
1.652868865563704784e-02
1.654465325180372315e-02
9.386483505862278642e-01
1.654185279462733540e-02
9.386373655690501971e-01
1.158436412890101463e-02
9.386327955756327279e-01
1.654917741030168324e-02
1.653639709950795872e-02
1.653218642903611993e-02
0.000000000000000000e+00
9.386416661625571756e-01
8.490147579605540618e-02
0.000000000000000000e+00
1.654191060400008254e-02
1.654331677846849341e-02
1.654380932002025989e-02
1.652698010195076742e-02
1.654209150917280990e-02
1.653482222414917255e-02
1.654943744256050231e-02
9.386605717141035532e-01
9.386469338407336105e-01
1.653263988830245765e-02
9.386402126498583076e-01
9.386495203351424843e-01
1.654145028171936579e-02
9.386431781429480647e-01
1.653398213760066265e-02
1.653476148301436313e-02
9.386450562795924935e-01
9.386565640483115480e-01
1.654646482533025237e-02
1.653779164020715078e-02
1.655124702857228153e-02
1.653254167862114321e-02
1.653734621793482087e-02
1.653636188325628004e-02
8.497558624413167894e-02
9.386745993038683178e-01
9.386471467874437646e-01
1.653473534874478831e-02
0.000000000000000000e+00
1.653917758740582056e-02
1.654128786964594380e-02
1.653883373325973002e-02
1.653821528520477493e-02
1.654389140742784647e-02
9.386386716902993532e-01
1.653617563863592904e-02
1.655012294586646546e-02
1.654910516069383469e-02
1.655148214043297705e-02
1.653812006474593074e-02
1.654893479641902226e-02
1.653817376891534782e-02
1.654210765607802558e-02
1.654808782208808116e-02
1.653638907157659738e-02
9.386257342006399940e-01
1.653486944554339449e-02
8.286089324089362940e-02
1.655132722130022577e-02
1.653465420080808476e-02
1.654279856408009605e-02
9.386414521958430512e-01
1.653256532680860702e-02
1.655015381528492438e-02
1.654505775692685643e-02
1.654113056470150195e-02
9.386359875804385355e-01
9.861452450090733013e-01
1.654107818011196773e-02
1.653838580913106690e-02
9.386620059797262661e-01
9.386503226250955123e-01
9.386561698140667431e-01
1.653276738774655044e-02
1.656048374317997673e-02
9.386559222700253668e-01
1.654330214667709339e-02
1.653580072707379681e-02
1.654242115215456832e-02
9.386414502182948150e-01
1.654071929648093589e-02
5.548999445733272112e-03
1.654038219294862513e-02
1.654142991571412244e-02
1.654309530916944077e-02
1.654950344440976259e-02
9.386493854916527768e-01
1.654625196924348896e-02
9.386507602777822701e-01
9.386457884777592575e-01
1.158148530468564898e-02
1.653247170298662028e-02
0.000000000000000000e+00
0.000000000000000000e+00
1.156793172564390265e-02
9.386563979461793883e-01
1.654474102715683057e-02
1.654978918520420492e-02
1.653807069242778024e-02
9.386463748883767666e-01
9.386550832552564838e-01
1.156912901312062703e-02
9.386450745611597535e-01
1.653501614079105550e-02
1.654425420077884276e-02
1.653543900250025941e-02
9.861265431253767311e-01
1.659552549862853763e-02
9.386550525255125121e-01
9.386474403204068118e-01
9.833842869886249005e-01
9.386475401342559977e-01
1.652510060495221075e-02
9.386453768197081660e-01
9.386398502062223148e-01
1.654198332500203192e-02
8.499059325032529144e-02
1.086527918287912703e-01
1.654963874543757818e-02
1.653710779016910951e-02
1.654955146874597868e-02
9.386439021833083984e-01
9.386540212973579766e-01
1.654109713774369605e-02
9.386432041814267713e-01
1.653553421544823668e-02
9.386542363042563730e-01
1.654375866463881489e-02
1.654161714414613751e-02
0.000000000000000000e+00
9.386503784168581666e-01
1.655363379608504673e-02
9.386475443751499670e-01
1.653443894964039262e-02
1.653659675418050687e-02
1.653160016009901090e-02
1.653402882089907017e-02
8.463841975600658318e-02
1.654778054505718493e-02
1.654864412596706094e-02
1.654574580464382091e-02
1.654213427413385798e-02
