2.233052052921975505e+00 1.485103281117088114e+00
-1.241213565767030680e+00 -2.263768069389547666e+00
-1.216997679313725600e+00 2.441392722752815381e+00
-2.538382931101696105e+00 5.134244735254920311e-01
2.915459566683831216e-01 2.572649749279436904e+00
1.755428881316201783e+00 3.672998940345881813e-01
1.962454987039595533e+00 -1.758031779140526663e+00
1.368924678727020394e+00 -2.496830157262143413e+00
2.512850556764789189e+00 7.586555047579149891e-01
2.271719215824715032e+00 1.556889445945557560e+00
1.958372506799904489e+00 1.503600948737314535e+00
2.434178567430262063e+00 -1.222409423593588285e+00
-1.960084974898738258e-02 2.618258965575352093e+00
2.455884379923085170e+00 1.042638495579333302e+00
-1.213475510049960127e+00 1.618630272940094983e+00
2.444640969657080554e+00 1.376259016366619514e+00
-5.431324150458639588e-01 2.325681815028725730e+00
1.571499062708001881e+00 2.347215199994141965e+00
-6.991165219608549419e-01 2.712935263365411132e+00
-1.916319892773550082e+00 -2.058091772284473819e+00
-2.071157232578656249e+00 1.996074945170867476e+00
8.878811751354671600e-01 -2.848040111690184339e+00
-1.664041145474381755e+00 9.645725374325812007e-01
7.023530845298824321e-01 -2.451988107302126796e+00
-2.290017843603660563e-01 2.052344828672800769e+00
2.176494354276432119e+00 3.472626670121013726e-02
2.837570008034851377e+00 -4.335897474813408814e-01
7.952402561351282761e-01 -2.754348018553753441e+00
-1.663059174586020816e+00 1.285462987942063373e+00
2.142570125402710524e+00 -3.152319718935311932e-01
2.605467780856423055e+00 1.301107411454004437e+00
2.314762338917891071e+00 -1.265530357701237785e+00
1.317936950702304211e+00 -1.224552730767714870e+00
1.423146945126393614e+00 1.743823433190508032e+00
2.233293546838982291e+00 -6.334009356072434205e-01
2.689725112717141098e+00 -5.835213466120832138e-01
9.725597428776375786e-01 -2.322255183212232676e+00
-4.110538143492908914e-01 1.610747694398995566e+00
2.722955842781392910e+00 3.211662936751845110e-01
-5.243678018350868969e-02 2.511542961158312881e+00
-2.964105027951129956e-01 1.920619896005266503e+00
2.861839345208847973e+00 -8.487747137245900131e-01
7.591983895161001916e-01 2.730903361705401711e+00
-7.922046163845394284e-01 -2.523121320667829348e+00
-3.796469600500295138e-01 -2.055095638194407659e+00
-2.611923620630267617e+00 5.287025560413379788e-01
2.103275368728627637e+00 -1.838134108154972912e+00
6.852586982018504802e-01 2.478725059894923088e+00
2.311070787258656889e+00 -1.359220482462175195e+00
1.156621455436341872e+00 -2.353936832806259538e+00
1.226711983384807692e+00 -1.848649676956202859e+00
-2.036825208681972921e+00 1.869921642795846717e+00
7.168550346937403728e-02 -2.583925967392200818e+00
2.011658911254571525e+00 2.207671830060283502e-01
2.866835896381461968e+00 -7.650720309098404393e-01
1.144228967786016016e+00 2.617388049947244610e+00
-9.023454781179082174e-01 1.291087792489258756e+00
5.927485104315128872e-01 -2.609807157164990787e+00
-1.359271329576345222e+00 1.920803266868308157e+00
1.231497434458592499e+00 1.718207022220540781e+00
-1.675917607309475033e+00 1.856627579314698018e+00
1.268062450343561132e+00 2.369399905765759762e+00
1.420379529396322615e+00 -1.746551736604884830e+00
-3.910611704498818952e-02 2.603497289092027156e+00
-2.176986342192512414e+00 1.121107562338475028e-01
1.890398220611666513e+00 1.450244585068645620e+00
-2.049250499036894269e+00 -2.045485936554308548e+00
-2.682422510871662169e+00 1.178607031596755172e+00
1.388385312244462932e+00 -2.603748096847167570e+00
1.526567337967751903e-01 1.980164129993853717e+00
-2.492758526312267797e+00 1.029211290373957255e-01
1.671316887807181573e+00 1.940747912623876026e+00
-2.216111515980833335e+00 1.987535755395854808e+00
1.398295502634071319e+00 -1.601353126934749405e+00
1.752668948487429157e+00 2.029839864911856750e+00
-2.019057683177408524e+00 6.720983241629961968e-01
-1.543371440323043409e+00 -1.399704117384292346e+00
2.186742577540852661e+00 1.077274635319260820e+00
-5.383495104680301457e-01 1.534776782231636050e+00
1.416627572665795753e+00 1.256365401115934199e+00
-2.553634740735879483e+00 3.165705086601069973e-01
-2.757895134190389008e+00 2.909743345623697075e-01
1.216180393602623422e+00 2.277515589959961506e+00
3.114832397391211760e-01 2.203214591781062381e+00
2.618608449989818787e+00 1.123485045644761815e+00
2.619581703814918949e+00 1.227247983154939215e+00
4.586126375755381068e-02 -2.524470052015564736e+00
-1.545578162299139809e-02 -2.781299109163916317e+00
2.728213388220261049e+00 -9.760173357749661882e-01
2.171984098191764190e+00 -2.155927447269672392e-01
-2.350477159503070457e-01 -2.702716306329347784e+00
-9.842893380452214513e-01 -1.373944526012422118e+00
3.835242934376760227e-01 -2.614787594732823184e+00
2.578953551036727188e+00 8.147810870271213757e-01
5.088271686065367616e-01 -2.360657036680441134e+00
-9.204306332033352911e-01 -2.396038097371713249e+00
-1.021681490446938317e-01 2.695262864254382773e+00
-4.864078878746178614e-01 2.660553265436855774e+00
2.731440499144239809e+00 -3.618434371606389643e-02
1.807259909718867297e+00 -4.459619947983100019e-01
2.971777899563174952e+00 -4.006730832867785308e-01
2.019254771386567615e+00 4.692051526323423594e-01
1.127232345876192809e+00 -2.582385341684651614e+00
-1.708222083424802085e+00 2.409571210853786116e+00
2.446665335005724806e+00 -9.789325730605697995e-01
2.321041167931885862e+00 2.546618654766725220e-01
2.423752370975809534e+00 1.497689118628070082e+00
-9.498361153589424469e-03 -2.819336721728685546e+00
1.896721031681999570e+00 -2.295913825114653584e+00
1.769659287179341733e+00 -1.728869981305407366e+00
9.724626314841003927e-01 -1.556671983318616892e+00
1.829205961098244959e+00 -2.059216544945783323e+00
1.591682041299686379e+00 2.182553872113408566e+00
-2.108536701156378701e+00 2.013197879054805295e+00
2.443031214777419691e-01 -2.108604787572833761e+00
-1.274659499044239253e+00 -2.664603104870965744e+00
1.046673385306001042e-01 -2.466039678253364453e+00
-1.558358321838588578e+00 2.341305057347761842e+00
1.004560757480788213e+00 1.711937360029942345e+00
1.831763961337165236e+00 -1.002098769999027361e+00
-1.853599422823969944e-01 -2.411737364879411594e+00
-1.199228004938576175e+00 2.319466583392717496e+00
-1.560522170267444553e+00 1.328427132679245171e+00
-2.278585589991505067e+00 -1.921163856015223673e-02
-7.218264461314614078e-01 -2.029752926147665448e+00
1.669254932923222690e+00 -1.739167250396098652e+00
1.823307091504744237e+00 1.204287688871675366e+00
7.343029753402221527e-01 -1.621293349385573679e+00
2.188215672871294259e+00 -5.244745901274114885e-01
-5.835853745507659784e-01 2.519372540086672441e+00
-1.146685822753155559e+00 -2.688543858416761800e+00
2.194438973679380123e+00 -1.846226907833186659e-01
-2.093085978304903616e+00 1.420252249606705597e+00
2.522513037113035761e+00 1.364285213156950949e+00
-2.178568561512973289e+00 -1.175336789980929275e+00
-1.610816642645455987e+00 -1.215537908925774513e+00
-1.639229657733688450e+00 -1.713646231801521980e+00
2.774476796318086080e+00 3.317299273980379160e-01
-8.457604952474161442e-01 -2.526512167762669847e+00
1.266091877883600114e+00 -2.664041542298617671e+00
1.745966827475762706e+00 1.694661633209082918e+00
-2.469489695238832605e-01 -2.383319978762693747e+00
1.893699524199642159e+00 -9.449836126153898785e-01
-7.308921118757767399e-01 -1.341305981368046130e+00
2.303578343300552778e+00 1.197107443275818417e+00
1.258168687297607224e+00 2.582671035529597425e+00
-1.767557980611121238e+00 -1.184384584051649592e+00
8.958393687218009216e-01 1.864276838515855905e+00
8.503343443854818329e-01 -2.258388555664836872e+00
1.536213914596730179e-01 -2.368695808717759643e+00
-1.934397915011722979e+00 1.292721924629035291e-01
-1.460101228679285823e+00 2.120258582553181004e+00
-1.082380542333424511e+00 2.255520666356874759e+00
1.354311613718886864e+00 2.666312062055657517e+00
-2.281149621640623515e+00 1.489678465980147415e+00
2.641879739846103803e+00 1.085737269949724193e-01
2.336603439422032746e+00 -7.938987831513598381e-02
-1.040402613436596901e+00 -2.623125051080567260e+00
-9.097129104907578645e-01 2.831662723447520236e+00
1.380602789453868162e+00 1.697702696856566940e+00
9.829347170458805349e-01 2.285271369950521603e+00
-2.663350886559258779e+00 -1.147602051443670890e+00
-2.023761787365752074e+00 1.346316091835268347e+00
-1.988633363734195081e+00 -1.666687272606551362e+00
1.225689418713955758e+00 -2.121888575293874535e+00
2.470446538779582202e+00 -1.121059710509713314e+00
1.984385638856249967e+00 2.120266711231781454e+00
-1.630250221811610611e+00 -1.943566584292578003e+00
1.248079869989503932e+00 -2.704926217207106465e+00
1.667660295125642955e+00 1.962191674230374661e+00
-2.582855694055263829e+00 -8.248325130185719667e-01
-7.194820197691597086e-01 2.395549651061209318e+00
2.297613725738318013e+00 1.626044249801119834e+00
-2.778705895155092476e-01 2.416672382403024955e+00
-2.070573109119913990e+00 1.641568571430495282e+00
2.165517337544431431e+00 1.445961776070640165e-02
-1.702766977622980904e-01 -2.914456298645367927e+00
1.011323781138204897e-01 2.866183109437092202e+00
-2.280884160835324526e+00 5.701049172294596623e-01
-1.526666354616225130e+00 2.240313332939574575e+00
1.166103350275395911e+00 2.005375041543855374e+00
2.001259388902461023e+00 -9.794807188705016987e-01
2.800664422984000534e+00 -7.271249376021710065e-01
-2.911181360119355244e+00 -5.085652425335127624e-01
1.790803401992362875e+00 1.422361109020525705e+00
-2.071179508538942393e+00 -1.483585064270748655e+00
6.868943940712686214e-01 2.319355271539262464e+00
-5.415089165296358420e-01 -2.408931042784059784e+00
2.368386029125568726e+00 1.448761052812736150e+00
1.759425336332079093e+00 -6.486130999025581101e-01
4.545350576647242957e-01 2.755817673885428754e+00
3.174021562709528621e-01 2.283577910105631936e+00
1.379813885140954266e+00 -1.503530572166526191e+00
-2.284670725514798661e+00 5.181665462510045561e-01
1.680514376604653082e+00 -1.604540474291524799e+00
-2.226611418243795715e+00 2.731764581169774386e-01
-1.881289612114357412e+00 3.612389171809583521e-01
-2.000345730360197471e+00 -1.324664088061513256e+00
-1.933052521381868338e+00 4.430894043761637868e-01
-1.946831646035042773e+00 -5.540658178968628222e-01
-1.511799425861352075e+00 1.861170782452225669e+00
-1.099516789919857240e+00 2.524005848692703058e+00
-2.074776739002326398e+00 -1.517993780730992670e+00
1.253727549020052789e+00 2.456822424924625548e+00
-2.237190449995936525e+00 1.418925233432096533e+00
7.695774143084505026e-01 1.887973092832382793e+00
1.831179327132856915e+00 -8.084221550843485593e-01
1.787358910238239673e+00 -1.298494135273023486e+00
-2.045135905313415936e+00 -1.986155791846681673e+00
-8.322715673907600253e-01 -2.051402313519561815e+00
-1.494100177642913918e+00 2.415837551435815023e+00
1.678568465677469979e+00 2.144084914944503151e+00
-2.918437692998594013e+00 -5.243132325213242240e-01
1.135024587155934572e+00 -2.747256372522880685e+00
2.124030796847351077e+00 9.269220481635624953e-01
-8.210471786581561293e-01 2.003816328164011118e+00
-1.004726403889833808e+00 1.916119405111040175e+00
1.770689810505289286e+00 1.687829924889916011e+00
2.747408043687338708e+00 5.321179368096784490e-01
-2.838873534391174402e+00 -6.816158912534593384e-01
-2.510893359724019280e+00 -1.776831002657844882e-01
2.422596773136708848e+00 -1.139995154664937616e+00
2.872017247312126376e+00 7.879330641923247835e-01
-2.185488479782014437e+00 7.301098158692831408e-01
2.410056775688942832e+00 -1.344712979762073379e+00
3.253099221370354677e-01 -2.472481084763783699e+00
4.460046086793360010e-01 -2.813216291748159570e+00
6.254397803595422856e-01 -1.492861885925659937e+00
-1.647833107191015722e+00 1.024141310191647003e+00
1.137896088535381045e+00 -1.686821563473500429e+00
2.924179170283083717e+00 5.690699287865075284e-01
-1.641865163903954095e+00 -2.496710321807451560e+00
-1.363790535126728987e+00 -2.126259760063405224e+00
2.185284522892461556e+00 4.107818895343240406e-01
-2.136927680429293819e+00 -1.277482693384088375e+00
8.867502506923702343e-01 2.313194314899180704e+00
-2.155430734285174399e+00 1.546847721861773994e+00
8.648412532217484294e-01 2.282614936762259905e+00
7.274690216371834106e-01 -2.646381905091270692e+00
2.317163492097245481e+00 5.483385661180565362e-01
-2.531032869238160288e+00 1.116490195220513515e+00
1.622817524532517597e+00 2.429611701798639611e+00
-1.946002805960518334e+00 -1.330287359051226526e+00
2.088713975097091780e+00 -4.987895803646867354e-01
-7.107510304100802534e-01 2.835982296523001711e+00
2.397803330840509339e+00 1.498946257246999370e+00
-1.669164427973335085e+00 -1.820299169071650347e+00
1.842235989212136715e+00 3.841200174830723402e-01
-1.870440481689555012e+00 3.253675370301921665e-01
-1.413180465765256910e+00 -1.001701584583403415e+00
6.351502167488549677e-01 -2.886745660690633208e+00
-1.263025873226700346e+00 -2.438806839499120471e+00
9.001075699499944127e-01 2.355963979438287392e+00
6.151506842619320903e-01 -2.692916860758432840e+00
-1.318760184336020380e+00 1.829040146052967275e+00
4.194416908644135744e-01 2.415013753435409694e+00
-1.497862480697021326e+00 1.370289531545294093e+00
2.097176719517415577e+00 7.087316796743296787e-02
-2.330950746000209239e+00 -1.181758937250997621e-01
2.162153670664861416e+00 2.847307576711198829e-01
2.271026349129884991e+00 2.194559186527365868e-01
-1.319580676580498713e+00 2.503468026028835336e+00
-1.942774936969054567e+00 -4.494975133870722783e-01
2.770857327587734176e+00 4.838285004914598675e-01
9.860130098822122990e-01 -2.147474773450105623e+00
-1.888117318899390717e+00 -1.504225784208866878e+00
-2.359696245196517328e+00 1.388038089926826535e+00
-1.601739357518695117e+00 2.260982369708583573e+00
1.655470565629751922e+00 1.487480007758549272e+00
-1.784571048819150851e+00 1.836127061403984406e+00
-1.604907442191635836e+00 -2.152480995544267195e+00
-2.585339064743878534e+00 -1.443397759355950827e+00
1.847349325515883711e+00 1.207453463085774503e+00
2.146556585087177060e-01 1.759480775659532314e+00
-2.691751533049175471e+00 -2.614072274296965204e-01
1.087442102681533518e+00 -2.002300911447189691e+00
-6.496169280040544614e-01 2.619014537022555267e+00
1.726261741480036305e-01 2.942232418570286612e+00
2.800963731016203329e-01 -2.180685382660197291e+00
-9.180749403095385119e-01 -2.077592229131426826e+00
1.276326721548380227e+00 2.168736276542948538e+00
-7.998918121664517766e-01 2.284817225288682252e+00
-2.025925422874915505e+00 1.984754991434064308e+00
5.804465695609208886e-01 -2.634523694671891292e+00
2.711792375655910359e-01 1.784726626520540815e+00
-1.486905280890007841e+00 -1.742323520457465635e+00
-2.171477044146588042e-01 2.272932976477947786e+00
2.536728589626381591e+00 3.032891787644499404e-01
-1.671706783272205232e+00 1.256231596226512259e+00
1.579812824411757965e+00 9.914480051478915534e-01
2.174063469224932543e+00 1.555308164292324546e+00
-2.401936137705001251e+00 -5.832954561976533281e-01
5.603844184757527103e-01 -2.922689343858120292e+00
-1.439531430289776592e+00 -2.063547068638783788e+00
-3.043451078614740624e-01 -2.865972183611561697e+00
2.063351669280242273e+00 -9.792127910172742089e-01
1.372197918152384677e+00 2.641333233941344005e+00
-1.823631155649424684e+00 1.996137154847717143e+00
2.132811647014962286e+00 1.818510725278492446e+00
1.501943301024946553e+00 -1.124003560260466106e+00
