2.915963166155512501e-02 2.447639269655051741e+00
1.981406234057062621e+00 4.085073824713814084e-02
-2.599736291942955191e+00 1.193298170051952489e+00
2.015353632748208668e+00 -1.734401705845259656e+00
2.201243666533069021e+00 -1.683567062897034283e+00
2.560713274823571250e+00 -6.578478715877071892e-01
-5.671108317965825041e-01 -2.296426578819973141e+00
-1.397571536449524920e+00 -1.387145121481158316e+00
-2.187643229566589298e+00 8.471244060864860925e-01
6.425272441921775490e-02 -1.603650943673499141e+00
1.415385194015553960e+00 1.318634256833040475e+00
7.777942187323693135e-01 2.512137283228074836e+00
1.855030303713941287e+00 1.009888672986579028e+00
1.107561753678212080e+00 -2.391537846319923055e+00
-1.497090951802580117e+00 1.359968120246609180e+00
-2.638380638954801238e+00 1.101752495519170871e+00
-1.642204070852557374e+00 -1.675108474933080682e+00
3.233337638873688413e-01 1.619230034768436965e+00
4.846508492155685577e-01 1.755333832271912753e+00
-4.858258778521317711e-01 -2.220807120942593471e+00
2.524005833800075926e+00 1.760689439966022646e-02
-1.603256936037708691e+00 -1.832513760018497750e+00
-6.332389733231116313e-01 2.323807395722065738e+00
-1.390952479282164367e+00 -2.477965732558972789e+00
1.843021823567936535e+00 -1.952665935524331209e+00
-3.846803261824233156e-01 -2.825310152733341074e+00
-6.466509941087771052e-02 2.980004716709930168e+00
-1.316750715070469646e-01 -2.231010791962270368e+00
1.310261967126955529e+00 -1.751121445384513420e+00
-2.134409556445199474e+00 -9.625601418539737608e-01
-1.502715706601958523e+00 2.285379740716986685e+00
1.999897377692447242e-01 1.865874312240554556e+00
1.886893117011276821e+00 -1.842578455566600049e+00
2.397652695165578329e+00 -1.913198941681666376e-01
2.610221801572333522e+00 -1.324907765027242279e+00
1.022385457175974288e+00 -1.632795838828766888e+00
1.326097191837843470e+00 1.580925577388687886e+00
-8.634471616740633237e-01 -2.140193918112609506e+00
-9.878308281565998383e-01 1.820889763053755495e+00
1.525345197591256863e+00 1.419869426531546797e+00
1.382137195292004517e+00 -2.655326351794376372e+00
-2.484643455535526346e+00 -7.019989633084301461e-01
-1.744142288762381865e+00 -3.801384924230269968e-01
-4.198964094652564150e-01 2.659978730569038330e+00
-1.551516727357668268e-01 -2.643396577728511332e+00
-1.145057482200840582e+00 -1.181535356132726644e+00
-1.402244260142734844e-01 -2.008879686348109761e+00
1.714313758261088338e+00 8.543834683514900386e-01
-2.095388570564867159e+00 -1.233155494233747346e-01
2.153245669538566887e+00 2.063856590235371602e+00
-1.080150395778991745e+00 2.787379989719928286e+00
-1.415071766212415039e+00 8.611409625858876815e-01
-1.731170596104540937e+00 4.291498651826151645e-01
1.714650672234625084e+00 -2.751949444108330867e-01
1.419452890288145364e+00 1.902393602123922722e+00
1.830803227557183277e+00 3.571844878971057735e-01
-1.618111772733582976e+00 1.090094554260147452e+00
1.071576307546058926e+00 -1.122032968312646650e+00
2.403523478603243613e-01 2.052612415809225155e+00
7.850086686281176895e-01 1.427494120044140669e+00
2.209975753355370998e+00 5.988522938202804902e-01
1.579620646027221298e+00 2.277307492219673435e+00
1.585252959841079612e+00 1.787846592391953704e-01
1.436040387305480115e+00 -1.042754739028739053e+00
-1.420575788765645386e+00 1.323388393882316327e+00
6.730913173315719034e-01 -1.901025339775615164e+00
-2.717635719319323462e-01 -2.096557059807198531e+00
6.023794826188662022e-01 1.810071459239795955e+00
1.070680901167491594e+00 -2.039373372544158070e+00
-8.078011372309458205e-01 1.382033912838981360e+00
1.994218942182072407e+00 -1.704255882713195058e+00
1.866422672994072496e+00 -7.083789543967403679e-01
-1.433826137241400511e+00 4.811805317298718521e-01
1.946407358016943645e+00 -3.669505724737555652e-01
-2.082546227572552588e+00 3.847394985748534557e-01
-1.565875882375963091e+00 6.335577898014059794e-01
1.447357825796595110e+00 1.031841680450872323e+00
-1.766186033291861079e+00 -1.166834003649604989e+00
-1.513030955411067024e+00 6.304382111865403093e-01
-5.516606338481510052e-01 -1.628088401891844228e+00
1.842077746338811384e+00 1.488910815239255836e+00
-9.966594014358510778e-01 1.979222141044866712e+00
1.072879646260477271e+00 -1.517919415022928487e+00
2.264983810378408680e-01 -2.001290037085608375e+00
-2.308060073468666928e+00 -5.871704557158934357e-01
-1.459709510479025196e+00 1.244342191626821359e+00
2.665551010490076145e+00 1.533470758073320894e-01
-4.462997675294151367e-01 2.376311465920329713e+00
-1.744342667872574859e+00 3.720224689371208759e-01
1.591933570820169619e+00 -2.168690799386926216e+00
2.129975994935912276e+00 -1.400497890543077384e+00
1.573531438078574540e+00 -1.467706196329017887e+00
-6.132858913169452197e-01 2.548254346245317326e+00
-1.774481959677077780e+00 -2.745499313582941969e-01
-1.786216755313742244e+00 3.363378024257911436e-01
-1.275862658359488533e+00 -1.654244325197047338e+00
1.998489346273520928e+00 -1.863171690936859193e+00
2.820285989296926310e+00 -2.648281260702642914e-01
2.038454010427293017e+00 -6.772631492100182615e-02
-7.997158295233011693e-02 -1.702064623923781550e+00
-1.717432749217836063e+00 1.413945366945159321e-01
1.621644585323754884e+00 1.760655547397914855e+00
-2.709091590359907986e+00 8.116403425358602319e-02
1.897807582633022960e+00 1.321022434414578228e+00
-7.861163176298021638e-01 2.527758320326974673e+00
-1.794263036199146955e+00 5.119374414114017391e-01
7.201965576916322664e-01 1.721165534333903180e+00
1.383508522951779840e+00 -2.395485991521201896e+00
2.154941063807615187e+00 -1.345697735792912964e+00
-9.297025485621193686e-02 -2.356155339761473400e+00
-1.368803138623410742e+00 2.419691611579015689e+00
-2.137513987295463380e+00 6.286649919955752952e-02
5.930617402742808242e-01 1.459100683395318399e+00
1.595751073246767682e+00 1.683082802148840873e+00
-1.304875101790129666e+00 1.002921876564822679e+00
-1.106604408254302507e+00 -1.334194570236150623e+00
-3.689030104716338743e-01 -2.859211318609686803e+00
-1.734141283411680390e-01 -1.624394801098804075e+00
2.010157750643215113e+00 1.047882235163575926e+00
1.445298556310672611e+00 -1.162912915643538714e+00
2.017725027280847350e+00 9.024975047621665025e-01
1.269543831143111978e+00 9.364755636761964430e-01
1.295274900671481877e+00 1.603167299367534104e+00
-4.878415863737862179e-01 1.726836164712419075e+00
-2.023146379686185270e+00 1.718156527455101390e+00
-2.575876992837022872e+00 1.501757728641431311e-01
2.772734328660577674e+00 -6.311174004346448152e-02
-1.824143605193867312e+00 -8.135165314376325840e-01
-8.434395541633394888e-01 1.986665997041427545e+00
2.742511490474346947e-01 2.213833429868298452e+00
-1.831226527927670711e+00 7.066252289352386029e-01
-2.531868577195222514e+00 1.114467855000823793e+00
-1.600058775325785554e+00 -1.336187537326482877e+00
-1.401345271870099385e+00 -2.297663818426191273e+00
-2.262172463308360637e+00 -5.512479226844024804e-01
1.345547970976587848e+00 9.810492472306733269e-01
5.890042959275276074e-02 1.668077089531293078e+00
-6.426687922883674853e-01 -2.183524368574063956e+00
-8.573506264937470478e-01 1.692835233592266730e+00
2.260631852782766238e+00 4.056856305486076786e-01
-7.695897953401014124e-01 2.370271210324327971e+00
-2.393653974230058434e+00 1.676107466929168233e+00
-1.022195586603489081e+00 1.588057551780933663e+00
-1.325395058010600646e+00 -2.634648904379511158e+00
1.010570063674064434e+00 -2.147250096766834648e+00
-4.712142960742765618e-01 2.047292547371279081e+00
1.364269016667802203e+00 -1.970702739444526452e+00
-1.626428122029767609e+00 8.136952561934639450e-01
-1.625548757617703011e+00 2.095947574590910356e-01
8.501572957273005882e-01 2.410500687780877449e+00
1.994452400166855988e+00 -2.175781274054988668e+00
1.646952862150813379e+00 6.805491886720882455e-01
1.629818928534913391e+00 -1.364763481822966806e+00
1.129754602601489522e+00 -1.898237269917188996e+00
1.477643513075490855e-01 -2.296796624133550235e+00
-1.964774928260986986e+00 1.520230832213801120e-01
-2.003058351260295744e+00 -8.341320179360053322e-01
8.246875926565364612e-01 -1.372232153387952458e+00
1.717427314340608913e+00 -1.060348945937195531e+00
-5.748224218656476925e-01 2.648066909043812700e+00
1.487493629112786486e+00 6.568243567539721051e-01
-1.998367284417665646e+00 -2.096968724459153943e+00
-5.813654664624491319e-01 -1.408502222181509778e+00
-1.427625007805109592e+00 9.035286424813491202e-01
-2.069757363081796253e+00 1.792842477507892163e-01
8.420389423408045637e-01 2.195027251516179945e+00
-8.537785187703103018e-01 2.809666034987004846e+00
1.009007169461554776e+00 1.675386202222259424e+00
-6.088728079974052854e-01 -2.286168654663994104e+00
-8.600501537509160910e-01 1.453751414719707258e+00
2.463173999056710972e+00 -1.234356310168792437e+00
-1.486837535794025333e+00 2.178962044615928573e+00
-2.501103989329338972e+00 7.249240323767772720e-01
-2.620311557116397516e+00 -4.832959358861551591e-01
5.132168382415002172e-01 -1.917818158914426752e+00
-2.719492420859332515e+00 -9.642644322339298801e-01
-1.958204812632284408e+00 -4.805284783182304231e-01
1.486856825431439155e+00 -4.488883714643818190e-01
2.100216967979482430e+00 -1.467297601608909874e+00
-2.154084308287087524e+00 -9.169982408022887554e-01
-6.991047209023928399e-01 1.535833256771291566e+00
7.654593024489173558e-01 -1.996718916162482538e+00
-5.093016036255517687e-01 2.781329589309584183e+00
2.622747145303899075e+00 -1.299999436464030822e+00
-2.477285094524694031e+00 -1.242396285959024071e+00
-1.206033057105956097e+00 2.547465195728229492e+00
1.963266762068396565e+00 -3.007320143553408875e-02
-1.818236655340541352e+00 -5.707398054672380150e-01
1.510454788717968899e+00 -8.545513096085557425e-01
2.875734369740668761e+00 -7.982556894632597544e-01
-1.075753066789195911e+00 -2.749247462206470871e+00
2.080966418455470368e+00 -6.494242250760703383e-01
2.554184200548657913e+00 1.107518318343591268e+00
-1.732935423708024558e+00 -1.387518116498569931e+00
-1.988138758324834887e+00 -9.336326505693183231e-01
1.189283969262139529e+00 1.015605750715997679e+00
1.918765860835490500e+00 -5.500553732766206849e-01
2.985710329344427372e+00 -2.043553701254186006e-01
9.996309527504099179e-01 -1.886756467887793276e+00
-1.741950825646842116e+00 1.354475590702973298e+00
-1.525321979055694444e+00 -9.217399245706000555e-01
1.867001876718122233e+00 -1.429574756392177459e+00
-1.463848082687833729e+00 7.110755472901035823e-01
1.613013379394721003e+00 -6.621289667835291715e-01
-1.102038262154114934e+00 -2.740482035550288131e+00
-2.214373348041140055e+00 1.871578417867080013e+00
-1.718855764137220188e+00 -3.003420147399434859e-01
-1.748053373006636768e+00 1.268873396481269955e+00
-2.122911896857207825e+00 -1.416509843672481561e-01
-1.304238814486237130e+00 -8.426323472327105213e-01
-4.541310807626522394e-01 1.460867220169076441e+00
4.232487998255266004e-01 2.689897164827852460e+00
1.039756806959039492e+00 1.364727801950671449e+00
2.712149184169527771e+00 -8.167404455974273114e-01
-1.689106318028692488e+00 -7.283164920923552721e-01
2.244855684230755433e+00 5.681842365528189109e-01
-2.943753011964007626e+00 -2.492956455043696118e-01
-1.681436387614442474e+00 -1.650483572464744197e+00
8.476020717974783736e-01 2.406067909221364598e+00
2.372355838515741500e+00 -1.345032834183860659e+00
-1.561863502110171664e+00 -1.295899634800718347e+00
-1.807112919369767035e+00 1.488335942629128494e+00
-8.457793935552981868e-01 -1.912050014895975592e+00
-1.336349018368781394e+00 -2.009665471977792883e+00
2.172682766289814271e+00 1.057485384072979429e+00
1.463331156479298567e+00 3.992747589499068273e-01
-2.898401136544750845e+00 8.783461015785666570e-02
1.512909897664123315e+00 -2.537745705678376318e+00
1.589115928999847105e+00 -9.558190203621910186e-01
2.021626466611157635e+00 -1.584264635281050548e+00
-2.153192184561382838e+00 -1.320498734058578982e+00
1.041293877668552303e+00 1.255685601165921428e+00
9.301465935508191896e-01 1.456615271499889452e+00
3.033254370129720989e-01 -2.734442147232663878e+00
2.776796880329078121e+00 -6.137501329822585561e-01
-2.147778022778212836e+00 -1.115942977661590785e+00
-1.092802926968761357e+00 -1.581368610910867112e+00
2.342169807572207940e+00 -7.829070153435406798e-01
-3.698654326605518849e-01 -1.811685760221308561e+00
-1.679704743838733583e+00 1.058499210550034597e+00
-1.628130547177871534e+00 -7.744700252379487226e-01
-9.080379159770605169e-01 -2.685718356999153844e+00
-7.893774959209385322e-01 -1.688829639951618722e+00
-1.877804694220429615e+00 -2.174449165352194235e+00
2.333077970558308678e+00 2.874265210744189614e-01
-1.306145067273855709e+00 8.057854861105164801e-01
-1.577431685372251646e+00 -6.543952665194677776e-01
-1.934406753310004223e+00 1.951533192670404038e+00
2.047955895798792558e-01 -1.567680860883569061e+00
-8.357633347440057703e-01 -1.278083215205411349e+00
-7.616428281459086680e-01 2.596287774332390885e+00
1.024628356408866514e+00 1.860744495170398860e+00
-1.438320629701186570e+00 6.781209530778069539e-01
-1.702184492500016244e-01 -1.801006388098625566e+00
1.970294132346812832e+00 -3.948131103756050697e-01
-1.465529772773543460e+00 -2.010084251831745217e+00
-2.473110153153366575e+00 7.646850098385064021e-01
-2.003608854010430651e+00 -5.854815142141444051e-01
1.760862808313498284e+00 1.671412223169187472e+00
-2.542013214948594779e+00 5.088241036850447152e-01
-1.765217454843549527e+00 -2.157388950866086397e+00
-1.510479536768587705e+00 1.343002023469109574e+00
1.209493081020845517e+00 1.253427079853393744e+00
-1.495764282126716527e+00 -2.781580302608525623e-01
1.345515105102383702e+00 1.203296835423471656e+00
4.475736915194732379e-01 2.714582927034957294e+00
-1.913612121140918054e+00 -3.440583659571677111e-01
1.771212230590940129e+00 1.027265634130009264e+00
2.281919224332973783e+00 1.886865891833589215e+00
1.076177938664182543e+00 -1.679252130271531085e+00
2.912673507825966457e+00 2.165643130357747248e-01
-7.671635122956684816e-01 2.644944896713840699e+00
2.077045343697370594e+00 -1.965091222722097131e+00
-7.847898303707731005e-01 -1.353590016872012081e+00
4.620078914958853367e-01 2.667909287881467861e+00
-2.027416507268673840e+00 -1.219509889527669477e+00
3.466030819034071619e-01 1.645421428093744476e+00
2.675392167758378736e+00 -1.256728776013487092e+00
1.033040041539087017e+00 1.591791259990823049e+00
2.249519033939431090e+00 2.293110792247527174e-01
9.258486412098477780e-01 -1.353535918925532489e+00
-1.414533776277888455e+00 -1.277175208231511983e+00
1.314670008969756054e+00 -2.326320805454207274e+00
-1.922728579507408941e+00 1.861240255246506159e+00
1.903879974115675333e+00 7.638109441806287814e-01
4.942895144491635806e-01 2.557686054603021564e+00
-1.129716040830615720e+00 -1.589492493236101867e+00
-9.968403924381593617e-01 -1.145856616674469475e+00
-1.815326109635329699e+00 1.730868437250956848e+00
2.511155396766577397e+00 -1.022628554952144331e+00
-1.640583144244495584e+00 2.497966295714011409e+00
1.094105169686027557e+00 -2.102952644742458688e+00
2.197502824629758766e+00 -1.054595989288524160e+00
-2.496045055232828602e+00 4.797761308170059996e-02
-2.012304684467993265e+00 1.808358273512791214e+00
8.161477807260619777e-01 -1.356251814204930239e+00
-2.433044754058205417e+00 -4.625024749014254311e-01
1.374591874381510648e+00 2.354714121890919110e+00
1.239177998789369406e+00 -2.636010225871598056e+00
1.122969205840043339e+00 2.757330609204613037e+00
