-3.286939612751479611e+00 -1.900709823314423175e-01
-2.822542468153807604e+00 1.299734984861932618e+00
-1.122096676316905128e+00 -1.595273817893052559e+00
-2.757592204395013624e+00 1.573945472053185579e+00
-3.038696379083920540e+00 8.113442853422836443e-01
-1.380286921676360024e+00 -1.661407539048786353e+00
-3.198407881108535022e+00 -7.889407231605579662e-01
-1.789603434852337083e+00 1.971721621142963787e+00
-3.368337751955390758e+00 -9.513762612566559751e-01
-3.498879278541410009e+00 1.953746636447099838e-02
-1.258115125993834571e+00 1.541243111343299610e+00
-2.238044443464576538e+00 -1.465697265207023037e+00
-1.671778653776339718e+00 1.802501348653671176e+00
-3.587518719569974035e+00 6.725399253845683045e-01
2.142562361598414622e-01 -1.832801284722181470e-02
-2.517314304423168725e+00 -1.516295946058599187e+00
-4.586064922508124031e-01 1.066128057490905556e+00
-3.304713858197633414e+00 -1.229151920469235826e+00
-2.225807540244488791e-01 6.169013152665351329e-01
-2.894083488798846471e+00 -1.269697688731873386e+00
-1.649534384025668210e-01 -5.134076255367827635e-01
-3.547526450340832582e+00 5.656544584236637974e-01
-2.949965102046580245e+00 -1.355845681129569158e+00
-3.952001809388892006e-01 1.290545030308579699e+00
-3.030290488216603961e+00 9.932136513471609973e-01
-3.198796249850730966e+00 -6.065061444351708131e-01
-8.555678782904996282e-01 1.253268789004232442e+00
-2.498681115694649346e+00 1.818793805270040753e+00
-9.219332371899782164e-01 1.291680970865899614e+00
-3.663805816193865805e+00 -3.603292795106875501e-01
-1.284407000924936426e+00 1.631542651710755187e+00
-1.442178435796506841e+00 -1.718225975532823080e+00
-3.657757841569111434e-01 -1.070414736938553046e+00
4.931620168988248842e-02 1.642773872635071575e-01
-3.463643493454007238e-01 -1.064771467228136981e+00
-1.518618541113218701e+00 1.827607107473100845e+00
-1.040561700152820901e+00 1.476721262631387699e+00
-1.773826930773321875e+00 1.641773716685074325e+00
-3.543130979232640421e+00 -6.534227899559920116e-01
-2.511466767126442345e-01 3.666906873414810253e-01
-3.532750877310927073e+00 8.345839857411824214e-01
-3.460590742913250306e+00 2.434765198993103230e-01
-2.770891395134868596e+00 -1.262947571850487893e+00
1.261881726292157779e-01 -9.741066311564748614e-02
-2.384379433106415647e+00 1.813157511267115440e+00
-5.997189162788227890e-01 -1.273132384990084631e+00
-2.209905739415114034e+00 -1.626179630539049237e+00
-6.777214508988018693e-01 -1.068070340817756980e+00
-2.417126601404961939e-02 8.413569014362606291e-01
-2.842267943855643075e-01 6.751635743879175200e-01
-2.887712887304101805e+00 -9.885801802989208076e-01
-2.530938653344203981e+00 1.380707288348156592e+00
-3.332989402726964201e+00 1.058743936854523726e+00
-3.208239270398971499e-01 -9.893099069939743639e-01
-1.273747629783268387e+00 1.671400617424531498e+00
-2.348734690759526345e+00 -1.823494238210926932e+00
9.421561691874180688e-02 -2.045207168529312447e-01
-3.242732934001943956e-01 1.249175369511472899e+00
-3.058794256267425737e+00 -1.209681776566452482e+00
-3.520056895408407716e+00 -2.342732436694718035e-02
-2.989085330903977322e+00 1.084365209326107804e+00
-3.580813029032349881e+00 -5.490876139059586158e-01
-2.179867798745143581e+00 -1.651746576539438127e+00
-1.014116106976013842e+00 -1.490577074176296035e+00
-1.293302287387500860e+00 -1.731837596115135103e+00
-3.471154470540370518e+00 -9.018166572217279908e-01
-3.967272599970472768e-02 1.022426086706380133e+00
-3.337000116116335402e+00 -8.998557449498190142e-01
-1.265713939889775208e+00 -1.914103290592248818e+00
-1.163026898511885232e-01 5.949458947599994829e-01
-2.710950855720605901e+00 1.275105198717301436e+00
-1.024487283398326065e+00 1.612821770843712921e+00
-9.385107670218550968e-01 -1.465151721748004343e+00
-2.776604453173157516e+00 -1.423331345411770199e+00
-3.042855713091670466e+00 7.860870037598426396e-01
-1.388408396592994087e+00 1.682542159996582631e+00
-3.402352056304055683e+00 -5.187112206261924596e-01
-2.245721087286091322e+00 -1.726519536976694802e+00
-1.847361209447186736e+00 -1.541443718744749392e+00
-2.769907482690754819e+00 -1.309372319743728363e+00
-3.815373525572574032e-02 -7.973220882423751599e-01
-2.439360781118842691e+00 -1.445887514839482746e+00
-1.347193516392640289e+00 -1.519399665383735387e+00
-1.954532435737805773e-01 -1.190815010677790609e+00
-6.738488039731502788e-01 -1.381019417591484277e+00
-3.221137623799353200e+00 -3.751402847506511984e-01
-9.854195709884597809e-01 1.632160488038897350e+00
-1.005816228046227945e-01 -2.130962967181029011e-01
-2.012126090745487428e+00 -1.922458187986775036e+00
-1.240218808702786557e-01 1.029261620937382604e+00
-6.476949705291339399e-01 1.487914606497086512e+00
1.930560705566821689e-01 2.473063951627949009e-01
-1.599053321235421432e+00 1.647647426246066082e+00
-1.969614573165288096e-01 -1.075440573064728511e+00
-3.958439933328867788e-01 7.362902828605344396e-01
-3.359348066189120630e+00 1.180083968179720770e-02
-4.794730602027292843e-01 -1.334680786206134728e+00
-2.213199722341960829e-01 -4.144074258808038147e-01
-2.946325642208431628e-01 4.722421792583437195e-01
-1.694981699255593277e-01 -4.199810527366292234e-01
4.566302276411886574e-01 -1.158979281288545771e+00
4.152313793913693374e-01 -1.121235730713338707e+00
2.347720974391389159e+00 -1.816900293229522179e+00
3.624703454162512273e+00 3.838089531370370011e-01
3.289486183580071277e+00 6.479357636939494514e-01
3.293378975044554124e+00 -8.268021282111523984e-01
1.156305288229511063e+00 -1.562525822403127540e+00
1.041257719742074705e+00 1.407042347219080947e+00
4.404287436200930994e-01 1.045284796454418963e+00
6.994341278702040920e-01 1.083903615040747948e+00
2.484820435152825802e+00 1.614138740175462106e+00
3.111364534148595595e+00 -9.911774966869284498e-01
2.745682239488313137e+00 1.524219682024639422e+00
3.061824822160941206e+00 -9.990463127447440916e-01
3.290653678148910188e+00 5.154363545620389564e-01
2.549183509487802368e-01 -6.984967834536343068e-01
1.045479288442006771e+00 -1.684336866559921431e+00
3.088699826282444771e+00 1.422213386444725280e+00
3.019271949002503952e+00 1.200854299492006172e+00
2.618305467875133630e+00 1.420157435670208912e+00
2.323435742962165484e-02 -6.563749131206623177e-01
2.689986564941560854e+00 -1.226742511464028240e+00
1.738159161193530755e+00 1.860996497857249965e+00
2.476155194025728257e+00 -1.522445937634925084e+00
3.314127879471743032e+00 1.004806163546542175e+00
2.002937134424469967e+00 1.917731390782006606e+00
1.531117181719020559e+00 -1.717470843592130425e+00
2.052456238169056757e+00 1.656949089497365302e+00
2.253983217414972984e+00 1.746010248314076918e+00
2.601574852543971694e+00 -1.448839561176910484e+00
3.503802133609490443e+00 1.697896468519219382e-02
8.134244653701685479e-01 1.403155142790431409e+00
3.393014873806595055e+00 1.115271923074226068e+00
7.236250143507809707e-01 1.459530962287358902e+00
2.449737403392461488e+00 -1.719449059137657665e+00
1.286688500420639647e+00 1.715558310343744841e+00
3.246989748239261342e+00 -1.250106598883617748e+00
-1.018953475638111339e-01 -1.371014224341224608e-01
1.380889906454096927e-01 -6.321799185928362874e-01
7.635169529904493047e-01 -1.533664012525900677e+00
2.495149341771065288e+00 -1.352115848180165836e+00
1.105142833056547147e-01 -6.063773273367340649e-02
2.789752142769275522e+00 1.125823353814202621e+00
3.430779128523253618e+00 -1.004123267116987295e+00
3.436831799694509471e+00 1.550319537570852280e-01
1.913151571858547229e+00 1.576398562388349855e+00
2.104163268938384235e+00 1.477366091764038325e+00
1.038876141691304600e+00 1.709876106826209163e+00
2.610303689441084707e-01 -4.208619078160390492e-01
1.880665609735235444e+00 1.507738906452651628e+00
1.934645543175605109e+00 -1.595515003042592195e+00
3.518965602537064363e+00 -3.232628792732436529e-01
9.968954401824370315e-02 -1.064369060348713480e+00
1.892503780464758201e-01 9.515383828344095019e-01
2.491969946949943449e+00 -1.327191907928743309e+00
6.499772925966336157e-01 1.557120587549396751e+00
3.367541017135926573e+00 2.868432863922276144e-01
1.083732314613751413e+00 -1.502934346594113402e+00
3.161554327062398251e+00 1.208994027982215558e+00
9.440241934023599901e-01 -1.407782670813505055e+00
2.573880763779138547e+00 1.303248926643750361e+00
1.502419663927032634e-01 -7.390879296608153792e-01
2.274570847913774951e-01 -8.598340984741974502e-01
9.119821197851558647e-01 1.459155600820806864e+00
2.624894472802668854e+00 -1.742693582032467159e+00
3.078264480418090088e+00 -1.203460820468472470e+00
8.027593507708273846e-01 -1.243134077525833048e+00
9.427647432123997806e-01 -1.711570607369972796e+00
3.131693096850751701e+00 -1.146591710138955333e+00
3.127134823007154729e+00 1.205543793196192537e+00
2.814346122158700503e+00 1.468028946946647428e+00
1.578085518005218013e+00 1.656618000569635374e+00
3.266673285222511325e+00 7.532503461907945619e-01
1.315035023488529964e+00 1.783951550143197728e+00
2.501624606808356965e-01 4.425750903465073827e-01
8.187728330336597748e-01 1.633303445582306557e+00
1.660088550956185793e+00 -1.752064987198532542e+00
3.166638047580295101e+00 -6.204089485512113145e-01
-8.902445251779300683e-02 7.019169821887236704e-01
3.324958865064279845e+00 8.478561660571661829e-01
-2.092625435843586956e-02 -3.355502686816699831e-01
2.501141937197569387e+00 1.700065668116396367e+00
3.437244149887660249e+00 -7.207306745234637324e-01
2.199068312339200748e-01 1.628543371787912475e-01
3.316180907447087822e+00 -6.864912520442977284e-01
3.589893827154707395e+00 -1.647950223489029753e-01
6.577719721664634367e-01 1.317627084438270701e+00
2.239791898376393586e+00 1.562614762124335144e+00
3.317937965978125625e+00 2.974225374236952879e-01
1.938122372749071509e-01 -5.457384335407949871e-01
2.586278741234242506e-01 4.843484890804967691e-01
2.764648251609071572e+00 1.272477115102087275e+00
3.683587309776702234e+00 3.036782735270212030e-01
1.682844901799318560e-01 3.787851541694177149e-01
2.523324239253293300e+00 -1.836056299579738704e+00
3.634571022867108869e+00 -2.754968835140862438e-01
3.436449724939836248e-01 -5.634120623201621658e-01
1.583196333801649036e+00 1.539552085911069845e+00
3.246642852863960371e+00 -9.827991531255818591e-01
1.902197706906454844e+00 -1.536643672999911781e+00
