0.002246
0.002246
-0.072094
-0.072094
-0.053026
-0.049033
0.221941
0.221941
-0.150740
-0.161226
-0.559778
-0.554384
-0.049033
-0.027516
-0.027516
0.362908
0.362908
-0.502586
-0.502586
0.353495
0.362908
0.112694
0.112694
0.278630
0.278630
0.267748
0.265065
-0.040822
-0.040822
-0.517517
-0.531611
0.317639
0.323932
-0.058553
0.348041
0.348041
-0.012293
-0.018367
0.368182
0.092868
0.278630
0.017494
0.011015
-0.517517
-0.517517
-0.136876
-0.217847
-0.203033
0.242395
0.245755
-0.203033
0.337081
0.330350
-0.076339
0.149205
0.154865
0.256545
0.249783
-0.302489
-0.328989
-0.217847
-0.056772
-0.063356
0.330350
0.348041
0.074064
0.074064
0.208726
0.074064
0.246461
0.371266
-0.294939
-0.282958
-0.458088
-0.462678
0.221941
0.021928
-0.209908
-0.559232
-0.032830
-0.397051
0.256545
0.058634
-0.438146
-0.217847
-0.150740
-0.106784
-0.517517
0.216709
0.021928
0.040746
0.229671
0.249178
-0.095461
0.309582
-0.081478
-0.189231
0.143179
0.169220
0.393925
